timestamp,service,instance_id,metric_family,source,value
1776461623.63,ad,ad-7fb5b4f859-52ks9,cpu_usage,container_cpu_usage,0.002623792756204652
1776461623.63,ad,ad-7fb5b4f859-52ks9,memory_usage,container_memory_working_set_bytes,260333568.0
1776461623.63,ad,ad-7fb5b4f859-rd4zw,cpu_usage,container_cpu_usage,0.0013227230821519402
1776461623.63,ad,ad-7fb5b4f859-rd4zw,memory_usage,container_memory_working_set_bytes,238239744.0
1776461623.63,ad,ad-7fb5b4f859-zsstr,cpu_usage,container_cpu_usage,0.004275707575574947
1776461623.63,ad,ad-7fb5b4f859-zsstr,memory_usage,container_memory_working_set_bytes,261701632.0
1776461623.63,ad,ad::service,pod_restart_count,k8s_container_restarts,3.0
1776461623.63,ad,ad::service,pod_running_count,k8s_container_ready,3.0
1776461623.63,cart,cart-7c7496d7f-th7mc,cpu_usage,container_cpu_usage,0.07224791510179299
1776461623.63,cart,cart-7c7496d7f-th7mc,memory_usage,container_memory_working_set_bytes,63328256.0
1776461623.63,cart,cart::service,pod_restart_count,k8s_container_restarts,1.0
1776461623.63,cart,cart::service,pod_running_count,k8s_container_ready,1.0
1776461623.63,checkout,checkout-7f4ccfc547-6crwh,cpu_usage,container_cpu_usage,0.12214921735870185
1776461623.63,checkout,checkout-7f4ccfc547-6crwh,memory_usage,container_memory_working_set_bytes,15454208.0
1776461623.63,checkout,checkout-7f4ccfc547-ftx2n,cpu_usage,container_cpu_usage,0.0004381026393806054
1776461623.63,checkout,checkout-7f4ccfc547-ftx2n,memory_usage,container_memory_working_set_bytes,12005376.0
1776461623.63,checkout,checkout-7f4ccfc547-qlfgr,cpu_usage,container_cpu_usage,0.07011818228816628
1776461623.63,checkout,checkout-7f4ccfc547-qlfgr,memory_usage,container_memory_working_set_bytes,14725120.0
1776461623.63,checkout,checkout::service,pod_restart_count,k8s_container_restarts,45.0
1776461623.63,checkout,checkout::service,pod_running_count,k8s_container_ready,3.0
1776461623.63,email,email-5dcf48b665-66zvj,cpu_usage,container_cpu_usage,0.016363234900527213
1776461623.63,email,email-5dcf48b665-66zvj,memory_usage,container_memory_working_set_bytes,59334656.0
1776461623.63,email,email-5dcf48b665-9xxmx,cpu_usage,container_cpu_usage,0.0004475583997990044
1776461623.63,email,email-5dcf48b665-9xxmx,memory_usage,container_memory_working_set_bytes,56242176.0
1776461623.63,email,email-5dcf48b665-n4zf2,cpu_usage,container_cpu_usage,0.009476289209442903
1776461623.63,email,email-5dcf48b665-n4zf2,memory_usage,container_memory_working_set_bytes,54575104.0
1776461623.63,email,email::service,pod_restart_count,k8s_container_restarts,9.0
1776461623.63,email,email::service,pod_running_count,k8s_container_ready,3.0
1776461623.63,frontend,frontend-b78bf7696-6bjdg,cpu_usage,container_cpu_usage,0.06875784040251548
1776461623.63,frontend,frontend-b78bf7696-6bjdg,memory_usage,container_memory_working_set_bytes,119721984.0
1776461623.63,frontend,frontend-b78bf7696-77ldd,cpu_usage,container_cpu_usage,0.10214288247027965
1776461623.63,frontend,frontend-b78bf7696-77ldd,memory_usage,container_memory_working_set_bytes,104488960.0
1776461623.63,frontend,frontend-b78bf7696-p9kqx,cpu_usage,container_cpu_usage,0.11289627086454933
1776461623.63,frontend,frontend-b78bf7696-p9kqx,memory_usage,container_memory_working_set_bytes,117559296.0
1776461623.63,frontend,frontend::service,pod_restart_count,k8s_container_restarts,3.0
1776461623.63,frontend,frontend::service,pod_running_count,k8s_container_ready,3.0
1776461623.63,kafka,kafka-66df8bdf76-zjcbb,cpu_usage,container_cpu_usage,0.017794876120189006
1776461623.63,kafka,kafka-66df8bdf76-zjcbb,memory_usage,container_memory_working_set_bytes,665063424.0
1776461623.63,kafka,kafka::service,pod_restart_count,k8s_container_restarts,9.0
1776461623.63,kafka,kafka::service,pod_running_count,k8s_container_ready,1.0
1776461623.63,kafka,kafka::service,queue_lag,queue_size_ratio,0.0
1776461623.63,payment,payment-f9f8d647b-74h8z,cpu_usage,container_cpu_usage,0.013784917728092648
1776461623.63,payment,payment-f9f8d647b-74h8z,memory_usage,container_memory_working_set_bytes,108539904.0
1776461623.63,payment,payment-f9f8d647b-75hmx,cpu_usage,container_cpu_usage,0.012554059504234957
1776461623.63,payment,payment-f9f8d647b-75hmx,memory_usage,container_memory_working_set_bytes,109879296.0
1776461623.63,payment,payment-f9f8d647b-tv6l5,cpu_usage,container_cpu_usage,0.006606670892808803
1776461623.63,payment,payment-f9f8d647b-tv6l5,memory_usage,container_memory_working_set_bytes,99205120.0
1776461623.63,payment,payment::service,pod_restart_count,k8s_container_restarts,39.0
1776461623.63,payment,payment::service,pod_running_count,k8s_container_ready,3.0
1776461623.63,product-catalog,product-catalog-784544475c-7crs7,cpu_usage,container_cpu_usage,0.0005167545804347256
1776461623.63,product-catalog,product-catalog-784544475c-7crs7,memory_usage,container_memory_working_set_bytes,14180352.0
1776461623.63,product-catalog,product-catalog-784544475c-8skc7,cpu_usage,container_cpu_usage,0.05889653077167941
1776461623.63,product-catalog,product-catalog-784544475c-8skc7,memory_usage,container_memory_working_set_bytes,14860288.0
1776461623.63,product-catalog,product-catalog-784544475c-stwzc,cpu_usage,container_cpu_usage,0.09042788806506223
1776461623.63,product-catalog,product-catalog-784544475c-stwzc,memory_usage,container_memory_working_set_bytes,14946304.0
1776461623.63,product-catalog,product-catalog::service,pod_restart_count,k8s_container_restarts,35.0
1776461623.63,product-catalog,product-catalog::service,pod_running_count,k8s_container_ready,3.0
1776461623.63,recommendation,recommendation-5b46f7469c-g2rgb,cpu_usage,container_cpu_usage,0.011604885169832624
1776461623.63,recommendation,recommendation-5b46f7469c-g2rgb,memory_usage,container_memory_working_set_bytes,46780416.0
1776461623.63,recommendation,recommendation-5b46f7469c-rjwxq,cpu_usage,container_cpu_usage,0.02087569762693435
1776461623.63,recommendation,recommendation-5b46f7469c-rjwxq,memory_usage,container_memory_working_set_bytes,47812608.0
1776461623.63,recommendation,recommendation-5b46f7469c-t2fm9,cpu_usage,container_cpu_usage,0.03322102943267041
1776461623.63,recommendation,recommendation-5b46f7469c-t2fm9,memory_usage,container_memory_working_set_bytes,52527104.0
1776461623.63,recommendation,recommendation::service,pod_restart_count,k8s_container_restarts,3.0
1776461623.63,recommendation,recommendation::service,pod_running_count,k8s_container_ready,3.0
1776461633.63,ad,3a8b9295-6ae2-4e8a-b9b0-a607d7fec0a4,dependency_error_ratio,trace_client_error_ratio,0.0
1776461633.63,ad,3a8b9295-6ae2-4e8a-b9b0-a607d7fec0a4,error_ratio,trace_server_error_ratio,0.0
1776461633.63,ad,3a8b9295-6ae2-4e8a-b9b0-a607d7fec0a4,request_count,trace_server_count,0.0
1776461633.63,ad,5680c7ee-584c-4353-b6d2-93bc605a0324,dependency_error_ratio,trace_client_error_ratio,0.0
1776461633.63,ad,5680c7ee-584c-4353-b6d2-93bc605a0324,error_ratio,trace_server_error_ratio,0.0
1776461633.63,ad,5680c7ee-584c-4353-b6d2-93bc605a0324,request_count,trace_server_count,0.0
1776461633.63,ad,9f9a3c1c-bd3f-40ea-8764-b59f1ebd2204,dependency_error_ratio,trace_client_error_ratio,0.0
1776461633.63,ad,ad-7fb5b4f859-52ks9,cpu_usage,container_cpu_usage,0.0031925122004457193
1776461633.63,ad,ad-7fb5b4f859-52ks9,memory_usage,container_memory_working_set_bytes,260333568.0
1776461633.63,ad,ad-7fb5b4f859-rd4zw,cpu_usage,container_cpu_usage,0.0009801931739590265
1776461633.63,ad,ad-7fb5b4f859-rd4zw,memory_usage,container_memory_working_set_bytes,238239744.0
1776461633.63,ad,ad-7fb5b4f859-zsstr,cpu_usage,container_cpu_usage,0.004275707575574947
1776461633.63,ad,ad-7fb5b4f859-zsstr,memory_usage,container_memory_working_set_bytes,261701632.0
1776461633.63,ad,ad::service,pod_restart_count,k8s_container_restarts,3.0
1776461633.63,ad,ad::service,pod_running_count,k8s_container_ready,3.0
1776461633.63,cart,cart-7c7496d7f-th7mc,cpu_usage,container_cpu_usage,0.07426375694297652
1776461633.63,cart,cart-7c7496d7f-th7mc,memory_usage,container_memory_working_set_bytes,63328256.0
1776461633.63,cart,cart::service,pod_restart_count,k8s_container_restarts,1.0
1776461633.63,cart,cart::service,pod_running_count,k8s_container_ready,1.0
1776461633.63,cart,f1f3afac-3031-4c18-925a-048232421d89,dependency_error_ratio,trace_client_error_ratio,0.0
1776461633.63,cart,f1f3afac-3031-4c18-925a-048232421d89,error_ratio,trace_server_error_ratio,0.0
1776461633.63,cart,f1f3afac-3031-4c18-925a-048232421d89,request_count,trace_server_count,0.0
1776461633.63,checkout,4755bdbd-5ad9-49fa-acb7-3a7dcb6a9277,dependency_error_ratio,trace_client_error_ratio,0.0
1776461633.63,checkout,4755bdbd-5ad9-49fa-acb7-3a7dcb6a9277,error_ratio,trace_server_error_ratio,0.0
1776461633.63,checkout,4755bdbd-5ad9-49fa-acb7-3a7dcb6a9277,request_count,trace_server_count,0.0
1776461633.63,checkout,bb49e6b9-109a-41b8-be66-ab2a38272474,dependency_error_ratio,trace_client_error_ratio,0.0
1776461633.63,checkout,bb49e6b9-109a-41b8-be66-ab2a38272474,error_ratio,trace_server_error_ratio,0.0
1776461633.63,checkout,bb49e6b9-109a-41b8-be66-ab2a38272474,request_count,trace_server_count,0.0
1776461633.63,checkout,bc5804df-6f63-4261-8788-8ecfe5481366,dependency_error_ratio,trace_client_error_ratio,0.0
1776461633.63,checkout,bc5804df-6f63-4261-8788-8ecfe5481366,error_ratio,trace_server_error_ratio,0.0
1776461633.63,checkout,bc5804df-6f63-4261-8788-8ecfe5481366,request_count,trace_server_count,0.0
1776461633.63,checkout,checkout-7f4ccfc547-6crwh,cpu_usage,container_cpu_usage,0.12914114240459323
1776461633.63,checkout,checkout-7f4ccfc547-6crwh,memory_usage,container_memory_working_set_bytes,15454208.0
1776461633.63,checkout,checkout-7f4ccfc547-ftx2n,cpu_usage,container_cpu_usage,0.00038985101920078596
1776461633.63,checkout,checkout-7f4ccfc547-ftx2n,memory_usage,container_memory_working_set_bytes,12005376.0
1776461633.63,checkout,checkout-7f4ccfc547-qlfgr,cpu_usage,container_cpu_usage,0.07011818228816628
1776461633.63,checkout,checkout-7f4ccfc547-qlfgr,memory_usage,container_memory_working_set_bytes,14725120.0
1776461633.63,checkout,checkout::service,pod_restart_count,k8s_container_restarts,45.0
1776461633.63,checkout,checkout::service,pod_running_count,k8s_container_ready,3.0
1776461633.63,email,email-5dcf48b665-66zvj,cpu_usage,container_cpu_usage,0.016363234900527213
1776461633.63,email,email-5dcf48b665-66zvj,memory_usage,container_memory_working_set_bytes,59334656.0
1776461633.63,email,email-5dcf48b665-9xxmx,cpu_usage,container_cpu_usage,0.00042713753275109315
1776461633.63,email,email-5dcf48b665-9xxmx,memory_usage,container_memory_working_set_bytes,56242176.0
1776461633.63,email,email-5dcf48b665-n4zf2,cpu_usage,container_cpu_usage,0.006450797897754324
1776461633.63,email,email-5dcf48b665-n4zf2,memory_usage,container_memory_working_set_bytes,54521856.0
1776461633.63,email,email::service,pod_restart_count,k8s_container_restarts,9.0
1776461633.63,email,email::service,pod_running_count,k8s_container_ready,3.0
1776461633.63,email,otel-demo.email-5dcf48b665-66zvj.email,error_ratio,trace_server_error_ratio,0.0
1776461633.63,email,otel-demo.email-5dcf48b665-66zvj.email,request_count,trace_server_count,0.0
1776461633.63,email,otel-demo.email-5dcf48b665-9xxmx.email,error_ratio,trace_server_error_ratio,0.0
1776461633.63,email,otel-demo.email-5dcf48b665-9xxmx.email,request_count,trace_server_count,0.0
1776461633.63,email,otel-demo.email-5dcf48b665-n4zf2.email,error_ratio,trace_server_error_ratio,0.0
1776461633.63,email,otel-demo.email-5dcf48b665-n4zf2.email,request_count,trace_server_count,0.0
1776461633.63,frontend,frontend-b78bf7696-6bjdg,cpu_usage,container_cpu_usage,0.08893672016473235
1776461633.63,frontend,frontend-b78bf7696-6bjdg,memory_usage,container_memory_working_set_bytes,119398400.0
1776461633.63,frontend,frontend-b78bf7696-77ldd,cpu_usage,container_cpu_usage,0.13015493632957847
1776461633.63,frontend,frontend-b78bf7696-77ldd,memory_usage,container_memory_working_set_bytes,104488960.0
1776461633.63,frontend,frontend-b78bf7696-p9kqx,cpu_usage,container_cpu_usage,0.12737583273549255
1776461633.63,frontend,frontend-b78bf7696-p9kqx,memory_usage,container_memory_working_set_bytes,117559296.0
1776461633.63,frontend,frontend::service,pod_restart_count,k8s_container_restarts,3.0
1776461633.63,frontend,frontend::service,pod_running_count,k8s_container_ready,3.0
1776461633.63,frontend,otel-demo.frontend-b78bf7696-6bjdg.frontend,dependency_error_ratio,trace_client_error_ratio,0.0
1776461633.63,frontend,otel-demo.frontend-b78bf7696-6bjdg.frontend,error_ratio,trace_server_error_ratio,0.0
1776461633.63,frontend,otel-demo.frontend-b78bf7696-6bjdg.frontend,http_5xx_ratio,http_server_5xx_ratio,0.0
1776461633.63,frontend,otel-demo.frontend-b78bf7696-6bjdg.frontend,request_count,trace_server_count,0.0
1776461633.63,frontend,otel-demo.frontend-b78bf7696-77ldd.frontend,dependency_error_ratio,trace_client_error_ratio,0.0
1776461633.63,frontend,otel-demo.frontend-b78bf7696-77ldd.frontend,error_ratio,trace_server_error_ratio,0.0
1776461633.63,frontend,otel-demo.frontend-b78bf7696-77ldd.frontend,http_5xx_ratio,http_server_5xx_ratio,0.0
1776461633.63,frontend,otel-demo.frontend-b78bf7696-77ldd.frontend,request_count,trace_server_count,0.0
1776461633.63,frontend,otel-demo.frontend-b78bf7696-p9kqx.frontend,dependency_error_ratio,trace_client_error_ratio,0.0
1776461633.63,frontend,otel-demo.frontend-b78bf7696-p9kqx.frontend,error_ratio,trace_server_error_ratio,0.0
1776461633.63,frontend,otel-demo.frontend-b78bf7696-p9kqx.frontend,http_5xx_ratio,http_server_5xx_ratio,0.0
1776461633.63,frontend,otel-demo.frontend-b78bf7696-p9kqx.frontend,request_count,trace_server_count,0.0
1776461633.63,kafka,kafka-66df8bdf76-zjcbb,cpu_usage,container_cpu_usage,0.018680646355001596
1776461633.63,kafka,kafka-66df8bdf76-zjcbb,memory_usage,container_memory_working_set_bytes,665063424.0
1776461633.63,kafka,kafka::service,pod_restart_count,k8s_container_restarts,9.0
1776461633.63,kafka,kafka::service,pod_running_count,k8s_container_ready,1.0
1776461633.63,kafka,kafka::service,queue_lag,queue_size_ratio,0.0
1776461633.63,payment,otel-demo.payment-f9f8d647b-74h8z.payment,dependency_error_ratio,trace_client_error_ratio,0.0
1776461633.63,payment,otel-demo.payment-f9f8d647b-74h8z.payment,error_ratio,trace_server_error_ratio,0.0
1776461633.63,payment,otel-demo.payment-f9f8d647b-74h8z.payment,request_count,trace_server_count,0.0
1776461633.63,payment,otel-demo.payment-f9f8d647b-75hmx.payment,dependency_error_ratio,trace_client_error_ratio,0.0
1776461633.63,payment,otel-demo.payment-f9f8d647b-75hmx.payment,error_ratio,trace_server_error_ratio,0.0
1776461633.63,payment,otel-demo.payment-f9f8d647b-75hmx.payment,request_count,trace_server_count,0.0
1776461633.63,payment,otel-demo.payment-f9f8d647b-tv6l5.payment,dependency_error_ratio,trace_client_error_ratio,0.0
1776461633.63,payment,otel-demo.payment-f9f8d647b-tv6l5.payment,error_ratio,trace_server_error_ratio,0.0
1776461633.63,payment,otel-demo.payment-f9f8d647b-tv6l5.payment,request_count,trace_server_count,0.0
1776461633.63,payment,payment-f9f8d647b-74h8z,cpu_usage,container_cpu_usage,0.013784917728092648
1776461633.63,payment,payment-f9f8d647b-74h8z,memory_usage,container_memory_working_set_bytes,108539904.0
1776461633.63,payment,payment-f9f8d647b-75hmx,cpu_usage,container_cpu_usage,0.01539981384664141
1776461633.63,payment,payment-f9f8d647b-75hmx,memory_usage,container_memory_working_set_bytes,109875200.0
1776461633.63,payment,payment-f9f8d647b-tv6l5,cpu_usage,container_cpu_usage,0.008149215526846821
1776461633.63,payment,payment-f9f8d647b-tv6l5,memory_usage,container_memory_working_set_bytes,99205120.0
1776461633.63,payment,payment::service,pod_restart_count,k8s_container_restarts,39.0
1776461633.63,payment,payment::service,pod_running_count,k8s_container_ready,3.0
1776461633.63,product-catalog,otel-demo.product-catalog-784544475c-7crs7.product-catalog,dependency_error_ratio,trace_client_error_ratio,0.0
1776461633.63,product-catalog,otel-demo.product-catalog-784544475c-7crs7.product-catalog,error_ratio,trace_server_error_ratio,0.0
1776461633.63,product-catalog,otel-demo.product-catalog-784544475c-7crs7.product-catalog,request_count,trace_server_count,0.0
1776461633.63,product-catalog,otel-demo.product-catalog-784544475c-8skc7.product-catalog,dependency_error_ratio,trace_client_error_ratio,0.0
1776461633.63,product-catalog,otel-demo.product-catalog-784544475c-8skc7.product-catalog,error_ratio,trace_server_error_ratio,0.0
1776461633.63,product-catalog,otel-demo.product-catalog-784544475c-8skc7.product-catalog,request_count,trace_server_count,0.0
1776461633.63,product-catalog,otel-demo.product-catalog-784544475c-stwzc.product-catalog,dependency_error_ratio,trace_client_error_ratio,0.0
1776461633.63,product-catalog,otel-demo.product-catalog-784544475c-stwzc.product-catalog,error_ratio,trace_server_error_ratio,0.0
1776461633.63,product-catalog,otel-demo.product-catalog-784544475c-stwzc.product-catalog,request_count,trace_server_count,0.0
1776461633.63,product-catalog,product-catalog-784544475c-7crs7,cpu_usage,container_cpu_usage,0.0005580350456791928
1776461633.63,product-catalog,product-catalog-784544475c-7crs7,memory_usage,container_memory_working_set_bytes,14180352.0
1776461633.63,product-catalog,product-catalog-784544475c-8skc7,cpu_usage,container_cpu_usage,0.05332706566620683
1776461633.63,product-catalog,product-catalog-784544475c-8skc7,memory_usage,container_memory_working_set_bytes,16109568.0
1776461633.63,product-catalog,product-catalog-784544475c-stwzc,cpu_usage,container_cpu_usage,0.09042788806506223
1776461633.63,product-catalog,product-catalog-784544475c-stwzc,memory_usage,container_memory_working_set_bytes,14946304.0
1776461633.63,product-catalog,product-catalog::service,pod_restart_count,k8s_container_restarts,35.0
1776461633.63,product-catalog,product-catalog::service,pod_running_count,k8s_container_ready,3.0
1776461633.63,recommendation,otel-demo.recommendation-5b46f7469c-g2rgb.recommendation,dependency_error_ratio,trace_client_error_ratio,0.0
1776461633.63,recommendation,otel-demo.recommendation-5b46f7469c-rjwxq.recommendation,dependency_error_ratio,trace_client_error_ratio,0.0
1776461633.63,recommendation,otel-demo.recommendation-5b46f7469c-rjwxq.recommendation,error_ratio,trace_server_error_ratio,0.0
1776461633.63,recommendation,otel-demo.recommendation-5b46f7469c-rjwxq.recommendation,request_count,trace_server_count,0.0
1776461633.63,recommendation,otel-demo.recommendation-5b46f7469c-t2fm9.recommendation,dependency_error_ratio,trace_client_error_ratio,0.0
1776461633.63,recommendation,otel-demo.recommendation-5b46f7469c-t2fm9.recommendation,error_ratio,trace_server_error_ratio,0.0
1776461633.63,recommendation,otel-demo.recommendation-5b46f7469c-t2fm9.recommendation,request_count,trace_server_count,0.0
1776461633.63,recommendation,recommendation-5b46f7469c-g2rgb,cpu_usage,container_cpu_usage,0.009217474784298183
1776461633.63,recommendation,recommendation-5b46f7469c-g2rgb,memory_usage,container_memory_working_set_bytes,46780416.0
1776461633.63,recommendation,recommendation-5b46f7469c-rjwxq,cpu_usage,container_cpu_usage,0.024119342528835165
1776461633.63,recommendation,recommendation-5b46f7469c-rjwxq,memory_usage,container_memory_working_set_bytes,47800320.0
1776461633.63,recommendation,recommendation-5b46f7469c-t2fm9,cpu_usage,container_cpu_usage,0.02820243925304167
1776461633.63,recommendation,recommendation-5b46f7469c-t2fm9,memory_usage,container_memory_working_set_bytes,52527104.0
1776461633.63,recommendation,recommendation::service,pod_restart_count,k8s_container_restarts,3.0
1776461633.63,recommendation,recommendation::service,pod_running_count,k8s_container_ready,3.0
1776461643.63,ad,3a8b9295-6ae2-4e8a-b9b0-a607d7fec0a4,dependency_error_ratio,trace_client_error_ratio,0.0
1776461643.63,ad,3a8b9295-6ae2-4e8a-b9b0-a607d7fec0a4,error_ratio,trace_server_error_ratio,0.0
1776461643.63,ad,3a8b9295-6ae2-4e8a-b9b0-a607d7fec0a4,latency_p95,trace_server_latency_p95,4.159999999999997
1776461643.63,ad,3a8b9295-6ae2-4e8a-b9b0-a607d7fec0a4,request_count,trace_server_count,11.2
1776461643.63,ad,5680c7ee-584c-4353-b6d2-93bc605a0324,dependency_error_ratio,trace_client_error_ratio,0.0
1776461643.63,ad,5680c7ee-584c-4353-b6d2-93bc605a0324,error_ratio,trace_server_error_ratio,0.0
1776461643.63,ad,5680c7ee-584c-4353-b6d2-93bc605a0324,latency_p95,trace_server_latency_p95,3.675
1776461643.63,ad,5680c7ee-584c-4353-b6d2-93bc605a0324,request_count,trace_server_count,18.5
1776461643.63,ad,9f9a3c1c-bd3f-40ea-8764-b59f1ebd2204,dependency_error_ratio,trace_client_error_ratio,0.0
1776461643.63,ad,ad-7fb5b4f859-52ks9,cpu_usage,container_cpu_usage,0.0034523146336447514
1776461643.63,ad,ad-7fb5b4f859-52ks9,memory_usage,container_memory_working_set_bytes,260329472.0
1776461643.63,ad,ad-7fb5b4f859-rd4zw,cpu_usage,container_cpu_usage,0.0014410420475273948
1776461643.63,ad,ad-7fb5b4f859-rd4zw,memory_usage,container_memory_working_set_bytes,238239744.0
1776461643.63,ad,ad-7fb5b4f859-zsstr,cpu_usage,container_cpu_usage,0.003733623398597337
1776461643.63,ad,ad-7fb5b4f859-zsstr,memory_usage,container_memory_working_set_bytes,261701632.0
1776461643.63,ad,ad::service,pod_restart_count,k8s_container_restarts,3.0
1776461643.63,ad,ad::service,pod_running_count,k8s_container_ready,3.0
1776461643.63,cart,cart-7c7496d7f-th7mc,cpu_usage,container_cpu_usage,0.06780229112762176
1776461643.63,cart,cart-7c7496d7f-th7mc,memory_usage,container_memory_working_set_bytes,63311872.0
1776461643.63,cart,cart::service,pod_restart_count,k8s_container_restarts,1.0
1776461643.63,cart,cart::service,pod_running_count,k8s_container_ready,1.0
1776461643.63,cart,f1f3afac-3031-4c18-925a-048232421d89,dependency_error_ratio,trace_client_error_ratio,0.0
1776461643.63,cart,f1f3afac-3031-4c18-925a-048232421d89,error_ratio,trace_server_error_ratio,0.0
1776461643.63,cart,f1f3afac-3031-4c18-925a-048232421d89,latency_p95,trace_server_latency_p95,4.196874999999999
1776461643.63,cart,f1f3afac-3031-4c18-925a-048232421d89,request_count,trace_server_count,213.4
1776461643.63,checkout,4755bdbd-5ad9-49fa-acb7-3a7dcb6a9277,dependency_error_ratio,trace_client_error_ratio,0.0
1776461643.63,checkout,4755bdbd-5ad9-49fa-acb7-3a7dcb6a9277,error_ratio,trace_server_error_ratio,0.0
1776461643.63,checkout,4755bdbd-5ad9-49fa-acb7-3a7dcb6a9277,latency_p95,trace_server_latency_p95,94.90566037735849
1776461643.63,checkout,4755bdbd-5ad9-49fa-acb7-3a7dcb6a9277,request_count,trace_server_count,12.8
1776461643.63,checkout,bb49e6b9-109a-41b8-be66-ab2a38272474,dependency_error_ratio,trace_client_error_ratio,0.0
1776461643.63,checkout,bb49e6b9-109a-41b8-be66-ab2a38272474,error_ratio,trace_server_error_ratio,0.0
1776461643.63,checkout,bb49e6b9-109a-41b8-be66-ab2a38272474,request_count,trace_server_count,0.0
1776461643.63,checkout,bc5804df-6f63-4261-8788-8ecfe5481366,dependency_error_ratio,trace_client_error_ratio,0.0
1776461643.63,checkout,bc5804df-6f63-4261-8788-8ecfe5481366,error_ratio,trace_server_error_ratio,0.0
1776461643.63,checkout,bc5804df-6f63-4261-8788-8ecfe5481366,latency_p95,trace_server_latency_p95,86.53846153846153
1776461643.63,checkout,bc5804df-6f63-4261-8788-8ecfe5481366,request_count,trace_server_count,9.0
1776461643.63,checkout,checkout-7f4ccfc547-6crwh,cpu_usage,container_cpu_usage,0.13537853514913775
1776461643.63,checkout,checkout-7f4ccfc547-6crwh,memory_usage,container_memory_working_set_bytes,15454208.0
1776461643.63,checkout,checkout-7f4ccfc547-ftx2n,cpu_usage,container_cpu_usage,0.000440255295532332
1776461643.63,checkout,checkout-7f4ccfc547-ftx2n,memory_usage,container_memory_working_set_bytes,12009472.0
1776461643.63,checkout,checkout-7f4ccfc547-qlfgr,cpu_usage,container_cpu_usage,0.044998221400113565
1776461643.63,checkout,checkout-7f4ccfc547-qlfgr,memory_usage,container_memory_working_set_bytes,14757888.0
1776461643.63,checkout,checkout::service,pod_restart_count,k8s_container_restarts,45.0
1776461643.63,checkout,checkout::service,pod_running_count,k8s_container_ready,3.0
1776461643.63,email,email-5dcf48b665-66zvj,cpu_usage,container_cpu_usage,0.015359084961975676
1776461643.63,email,email-5dcf48b665-66zvj,memory_usage,container_memory_working_set_bytes,59305984.0
1776461643.63,email,email-5dcf48b665-9xxmx,cpu_usage,container_cpu_usage,0.0003870478832728261
1776461643.63,email,email-5dcf48b665-9xxmx,memory_usage,container_memory_working_set_bytes,56242176.0
1776461643.63,email,email-5dcf48b665-n4zf2,cpu_usage,container_cpu_usage,0.004081174438687347
1776461643.63,email,email-5dcf48b665-n4zf2,memory_usage,container_memory_working_set_bytes,54521856.0
1776461643.63,email,email::service,pod_restart_count,k8s_container_restarts,9.0
1776461643.63,email,email::service,pod_running_count,k8s_container_ready,3.0
1776461643.63,email,otel-demo.email-5dcf48b665-66zvj.email,error_ratio,trace_server_error_ratio,0.0
1776461643.63,email,otel-demo.email-5dcf48b665-66zvj.email,latency_p95,trace_server_latency_p95,8.683333333333328
1776461643.63,email,otel-demo.email-5dcf48b665-66zvj.email,request_count,trace_server_count,13.9
1776461643.63,email,otel-demo.email-5dcf48b665-9xxmx.email,error_ratio,trace_server_error_ratio,0.0
1776461643.63,email,otel-demo.email-5dcf48b665-9xxmx.email,request_count,trace_server_count,0.0
1776461643.63,email,otel-demo.email-5dcf48b665-n4zf2.email,error_ratio,trace_server_error_ratio,0.0
1776461643.63,email,otel-demo.email-5dcf48b665-n4zf2.email,latency_p95,trace_server_latency_p95,9.700000000000003
1776461643.63,email,otel-demo.email-5dcf48b665-n4zf2.email,request_count,trace_server_count,8.6
1776461643.63,frontend,frontend-b78bf7696-6bjdg,cpu_usage,container_cpu_usage,0.10202444523346353
1776461643.63,frontend,frontend-b78bf7696-6bjdg,memory_usage,container_memory_working_set_bytes,118341632.0
1776461643.63,frontend,frontend-b78bf7696-77ldd,cpu_usage,container_cpu_usage,0.10386883299800409
1776461643.63,frontend,frontend-b78bf7696-77ldd,memory_usage,container_memory_working_set_bytes,104611840.0
1776461643.63,frontend,frontend-b78bf7696-p9kqx,cpu_usage,container_cpu_usage,0.09834617281155857
1776461643.63,frontend,frontend-b78bf7696-p9kqx,memory_usage,container_memory_working_set_bytes,117559296.0
1776461643.63,frontend,frontend::service,pod_restart_count,k8s_container_restarts,3.0
1776461643.63,frontend,frontend::service,pod_running_count,k8s_container_ready,3.0
1776461643.63,frontend,otel-demo.frontend-b78bf7696-6bjdg.frontend,dependency_error_ratio,trace_client_error_ratio,0.0
1776461643.63,frontend,otel-demo.frontend-b78bf7696-6bjdg.frontend,error_ratio,trace_server_error_ratio,0.0
1776461643.63,frontend,otel-demo.frontend-b78bf7696-6bjdg.frontend,http_5xx_ratio,http_server_5xx_ratio,0.0
1776461643.63,frontend,otel-demo.frontend-b78bf7696-6bjdg.frontend,latency_p95,trace_server_latency_p95,50.24390243902431
1776461643.63,frontend,otel-demo.frontend-b78bf7696-6bjdg.frontend,request_count,trace_server_count,201.2
1776461643.63,frontend,otel-demo.frontend-b78bf7696-77ldd.frontend,dependency_error_ratio,trace_client_error_ratio,0.0
1776461643.63,frontend,otel-demo.frontend-b78bf7696-77ldd.frontend,error_ratio,trace_server_error_ratio,0.0
1776461643.63,frontend,otel-demo.frontend-b78bf7696-77ldd.frontend,http_5xx_ratio,http_server_5xx_ratio,0.0
1776461643.63,frontend,otel-demo.frontend-b78bf7696-77ldd.frontend,latency_p95,trace_server_latency_p95,45.23779527559056
1776461643.63,frontend,otel-demo.frontend-b78bf7696-77ldd.frontend,request_count,trace_server_count,299.2
1776461643.63,frontend,otel-demo.frontend-b78bf7696-p9kqx.frontend,dependency_error_ratio,trace_client_error_ratio,0.0
1776461643.63,frontend,otel-demo.frontend-b78bf7696-p9kqx.frontend,error_ratio,trace_server_error_ratio,0.0
1776461643.63,frontend,otel-demo.frontend-b78bf7696-p9kqx.frontend,http_5xx_ratio,http_server_5xx_ratio,0.0
1776461643.63,frontend,otel-demo.frontend-b78bf7696-p9kqx.frontend,latency_p95,trace_server_latency_p95,49.59375
1776461643.63,frontend,otel-demo.frontend-b78bf7696-p9kqx.frontend,request_count,trace_server_count,284.3
1776461643.63,kafka,kafka-66df8bdf76-zjcbb,cpu_usage,container_cpu_usage,0.01778609394920131
1776461643.63,kafka,kafka-66df8bdf76-zjcbb,memory_usage,container_memory_working_set_bytes,665403392.0
1776461643.63,kafka,kafka::service,pod_restart_count,k8s_container_restarts,9.0
1776461643.63,kafka,kafka::service,pod_running_count,k8s_container_ready,1.0
1776461643.63,kafka,kafka::service,queue_lag,queue_size_ratio,0.0
1776461643.63,payment,otel-demo.payment-f9f8d647b-74h8z.payment,dependency_error_ratio,trace_client_error_ratio,0.0
1776461643.63,payment,otel-demo.payment-f9f8d647b-74h8z.payment,error_ratio,trace_server_error_ratio,0.0
1776461643.63,payment,otel-demo.payment-f9f8d647b-74h8z.payment,request_count,trace_server_count,0.0
1776461643.63,payment,otel-demo.payment-f9f8d647b-75hmx.payment,dependency_error_ratio,trace_client_error_ratio,0.0
1776461643.63,payment,otel-demo.payment-f9f8d647b-75hmx.payment,error_ratio,trace_server_error_ratio,0.0
1776461643.63,payment,otel-demo.payment-f9f8d647b-75hmx.payment,request_count,trace_server_count,0.0
1776461643.63,payment,otel-demo.payment-f9f8d647b-tv6l5.payment,dependency_error_ratio,trace_client_error_ratio,0.0
1776461643.63,payment,otel-demo.payment-f9f8d647b-tv6l5.payment,error_ratio,trace_server_error_ratio,0.0
1776461643.63,payment,otel-demo.payment-f9f8d647b-tv6l5.payment,request_count,trace_server_count,0.0
1776461643.63,payment,payment-f9f8d647b-74h8z,cpu_usage,container_cpu_usage,0.012930854964071092
1776461643.63,payment,payment-f9f8d647b-74h8z,memory_usage,container_memory_working_set_bytes,108572672.0
1776461643.63,payment,payment-f9f8d647b-75hmx,cpu_usage,container_cpu_usage,0.018072308178086395
1776461643.63,payment,payment-f9f8d647b-75hmx,memory_usage,container_memory_working_set_bytes,109916160.0
1776461643.63,payment,payment-f9f8d647b-tv6l5,cpu_usage,container_cpu_usage,0.007417313008044134
1776461643.63,payment,payment-f9f8d647b-tv6l5,memory_usage,container_memory_working_set_bytes,99213312.0
1776461643.63,payment,payment::service,pod_restart_count,k8s_container_restarts,39.0
1776461643.63,payment,payment::service,pod_running_count,k8s_container_ready,3.0
1776461643.63,product-catalog,otel-demo.product-catalog-784544475c-7crs7.product-catalog,dependency_error_ratio,trace_client_error_ratio,0.0
1776461643.63,product-catalog,otel-demo.product-catalog-784544475c-7crs7.product-catalog,error_ratio,trace_server_error_ratio,0.0
1776461643.63,product-catalog,otel-demo.product-catalog-784544475c-7crs7.product-catalog,request_count,trace_server_count,0.0
1776461643.63,product-catalog,otel-demo.product-catalog-784544475c-8skc7.product-catalog,dependency_error_ratio,trace_client_error_ratio,0.0
1776461643.63,product-catalog,otel-demo.product-catalog-784544475c-8skc7.product-catalog,error_ratio,trace_server_error_ratio,0.0
1776461643.63,product-catalog,otel-demo.product-catalog-784544475c-8skc7.product-catalog,request_count,trace_server_count,0.0
1776461643.63,product-catalog,otel-demo.product-catalog-784544475c-stwzc.product-catalog,dependency_error_ratio,trace_client_error_ratio,0.0
1776461643.63,product-catalog,otel-demo.product-catalog-784544475c-stwzc.product-catalog,error_ratio,trace_server_error_ratio,0.0
1776461643.63,product-catalog,otel-demo.product-catalog-784544475c-stwzc.product-catalog,request_count,trace_server_count,0.0
1776461643.63,product-catalog,product-catalog-784544475c-7crs7,cpu_usage,container_cpu_usage,0.0004422892766212335
1776461643.63,product-catalog,product-catalog-784544475c-7crs7,memory_usage,container_memory_working_set_bytes,14180352.0
1776461643.63,product-catalog,product-catalog-784544475c-8skc7,cpu_usage,container_cpu_usage,0.032262015127259805
1776461643.63,product-catalog,product-catalog-784544475c-8skc7,memory_usage,container_memory_working_set_bytes,14938112.0
1776461643.63,product-catalog,product-catalog-784544475c-stwzc,cpu_usage,container_cpu_usage,0.0998109809873387
1776461643.63,product-catalog,product-catalog-784544475c-stwzc,memory_usage,container_memory_working_set_bytes,14983168.0
1776461643.63,product-catalog,product-catalog::service,pod_restart_count,k8s_container_restarts,35.0
1776461643.63,product-catalog,product-catalog::service,pod_running_count,k8s_container_ready,3.0
1776461643.63,recommendation,otel-demo.recommendation-5b46f7469c-g2rgb.recommendation,dependency_error_ratio,trace_client_error_ratio,0.0
1776461643.63,recommendation,otel-demo.recommendation-5b46f7469c-rjwxq.recommendation,dependency_error_ratio,trace_client_error_ratio,0.0
1776461643.63,recommendation,otel-demo.recommendation-5b46f7469c-rjwxq.recommendation,error_ratio,trace_server_error_ratio,0.0
1776461643.63,recommendation,otel-demo.recommendation-5b46f7469c-rjwxq.recommendation,latency_p95,trace_server_latency_p95,8.76666666666666
1776461643.63,recommendation,otel-demo.recommendation-5b46f7469c-rjwxq.recommendation,request_count,trace_server_count,11.7
1776461643.63,recommendation,otel-demo.recommendation-5b46f7469c-t2fm9.recommendation,dependency_error_ratio,trace_client_error_ratio,0.0
1776461643.63,recommendation,otel-demo.recommendation-5b46f7469c-t2fm9.recommendation,error_ratio,trace_server_error_ratio,0.0
1776461643.63,recommendation,otel-demo.recommendation-5b46f7469c-t2fm9.recommendation,latency_p95,trace_server_latency_p95,7.869999999999999
1776461643.63,recommendation,otel-demo.recommendation-5b46f7469c-t2fm9.recommendation,request_count,trace_server_count,21.3
1776461643.63,recommendation,recommendation-5b46f7469c-g2rgb,cpu_usage,container_cpu_usage,0.009217474784298183
1776461643.63,recommendation,recommendation-5b46f7469c-g2rgb,memory_usage,container_memory_working_set_bytes,46780416.0
1776461643.63,recommendation,recommendation-5b46f7469c-rjwxq,cpu_usage,container_cpu_usage,0.024119342528835165
1776461643.63,recommendation,recommendation-5b46f7469c-rjwxq,memory_usage,container_memory_working_set_bytes,47800320.0
1776461643.63,recommendation,recommendation-5b46f7469c-t2fm9,cpu_usage,container_cpu_usage,0.030666020245071
1776461643.63,recommendation,recommendation-5b46f7469c-t2fm9,memory_usage,container_memory_working_set_bytes,52527104.0
1776461643.63,recommendation,recommendation::service,pod_restart_count,k8s_container_restarts,3.0
1776461643.63,recommendation,recommendation::service,pod_running_count,k8s_container_ready,3.0
1776461653.63,ad,3a8b9295-6ae2-4e8a-b9b0-a607d7fec0a4,dependency_error_ratio,trace_client_error_ratio,0.0
1776461653.63,ad,3a8b9295-6ae2-4e8a-b9b0-a607d7fec0a4,error_ratio,trace_server_error_ratio,0.0
1776461653.63,ad,3a8b9295-6ae2-4e8a-b9b0-a607d7fec0a4,request_count,trace_server_count,0.0
1776461653.63,ad,5680c7ee-584c-4353-b6d2-93bc605a0324,dependency_error_ratio,trace_client_error_ratio,0.0
1776461653.63,ad,5680c7ee-584c-4353-b6d2-93bc605a0324,error_ratio,trace_server_error_ratio,0.0
1776461653.63,ad,5680c7ee-584c-4353-b6d2-93bc605a0324,request_count,trace_server_count,0.0
1776461653.63,ad,9f9a3c1c-bd3f-40ea-8764-b59f1ebd2204,dependency_error_ratio,trace_client_error_ratio,0.0
1776461653.63,ad,ad-7fb5b4f859-52ks9,cpu_usage,container_cpu_usage,0.0032807162519410504
1776461653.63,ad,ad-7fb5b4f859-52ks9,memory_usage,container_memory_working_set_bytes,260333568.0
1776461653.63,ad,ad-7fb5b4f859-rd4zw,cpu_usage,container_cpu_usage,0.0018871817560183349
1776461653.63,ad,ad-7fb5b4f859-rd4zw,memory_usage,container_memory_working_set_bytes,238661632.0
1776461653.63,ad,ad-7fb5b4f859-zsstr,cpu_usage,container_cpu_usage,0.00386375984033533
1776461653.63,ad,ad-7fb5b4f859-zsstr,memory_usage,container_memory_working_set_bytes,261701632.0
1776461653.63,ad,ad::service,pod_restart_count,k8s_container_restarts,3.0
1776461653.63,ad,ad::service,pod_running_count,k8s_container_ready,3.0
1776461653.63,cart,cart-7c7496d7f-th7mc,cpu_usage,container_cpu_usage,0.06932020238525709
1776461653.63,cart,cart-7c7496d7f-th7mc,memory_usage,container_memory_working_set_bytes,63598592.0
1776461653.63,cart,cart::service,pod_restart_count,k8s_container_restarts,1.0
1776461653.63,cart,cart::service,pod_running_count,k8s_container_ready,1.0
1776461653.63,cart,f1f3afac-3031-4c18-925a-048232421d89,dependency_error_ratio,trace_client_error_ratio,0.0
1776461653.63,cart,f1f3afac-3031-4c18-925a-048232421d89,error_ratio,trace_server_error_ratio,0.0
1776461653.63,cart,f1f3afac-3031-4c18-925a-048232421d89,request_count,trace_server_count,0.0
1776461653.63,checkout,4755bdbd-5ad9-49fa-acb7-3a7dcb6a9277,dependency_error_ratio,trace_client_error_ratio,0.0
1776461653.63,checkout,4755bdbd-5ad9-49fa-acb7-3a7dcb6a9277,error_ratio,trace_server_error_ratio,0.0
1776461653.63,checkout,4755bdbd-5ad9-49fa-acb7-3a7dcb6a9277,request_count,trace_server_count,0.0
1776461653.63,checkout,bb49e6b9-109a-41b8-be66-ab2a38272474,dependency_error_ratio,trace_client_error_ratio,0.0
1776461653.63,checkout,bb49e6b9-109a-41b8-be66-ab2a38272474,error_ratio,trace_server_error_ratio,0.0
1776461653.63,checkout,bb49e6b9-109a-41b8-be66-ab2a38272474,request_count,trace_server_count,0.0
1776461653.63,checkout,bc5804df-6f63-4261-8788-8ecfe5481366,dependency_error_ratio,trace_client_error_ratio,0.0
1776461653.63,checkout,bc5804df-6f63-4261-8788-8ecfe5481366,error_ratio,trace_server_error_ratio,0.0
1776461653.63,checkout,bc5804df-6f63-4261-8788-8ecfe5481366,request_count,trace_server_count,0.0
1776461653.63,checkout,checkout-7f4ccfc547-6crwh,cpu_usage,container_cpu_usage,0.16523238801238824
1776461653.63,checkout,checkout-7f4ccfc547-6crwh,memory_usage,container_memory_working_set_bytes,17317888.0
1776461653.63,checkout,checkout-7f4ccfc547-ftx2n,cpu_usage,container_cpu_usage,0.0004960428515542766
1776461653.63,checkout,checkout-7f4ccfc547-ftx2n,memory_usage,container_memory_working_set_bytes,12009472.0
1776461653.63,checkout,checkout-7f4ccfc547-qlfgr,cpu_usage,container_cpu_usage,0.03838626447311266
1776461653.63,checkout,checkout-7f4ccfc547-qlfgr,memory_usage,container_memory_working_set_bytes,14753792.0
1776461653.63,checkout,checkout::service,pod_restart_count,k8s_container_restarts,45.0
1776461653.63,checkout,checkout::service,pod_running_count,k8s_container_ready,3.0
1776461653.63,email,email-5dcf48b665-66zvj,cpu_usage,container_cpu_usage,0.017081907700684715
1776461653.63,email,email-5dcf48b665-66zvj,memory_usage,container_memory_working_set_bytes,59379712.0
1776461653.63,email,email-5dcf48b665-9xxmx,cpu_usage,container_cpu_usage,0.0004522060698793496
1776461653.63,email,email-5dcf48b665-9xxmx,memory_usage,container_memory_working_set_bytes,56242176.0
1776461653.63,email,email-5dcf48b665-n4zf2,cpu_usage,container_cpu_usage,0.007769085309849471
1776461653.63,email,email-5dcf48b665-n4zf2,memory_usage,container_memory_working_set_bytes,54693888.0
1776461653.63,email,email::service,pod_restart_count,k8s_container_restarts,9.0
1776461653.63,email,email::service,pod_running_count,k8s_container_ready,3.0
1776461653.63,email,otel-demo.email-5dcf48b665-66zvj.email,error_ratio,trace_server_error_ratio,0.0
1776461653.63,email,otel-demo.email-5dcf48b665-66zvj.email,request_count,trace_server_count,0.0
1776461653.63,email,otel-demo.email-5dcf48b665-9xxmx.email,error_ratio,trace_server_error_ratio,0.0
1776461653.63,email,otel-demo.email-5dcf48b665-9xxmx.email,request_count,trace_server_count,0.0
1776461653.63,email,otel-demo.email-5dcf48b665-n4zf2.email,error_ratio,trace_server_error_ratio,0.0
1776461653.63,email,otel-demo.email-5dcf48b665-n4zf2.email,request_count,trace_server_count,0.0
1776461653.63,frontend,frontend-b78bf7696-6bjdg,cpu_usage,container_cpu_usage,0.11709721380108752
1776461653.63,frontend,frontend-b78bf7696-6bjdg,memory_usage,container_memory_working_set_bytes,118341632.0
1776461653.63,frontend,frontend-b78bf7696-77ldd,cpu_usage,container_cpu_usage,0.09028392878435802
1776461653.63,frontend,frontend-b78bf7696-77ldd,memory_usage,container_memory_working_set_bytes,88018944.0
1776461653.63,frontend,frontend-b78bf7696-p9kqx,cpu_usage,container_cpu_usage,0.15039226190478353
1776461653.63,frontend,frontend-b78bf7696-p9kqx,memory_usage,container_memory_working_set_bytes,116469760.0
1776461653.63,frontend,frontend::service,pod_restart_count,k8s_container_restarts,3.0
1776461653.63,frontend,frontend::service,pod_running_count,k8s_container_ready,3.0
1776461653.63,frontend,otel-demo.frontend-b78bf7696-6bjdg.frontend,dependency_error_ratio,trace_client_error_ratio,0.0
1776461653.63,frontend,otel-demo.frontend-b78bf7696-6bjdg.frontend,error_ratio,trace_server_error_ratio,0.0
1776461653.63,frontend,otel-demo.frontend-b78bf7696-6bjdg.frontend,http_5xx_ratio,http_server_5xx_ratio,0.0
1776461653.63,frontend,otel-demo.frontend-b78bf7696-6bjdg.frontend,request_count,trace_server_count,0.0
1776461653.63,frontend,otel-demo.frontend-b78bf7696-77ldd.frontend,dependency_error_ratio,trace_client_error_ratio,0.0
1776461653.63,frontend,otel-demo.frontend-b78bf7696-77ldd.frontend,error_ratio,trace_server_error_ratio,0.0
1776461653.63,frontend,otel-demo.frontend-b78bf7696-77ldd.frontend,http_5xx_ratio,http_server_5xx_ratio,0.0
1776461653.63,frontend,otel-demo.frontend-b78bf7696-77ldd.frontend,request_count,trace_server_count,0.0
1776461653.63,frontend,otel-demo.frontend-b78bf7696-p9kqx.frontend,dependency_error_ratio,trace_client_error_ratio,0.0
1776461653.63,frontend,otel-demo.frontend-b78bf7696-p9kqx.frontend,error_ratio,trace_server_error_ratio,0.0
1776461653.63,frontend,otel-demo.frontend-b78bf7696-p9kqx.frontend,http_5xx_ratio,http_server_5xx_ratio,0.0
1776461653.63,frontend,otel-demo.frontend-b78bf7696-p9kqx.frontend,request_count,trace_server_count,0.0
1776461653.63,kafka,kafka-66df8bdf76-zjcbb,cpu_usage,container_cpu_usage,0.01968405726104973
1776461653.63,kafka,kafka-66df8bdf76-zjcbb,memory_usage,container_memory_working_set_bytes,665403392.0
1776461653.63,kafka,kafka::service,pod_restart_count,k8s_container_restarts,9.0
1776461653.63,kafka,kafka::service,pod_running_count,k8s_container_ready,1.0
1776461653.63,kafka,kafka::service,queue_lag,queue_size_ratio,0.0
1776461653.63,payment,otel-demo.payment-f9f8d647b-74h8z.payment,dependency_error_ratio,trace_client_error_ratio,0.0
1776461653.63,payment,otel-demo.payment-f9f8d647b-74h8z.payment,error_ratio,trace_server_error_ratio,0.0
1776461653.63,payment,otel-demo.payment-f9f8d647b-74h8z.payment,request_count,trace_server_count,0.0
1776461653.63,payment,otel-demo.payment-f9f8d647b-75hmx.payment,dependency_error_ratio,trace_client_error_ratio,0.0
1776461653.63,payment,otel-demo.payment-f9f8d647b-75hmx.payment,error_ratio,trace_server_error_ratio,0.0
1776461653.63,payment,otel-demo.payment-f9f8d647b-75hmx.payment,request_count,trace_server_count,0.0
1776461653.63,payment,otel-demo.payment-f9f8d647b-tv6l5.payment,dependency_error_ratio,trace_client_error_ratio,0.0
1776461653.63,payment,otel-demo.payment-f9f8d647b-tv6l5.payment,error_ratio,trace_server_error_ratio,0.0
1776461653.63,payment,otel-demo.payment-f9f8d647b-tv6l5.payment,request_count,trace_server_count,0.0
1776461653.63,payment,payment-f9f8d647b-74h8z,cpu_usage,container_cpu_usage,0.01245479476608702
1776461653.63,payment,payment-f9f8d647b-74h8z,memory_usage,container_memory_working_set_bytes,108580864.0
1776461653.63,payment,payment-f9f8d647b-75hmx,cpu_usage,container_cpu_usage,0.01807230817808639
1776461653.63,payment,payment-f9f8d647b-75hmx,memory_usage,container_memory_working_set_bytes,109916160.0
1776461653.63,payment,payment-f9f8d647b-tv6l5,cpu_usage,container_cpu_usage,0.007972741874817042
1776461653.63,payment,payment-f9f8d647b-tv6l5,memory_usage,container_memory_working_set_bytes,99213312.0
1776461653.63,payment,payment::service,pod_restart_count,k8s_container_restarts,39.0
1776461653.63,payment,payment::service,pod_running_count,k8s_container_ready,3.0
1776461653.63,product-catalog,otel-demo.product-catalog-784544475c-7crs7.product-catalog,dependency_error_ratio,trace_client_error_ratio,0.0
1776461653.63,product-catalog,otel-demo.product-catalog-784544475c-7crs7.product-catalog,error_ratio,trace_server_error_ratio,0.0
1776461653.63,product-catalog,otel-demo.product-catalog-784544475c-7crs7.product-catalog,request_count,trace_server_count,0.0
1776461653.63,product-catalog,otel-demo.product-catalog-784544475c-8skc7.product-catalog,dependency_error_ratio,trace_client_error_ratio,0.0
1776461653.63,product-catalog,otel-demo.product-catalog-784544475c-8skc7.product-catalog,error_ratio,trace_server_error_ratio,0.0
1776461653.63,product-catalog,otel-demo.product-catalog-784544475c-8skc7.product-catalog,request_count,trace_server_count,0.0
1776461653.63,product-catalog,otel-demo.product-catalog-784544475c-stwzc.product-catalog,dependency_error_ratio,trace_client_error_ratio,0.0
1776461653.63,product-catalog,otel-demo.product-catalog-784544475c-stwzc.product-catalog,error_ratio,trace_server_error_ratio,0.0
1776461653.63,product-catalog,otel-demo.product-catalog-784544475c-stwzc.product-catalog,request_count,trace_server_count,0.0
1776461653.63,product-catalog,product-catalog-784544475c-7crs7,cpu_usage,container_cpu_usage,0.0005564885823229475
1776461653.63,product-catalog,product-catalog-784544475c-7crs7,memory_usage,container_memory_working_set_bytes,14172160.0
1776461653.63,product-catalog,product-catalog-784544475c-8skc7,cpu_usage,container_cpu_usage,0.03725517746832859
1776461653.63,product-catalog,product-catalog-784544475c-8skc7,memory_usage,container_memory_working_set_bytes,15953920.0
1776461653.63,product-catalog,product-catalog-784544475c-stwzc,cpu_usage,container_cpu_usage,0.10801255693319962
1776461653.63,product-catalog,product-catalog-784544475c-stwzc,memory_usage,container_memory_working_set_bytes,14983168.0
1776461653.63,product-catalog,product-catalog::service,pod_restart_count,k8s_container_restarts,35.0
1776461653.63,product-catalog,product-catalog::service,pod_running_count,k8s_container_ready,3.0
1776461653.63,recommendation,otel-demo.recommendation-5b46f7469c-g2rgb.recommendation,dependency_error_ratio,trace_client_error_ratio,0.0
1776461653.63,recommendation,otel-demo.recommendation-5b46f7469c-rjwxq.recommendation,dependency_error_ratio,trace_client_error_ratio,0.0
1776461653.63,recommendation,otel-demo.recommendation-5b46f7469c-rjwxq.recommendation,error_ratio,trace_server_error_ratio,0.0
1776461653.63,recommendation,otel-demo.recommendation-5b46f7469c-rjwxq.recommendation,request_count,trace_server_count,0.0
1776461653.63,recommendation,otel-demo.recommendation-5b46f7469c-t2fm9.recommendation,dependency_error_ratio,trace_client_error_ratio,0.0
1776461653.63,recommendation,otel-demo.recommendation-5b46f7469c-t2fm9.recommendation,error_ratio,trace_server_error_ratio,0.0
1776461653.63,recommendation,otel-demo.recommendation-5b46f7469c-t2fm9.recommendation,request_count,trace_server_count,0.0
1776461653.63,recommendation,recommendation-5b46f7469c-g2rgb,cpu_usage,container_cpu_usage,0.013002010024680955
1776461653.63,recommendation,recommendation-5b46f7469c-g2rgb,memory_usage,container_memory_working_set_bytes,46772224.0
1776461653.63,recommendation,recommendation-5b46f7469c-rjwxq,cpu_usage,container_cpu_usage,0.028518464268030647
1776461653.63,recommendation,recommendation-5b46f7469c-rjwxq,memory_usage,container_memory_working_set_bytes,47800320.0
1776461653.63,recommendation,recommendation-5b46f7469c-t2fm9,cpu_usage,container_cpu_usage,0.03549360951961707
1776461653.63,recommendation,recommendation-5b46f7469c-t2fm9,memory_usage,container_memory_working_set_bytes,52527104.0
1776461653.63,recommendation,recommendation::service,pod_restart_count,k8s_container_restarts,3.0
1776461653.63,recommendation,recommendation::service,pod_running_count,k8s_container_ready,3.0
1776461663.63,ad,3a8b9295-6ae2-4e8a-b9b0-a607d7fec0a4,dependency_error_ratio,trace_client_error_ratio,0.0
1776461663.63,ad,3a8b9295-6ae2-4e8a-b9b0-a607d7fec0a4,error_ratio,trace_server_error_ratio,0.0
1776461663.63,ad,3a8b9295-6ae2-4e8a-b9b0-a607d7fec0a4,request_count,trace_server_count,0.0
1776461663.63,ad,5680c7ee-584c-4353-b6d2-93bc605a0324,dependency_error_ratio,trace_client_error_ratio,0.0
1776461663.63,ad,5680c7ee-584c-4353-b6d2-93bc605a0324,error_ratio,trace_server_error_ratio,0.0
1776461663.63,ad,5680c7ee-584c-4353-b6d2-93bc605a0324,request_count,trace_server_count,0.0
1776461663.63,ad,9f9a3c1c-bd3f-40ea-8764-b59f1ebd2204,dependency_error_ratio,trace_client_error_ratio,0.0
1776461663.63,ad,ad-7fb5b4f859-52ks9,cpu_usage,container_cpu_usage,0.004103107556093736
1776461663.63,ad,ad-7fb5b4f859-52ks9,memory_usage,container_memory_working_set_bytes,260558848.0
1776461663.63,ad,ad-7fb5b4f859-rd4zw,cpu_usage,container_cpu_usage,0.0020203047025518115
1776461663.63,ad,ad-7fb5b4f859-rd4zw,memory_usage,container_memory_working_set_bytes,238661632.0
1776461663.63,ad,ad-7fb5b4f859-zsstr,cpu_usage,container_cpu_usage,0.0043358612628823035
1776461663.63,ad,ad-7fb5b4f859-zsstr,memory_usage,container_memory_working_set_bytes,261812224.0
1776461663.63,ad,ad::service,pod_restart_count,k8s_container_restarts,3.0
1776461663.63,ad,ad::service,pod_running_count,k8s_container_ready,3.0
1776461663.63,cart,cart-7c7496d7f-th7mc,cpu_usage,container_cpu_usage,0.06932020238525709
1776461663.63,cart,cart-7c7496d7f-th7mc,memory_usage,container_memory_working_set_bytes,63598592.0
1776461663.63,cart,cart::service,pod_restart_count,k8s_container_restarts,1.0
1776461663.63,cart,cart::service,pod_running_count,k8s_container_ready,1.0
1776461663.63,cart,f1f3afac-3031-4c18-925a-048232421d89,dependency_error_ratio,trace_client_error_ratio,0.0
1776461663.63,cart,f1f3afac-3031-4c18-925a-048232421d89,error_ratio,trace_server_error_ratio,0.0
1776461663.63,cart,f1f3afac-3031-4c18-925a-048232421d89,request_count,trace_server_count,0.0
1776461663.63,checkout,4755bdbd-5ad9-49fa-acb7-3a7dcb6a9277,dependency_error_ratio,trace_client_error_ratio,0.0
1776461663.63,checkout,4755bdbd-5ad9-49fa-acb7-3a7dcb6a9277,error_ratio,trace_server_error_ratio,0.0
1776461663.63,checkout,4755bdbd-5ad9-49fa-acb7-3a7dcb6a9277,request_count,trace_server_count,0.0
1776461663.63,checkout,bb49e6b9-109a-41b8-be66-ab2a38272474,dependency_error_ratio,trace_client_error_ratio,0.0
1776461663.63,checkout,bb49e6b9-109a-41b8-be66-ab2a38272474,error_ratio,trace_server_error_ratio,0.0
1776461663.63,checkout,bb49e6b9-109a-41b8-be66-ab2a38272474,request_count,trace_server_count,0.0
1776461663.63,checkout,bc5804df-6f63-4261-8788-8ecfe5481366,dependency_error_ratio,trace_client_error_ratio,0.0
1776461663.63,checkout,bc5804df-6f63-4261-8788-8ecfe5481366,error_ratio,trace_server_error_ratio,0.0
1776461663.63,checkout,bc5804df-6f63-4261-8788-8ecfe5481366,request_count,trace_server_count,0.0
1776461663.63,checkout,checkout-7f4ccfc547-6crwh,cpu_usage,container_cpu_usage,0.1851129271492954
1776461663.63,checkout,checkout-7f4ccfc547-6crwh,memory_usage,container_memory_working_set_bytes,16191488.0
1776461663.63,checkout,checkout-7f4ccfc547-ftx2n,cpu_usage,container_cpu_usage,0.0005295482910380793
1776461663.63,checkout,checkout-7f4ccfc547-ftx2n,memory_usage,container_memory_working_set_bytes,12005376.0
1776461663.63,checkout,checkout-7f4ccfc547-qlfgr,cpu_usage,container_cpu_usage,0.02223013311199277
1776461663.63,checkout,checkout-7f4ccfc547-qlfgr,memory_usage,container_memory_working_set_bytes,14753792.0
1776461663.63,checkout,checkout::service,pod_restart_count,k8s_container_restarts,45.0
1776461663.63,checkout,checkout::service,pod_running_count,k8s_container_ready,3.0
1776461663.63,email,email-5dcf48b665-66zvj,cpu_usage,container_cpu_usage,0.017081907700684715
1776461663.63,email,email-5dcf48b665-66zvj,memory_usage,container_memory_working_set_bytes,59379712.0
1776461663.63,email,email-5dcf48b665-9xxmx,cpu_usage,container_cpu_usage,0.0007176717731222415
1776461663.63,email,email-5dcf48b665-9xxmx,memory_usage,container_memory_working_set_bytes,56311808.0
1776461663.63,email,email-5dcf48b665-n4zf2,cpu_usage,container_cpu_usage,0.007769085309849471
1776461663.63,email,email-5dcf48b665-n4zf2,memory_usage,container_memory_working_set_bytes,54693888.0
1776461663.63,email,email::service,pod_restart_count,k8s_container_restarts,9.0
1776461663.63,email,email::service,pod_running_count,k8s_container_ready,3.0
1776461663.63,email,otel-demo.email-5dcf48b665-66zvj.email,error_ratio,trace_server_error_ratio,0.0
1776461663.63,email,otel-demo.email-5dcf48b665-66zvj.email,request_count,trace_server_count,0.0
1776461663.63,email,otel-demo.email-5dcf48b665-9xxmx.email,error_ratio,trace_server_error_ratio,0.0
1776461663.63,email,otel-demo.email-5dcf48b665-9xxmx.email,request_count,trace_server_count,0.0
1776461663.63,email,otel-demo.email-5dcf48b665-n4zf2.email,error_ratio,trace_server_error_ratio,0.0
1776461663.63,email,otel-demo.email-5dcf48b665-n4zf2.email,request_count,trace_server_count,0.0
1776461663.63,frontend,frontend-b78bf7696-6bjdg,cpu_usage,container_cpu_usage,0.13415358825104012
1776461663.63,frontend,frontend-b78bf7696-6bjdg,memory_usage,container_memory_working_set_bytes,118800384.0
1776461663.63,frontend,frontend-b78bf7696-77ldd,cpu_usage,container_cpu_usage,0.061367151817841206
1776461663.63,frontend,frontend-b78bf7696-77ldd,memory_usage,container_memory_working_set_bytes,88018944.0
1776461663.63,frontend,frontend-b78bf7696-p9kqx,cpu_usage,container_cpu_usage,0.13055904976727592
1776461663.63,frontend,frontend-b78bf7696-p9kqx,memory_usage,container_memory_working_set_bytes,116469760.0
1776461663.63,frontend,frontend::service,pod_restart_count,k8s_container_restarts,3.0
1776461663.63,frontend,frontend::service,pod_running_count,k8s_container_ready,3.0
1776461663.63,frontend,otel-demo.frontend-b78bf7696-6bjdg.frontend,dependency_error_ratio,trace_client_error_ratio,0.0
1776461663.63,frontend,otel-demo.frontend-b78bf7696-6bjdg.frontend,error_ratio,trace_server_error_ratio,0.0
1776461663.63,frontend,otel-demo.frontend-b78bf7696-6bjdg.frontend,http_5xx_ratio,http_server_5xx_ratio,0.0
1776461663.63,frontend,otel-demo.frontend-b78bf7696-6bjdg.frontend,request_count,trace_server_count,0.0
1776461663.63,frontend,otel-demo.frontend-b78bf7696-77ldd.frontend,dependency_error_ratio,trace_client_error_ratio,0.0
1776461663.63,frontend,otel-demo.frontend-b78bf7696-77ldd.frontend,error_ratio,trace_server_error_ratio,0.0
1776461663.63,frontend,otel-demo.frontend-b78bf7696-77ldd.frontend,http_5xx_ratio,http_server_5xx_ratio,0.0
1776461663.63,frontend,otel-demo.frontend-b78bf7696-77ldd.frontend,request_count,trace_server_count,0.0
1776461663.63,frontend,otel-demo.frontend-b78bf7696-p9kqx.frontend,dependency_error_ratio,trace_client_error_ratio,0.0
1776461663.63,frontend,otel-demo.frontend-b78bf7696-p9kqx.frontend,error_ratio,trace_server_error_ratio,0.0
1776461663.63,frontend,otel-demo.frontend-b78bf7696-p9kqx.frontend,http_5xx_ratio,http_server_5xx_ratio,0.0
1776461663.63,frontend,otel-demo.frontend-b78bf7696-p9kqx.frontend,request_count,trace_server_count,0.0
1776461663.63,kafka,kafka-66df8bdf76-zjcbb,cpu_usage,container_cpu_usage,0.01706309977652198
1776461663.63,kafka,kafka-66df8bdf76-zjcbb,memory_usage,container_memory_working_set_bytes,665280512.0
1776461663.63,kafka,kafka::service,pod_restart_count,k8s_container_restarts,9.0
1776461663.63,kafka,kafka::service,pod_running_count,k8s_container_ready,1.0
1776461663.63,kafka,kafka::service,queue_lag,queue_size_ratio,0.0
1776461663.63,payment,otel-demo.payment-f9f8d647b-74h8z.payment,dependency_error_ratio,trace_client_error_ratio,0.0
1776461663.63,payment,otel-demo.payment-f9f8d647b-74h8z.payment,error_ratio,trace_server_error_ratio,0.0
1776461663.63,payment,otel-demo.payment-f9f8d647b-74h8z.payment,request_count,trace_server_count,0.0
1776461663.63,payment,otel-demo.payment-f9f8d647b-75hmx.payment,dependency_error_ratio,trace_client_error_ratio,0.0
1776461663.63,payment,otel-demo.payment-f9f8d647b-75hmx.payment,error_ratio,trace_server_error_ratio,0.0
1776461663.63,payment,otel-demo.payment-f9f8d647b-75hmx.payment,request_count,trace_server_count,0.0
1776461663.63,payment,otel-demo.payment-f9f8d647b-tv6l5.payment,dependency_error_ratio,trace_client_error_ratio,0.0
1776461663.63,payment,otel-demo.payment-f9f8d647b-tv6l5.payment,error_ratio,trace_server_error_ratio,0.0
1776461663.63,payment,otel-demo.payment-f9f8d647b-tv6l5.payment,request_count,trace_server_count,0.0
1776461663.63,payment,payment-f9f8d647b-74h8z,cpu_usage,container_cpu_usage,0.011342255493321789
1776461663.63,payment,payment-f9f8d647b-74h8z,memory_usage,container_memory_working_set_bytes,108580864.0
1776461663.63,payment,payment-f9f8d647b-75hmx,cpu_usage,container_cpu_usage,0.01459259425525183
1776461663.63,payment,payment-f9f8d647b-75hmx,memory_usage,container_memory_working_set_bytes,109916160.0
1776461663.63,payment,payment-f9f8d647b-tv6l5,cpu_usage,container_cpu_usage,0.009677477477477544
1776461663.63,payment,payment-f9f8d647b-tv6l5,memory_usage,container_memory_working_set_bytes,99213312.0
1776461663.63,payment,payment::service,pod_restart_count,k8s_container_restarts,39.0
1776461663.63,payment,payment::service,pod_running_count,k8s_container_ready,3.0
1776461663.63,product-catalog,otel-demo.product-catalog-784544475c-7crs7.product-catalog,dependency_error_ratio,trace_client_error_ratio,0.0
1776461663.63,product-catalog,otel-demo.product-catalog-784544475c-7crs7.product-catalog,error_ratio,trace_server_error_ratio,0.0
1776461663.63,product-catalog,otel-demo.product-catalog-784544475c-7crs7.product-catalog,request_count,trace_server_count,0.0
1776461663.63,product-catalog,otel-demo.product-catalog-784544475c-8skc7.product-catalog,dependency_error_ratio,trace_client_error_ratio,0.0
1776461663.63,product-catalog,otel-demo.product-catalog-784544475c-8skc7.product-catalog,error_ratio,trace_server_error_ratio,0.0
1776461663.63,product-catalog,otel-demo.product-catalog-784544475c-8skc7.product-catalog,request_count,trace_server_count,0.0
1776461663.63,product-catalog,otel-demo.product-catalog-784544475c-stwzc.product-catalog,dependency_error_ratio,trace_client_error_ratio,0.0
1776461663.63,product-catalog,otel-demo.product-catalog-784544475c-stwzc.product-catalog,error_ratio,trace_server_error_ratio,0.0
1776461663.63,product-catalog,otel-demo.product-catalog-784544475c-stwzc.product-catalog,request_count,trace_server_count,0.0
1776461663.63,product-catalog,product-catalog-784544475c-7crs7,cpu_usage,container_cpu_usage,0.0005494887300714681
1776461663.63,product-catalog,product-catalog-784544475c-7crs7,memory_usage,container_memory_working_set_bytes,14172160.0
1776461663.63,product-catalog,product-catalog-784544475c-8skc7,cpu_usage,container_cpu_usage,0.029109128074374067
1776461663.63,product-catalog,product-catalog-784544475c-8skc7,memory_usage,container_memory_working_set_bytes,16130048.0
1776461663.63,product-catalog,product-catalog-784544475c-stwzc,cpu_usage,container_cpu_usage,0.11437139638281056
1776461663.63,product-catalog,product-catalog-784544475c-stwzc,memory_usage,container_memory_working_set_bytes,15175680.0
1776461663.63,product-catalog,product-catalog::service,pod_restart_count,k8s_container_restarts,35.0
1776461663.63,product-catalog,product-catalog::service,pod_running_count,k8s_container_ready,3.0
1776461663.63,recommendation,otel-demo.recommendation-5b46f7469c-g2rgb.recommendation,dependency_error_ratio,trace_client_error_ratio,0.0
1776461663.63,recommendation,otel-demo.recommendation-5b46f7469c-rjwxq.recommendation,dependency_error_ratio,trace_client_error_ratio,0.0
1776461663.63,recommendation,otel-demo.recommendation-5b46f7469c-rjwxq.recommendation,error_ratio,trace_server_error_ratio,0.0
1776461663.63,recommendation,otel-demo.recommendation-5b46f7469c-rjwxq.recommendation,request_count,trace_server_count,0.0
1776461663.63,recommendation,otel-demo.recommendation-5b46f7469c-t2fm9.recommendation,dependency_error_ratio,trace_client_error_ratio,0.0
1776461663.63,recommendation,otel-demo.recommendation-5b46f7469c-t2fm9.recommendation,error_ratio,trace_server_error_ratio,0.0
1776461663.63,recommendation,otel-demo.recommendation-5b46f7469c-t2fm9.recommendation,request_count,trace_server_count,0.0
1776461663.63,recommendation,recommendation-5b46f7469c-g2rgb,cpu_usage,container_cpu_usage,0.013002010024680955
1776461663.63,recommendation,recommendation-5b46f7469c-g2rgb,memory_usage,container_memory_working_set_bytes,46772224.0
1776461663.63,recommendation,recommendation-5b46f7469c-rjwxq,cpu_usage,container_cpu_usage,0.027813995859213445
1776461663.63,recommendation,recommendation-5b46f7469c-rjwxq,memory_usage,container_memory_working_set_bytes,47800320.0
1776461663.63,recommendation,recommendation-5b46f7469c-t2fm9,cpu_usage,container_cpu_usage,0.0340278691636163
1776461663.63,recommendation,recommendation-5b46f7469c-t2fm9,memory_usage,container_memory_working_set_bytes,52527104.0
1776461663.63,recommendation,recommendation::service,pod_restart_count,k8s_container_restarts,3.0
1776461663.63,recommendation,recommendation::service,pod_running_count,k8s_container_ready,3.0
1776461673.63,ad,3a8b9295-6ae2-4e8a-b9b0-a607d7fec0a4,dependency_error_ratio,trace_client_error_ratio,0.0
1776461673.63,ad,3a8b9295-6ae2-4e8a-b9b0-a607d7fec0a4,error_ratio,trace_server_error_ratio,0.0
1776461673.63,ad,3a8b9295-6ae2-4e8a-b9b0-a607d7fec0a4,request_count,trace_server_count,0.0
1776461673.63,ad,5680c7ee-584c-4353-b6d2-93bc605a0324,dependency_error_ratio,trace_client_error_ratio,0.0
1776461673.63,ad,5680c7ee-584c-4353-b6d2-93bc605a0324,error_ratio,trace_server_error_ratio,0.0
1776461673.63,ad,5680c7ee-584c-4353-b6d2-93bc605a0324,request_count,trace_server_count,0.0
1776461673.63,ad,9f9a3c1c-bd3f-40ea-8764-b59f1ebd2204,dependency_error_ratio,trace_client_error_ratio,0.0
1776461673.63,ad,ad-7fb5b4f859-52ks9,cpu_usage,container_cpu_usage,0.0036794053502541657
1776461673.63,ad,ad-7fb5b4f859-52ks9,memory_usage,container_memory_working_set_bytes,260558848.0
1776461673.63,ad,ad-7fb5b4f859-rd4zw,cpu_usage,container_cpu_usage,0.0015965328725142636
1776461673.63,ad,ad-7fb5b4f859-rd4zw,memory_usage,container_memory_working_set_bytes,238661632.0
1776461673.63,ad,ad-7fb5b4f859-zsstr,cpu_usage,container_cpu_usage,0.0043358612628823035
1776461673.63,ad,ad-7fb5b4f859-zsstr,memory_usage,container_memory_working_set_bytes,261812224.0
1776461673.63,ad,ad::service,pod_restart_count,k8s_container_restarts,3.0
1776461673.63,ad,ad::service,pod_running_count,k8s_container_ready,3.0
1776461673.63,cart,cart-7c7496d7f-th7mc,cpu_usage,container_cpu_usage,0.06263359895002808
1776461673.63,cart,cart-7c7496d7f-th7mc,memory_usage,container_memory_working_set_bytes,63291392.0
1776461673.63,cart,cart::service,pod_restart_count,k8s_container_restarts,1.0
1776461673.63,cart,cart::service,pod_running_count,k8s_container_ready,1.0
1776461673.63,cart,f1f3afac-3031-4c18-925a-048232421d89,dependency_error_ratio,trace_client_error_ratio,0.0
1776461673.63,cart,f1f3afac-3031-4c18-925a-048232421d89,error_ratio,trace_server_error_ratio,0.0
1776461673.63,cart,f1f3afac-3031-4c18-925a-048232421d89,request_count,trace_server_count,0.0
1776461673.63,checkout,4755bdbd-5ad9-49fa-acb7-3a7dcb6a9277,dependency_error_ratio,trace_client_error_ratio,0.0
1776461673.63,checkout,4755bdbd-5ad9-49fa-acb7-3a7dcb6a9277,error_ratio,trace_server_error_ratio,0.0
1776461673.63,checkout,4755bdbd-5ad9-49fa-acb7-3a7dcb6a9277,request_count,trace_server_count,0.0
1776461673.63,checkout,bb49e6b9-109a-41b8-be66-ab2a38272474,dependency_error_ratio,trace_client_error_ratio,0.0
1776461673.63,checkout,bb49e6b9-109a-41b8-be66-ab2a38272474,error_ratio,trace_server_error_ratio,0.0
1776461673.63,checkout,bb49e6b9-109a-41b8-be66-ab2a38272474,request_count,trace_server_count,0.0
1776461673.63,checkout,bc5804df-6f63-4261-8788-8ecfe5481366,dependency_error_ratio,trace_client_error_ratio,0.0
1776461673.63,checkout,bc5804df-6f63-4261-8788-8ecfe5481366,error_ratio,trace_server_error_ratio,0.0
1776461673.63,checkout,bc5804df-6f63-4261-8788-8ecfe5481366,request_count,trace_server_count,0.0
1776461673.63,checkout,checkout-7f4ccfc547-6crwh,cpu_usage,container_cpu_usage,0.16801838177533282
1776461673.63,checkout,checkout-7f4ccfc547-6crwh,memory_usage,container_memory_working_set_bytes,15470592.0
1776461673.63,checkout,checkout-7f4ccfc547-ftx2n,cpu_usage,container_cpu_usage,0.0005045378151260419
1776461673.63,checkout,checkout-7f4ccfc547-ftx2n,memory_usage,container_memory_working_set_bytes,12005376.0
1776461673.63,checkout,checkout-7f4ccfc547-qlfgr,cpu_usage,container_cpu_usage,0.020821209016393567
1776461673.63,checkout,checkout-7f4ccfc547-qlfgr,memory_usage,container_memory_working_set_bytes,14778368.0
1776461673.63,checkout,checkout::service,pod_restart_count,k8s_container_restarts,45.0
1776461673.63,checkout,checkout::service,pod_running_count,k8s_container_ready,3.0
1776461673.63,email,email-5dcf48b665-66zvj,cpu_usage,container_cpu_usage,0.01255507090543921
1776461673.63,email,email-5dcf48b665-66zvj,memory_usage,container_memory_working_set_bytes,59518976.0
1776461673.63,email,email-5dcf48b665-9xxmx,cpu_usage,container_cpu_usage,0.0007824349998796029
1776461673.63,email,email-5dcf48b665-9xxmx,memory_usage,container_memory_working_set_bytes,56311808.0
1776461673.63,email,email-5dcf48b665-n4zf2,cpu_usage,container_cpu_usage,0.008233300661602798
1776461673.63,email,email-5dcf48b665-n4zf2,memory_usage,container_memory_working_set_bytes,54743040.0
1776461673.63,email,email::service,pod_restart_count,k8s_container_restarts,9.0
1776461673.63,email,email::service,pod_running_count,k8s_container_ready,3.0
1776461673.63,email,otel-demo.email-5dcf48b665-66zvj.email,error_ratio,trace_server_error_ratio,0.0
1776461673.63,email,otel-demo.email-5dcf48b665-66zvj.email,request_count,trace_server_count,0.0
1776461673.63,email,otel-demo.email-5dcf48b665-9xxmx.email,error_ratio,trace_server_error_ratio,0.0
1776461673.63,email,otel-demo.email-5dcf48b665-9xxmx.email,request_count,trace_server_count,0.0
1776461673.63,email,otel-demo.email-5dcf48b665-n4zf2.email,error_ratio,trace_server_error_ratio,0.0
1776461673.63,email,otel-demo.email-5dcf48b665-n4zf2.email,request_count,trace_server_count,0.0
1776461673.63,frontend,frontend-b78bf7696-6bjdg,cpu_usage,container_cpu_usage,0.1276446116728973
1776461673.63,frontend,frontend-b78bf7696-6bjdg,memory_usage,container_memory_working_set_bytes,118800384.0
1776461673.63,frontend,frontend-b78bf7696-77ldd,cpu_usage,container_cpu_usage,0.06167413628058467
1776461673.63,frontend,frontend-b78bf7696-77ldd,memory_usage,container_memory_working_set_bytes,92983296.0
1776461673.63,frontend,frontend-b78bf7696-p9kqx,cpu_usage,container_cpu_usage,0.12595514170816235
1776461673.63,frontend,frontend-b78bf7696-p9kqx,memory_usage,container_memory_working_set_bytes,117063680.0
1776461673.63,frontend,frontend::service,pod_restart_count,k8s_container_restarts,3.0
1776461673.63,frontend,frontend::service,pod_running_count,k8s_container_ready,3.0
1776461673.63,frontend,otel-demo.frontend-b78bf7696-6bjdg.frontend,dependency_error_ratio,trace_client_error_ratio,0.0
1776461673.63,frontend,otel-demo.frontend-b78bf7696-6bjdg.frontend,error_ratio,trace_server_error_ratio,0.0
1776461673.63,frontend,otel-demo.frontend-b78bf7696-6bjdg.frontend,http_5xx_ratio,http_server_5xx_ratio,0.0
1776461673.63,frontend,otel-demo.frontend-b78bf7696-6bjdg.frontend,request_count,trace_server_count,0.0
1776461673.63,frontend,otel-demo.frontend-b78bf7696-77ldd.frontend,dependency_error_ratio,trace_client_error_ratio,0.0
1776461673.63,frontend,otel-demo.frontend-b78bf7696-77ldd.frontend,error_ratio,trace_server_error_ratio,0.0
1776461673.63,frontend,otel-demo.frontend-b78bf7696-77ldd.frontend,http_5xx_ratio,http_server_5xx_ratio,0.0
1776461673.63,frontend,otel-demo.frontend-b78bf7696-77ldd.frontend,request_count,trace_server_count,0.0
1776461673.63,frontend,otel-demo.frontend-b78bf7696-p9kqx.frontend,dependency_error_ratio,trace_client_error_ratio,0.0
1776461673.63,frontend,otel-demo.frontend-b78bf7696-p9kqx.frontend,error_ratio,trace_server_error_ratio,0.0
1776461673.63,frontend,otel-demo.frontend-b78bf7696-p9kqx.frontend,http_5xx_ratio,http_server_5xx_ratio,0.0
1776461673.63,frontend,otel-demo.frontend-b78bf7696-p9kqx.frontend,request_count,trace_server_count,0.0
1776461673.63,kafka,kafka-66df8bdf76-zjcbb,cpu_usage,container_cpu_usage,0.015911996128547053
1776461673.63,kafka,kafka-66df8bdf76-zjcbb,memory_usage,container_memory_working_set_bytes,665313280.0
1776461673.63,kafka,kafka::service,pod_restart_count,k8s_container_restarts,9.0
1776461673.63,kafka,kafka::service,pod_running_count,k8s_container_ready,1.0
1776461673.63,kafka,kafka::service,queue_lag,queue_size_ratio,0.0
1776461673.63,payment,otel-demo.payment-f9f8d647b-74h8z.payment,dependency_error_ratio,trace_client_error_ratio,0.0
1776461673.63,payment,otel-demo.payment-f9f8d647b-74h8z.payment,error_ratio,trace_server_error_ratio,0.0
1776461673.63,payment,otel-demo.payment-f9f8d647b-74h8z.payment,request_count,trace_server_count,0.0
1776461673.63,payment,otel-demo.payment-f9f8d647b-75hmx.payment,dependency_error_ratio,trace_client_error_ratio,0.0
1776461673.63,payment,otel-demo.payment-f9f8d647b-75hmx.payment,error_ratio,trace_server_error_ratio,0.0
1776461673.63,payment,otel-demo.payment-f9f8d647b-75hmx.payment,request_count,trace_server_count,0.0
1776461673.63,payment,otel-demo.payment-f9f8d647b-tv6l5.payment,dependency_error_ratio,trace_client_error_ratio,0.0
1776461673.63,payment,otel-demo.payment-f9f8d647b-tv6l5.payment,error_ratio,trace_server_error_ratio,0.0
1776461673.63,payment,otel-demo.payment-f9f8d647b-tv6l5.payment,request_count,trace_server_count,0.0
1776461673.63,payment,payment-f9f8d647b-74h8z,cpu_usage,container_cpu_usage,0.010483566066358165
1776461673.63,payment,payment-f9f8d647b-74h8z,memory_usage,container_memory_working_set_bytes,108601344.0
1776461673.63,payment,payment-f9f8d647b-75hmx,cpu_usage,container_cpu_usage,0.016266738321186844
1776461673.63,payment,payment-f9f8d647b-75hmx,memory_usage,container_memory_working_set_bytes,110178304.0
1776461673.63,payment,payment-f9f8d647b-tv6l5,cpu_usage,container_cpu_usage,0.009342728952230012
1776461673.63,payment,payment-f9f8d647b-tv6l5,memory_usage,container_memory_working_set_bytes,99213312.0
1776461673.63,payment,payment::service,pod_restart_count,k8s_container_restarts,39.0
1776461673.63,payment,payment::service,pod_running_count,k8s_container_ready,3.0
1776461673.63,product-catalog,otel-demo.product-catalog-784544475c-7crs7.product-catalog,dependency_error_ratio,trace_client_error_ratio,0.0
1776461673.63,product-catalog,otel-demo.product-catalog-784544475c-7crs7.product-catalog,error_ratio,trace_server_error_ratio,0.0
1776461673.63,product-catalog,otel-demo.product-catalog-784544475c-7crs7.product-catalog,request_count,trace_server_count,0.0
1776461673.63,product-catalog,otel-demo.product-catalog-784544475c-8skc7.product-catalog,dependency_error_ratio,trace_client_error_ratio,0.0
1776461673.63,product-catalog,otel-demo.product-catalog-784544475c-8skc7.product-catalog,error_ratio,trace_server_error_ratio,0.0
1776461673.63,product-catalog,otel-demo.product-catalog-784544475c-8skc7.product-catalog,request_count,trace_server_count,0.0
1776461673.63,product-catalog,otel-demo.product-catalog-784544475c-stwzc.product-catalog,dependency_error_ratio,trace_client_error_ratio,0.0
1776461673.63,product-catalog,otel-demo.product-catalog-784544475c-stwzc.product-catalog,error_ratio,trace_server_error_ratio,0.0
1776461673.63,product-catalog,otel-demo.product-catalog-784544475c-stwzc.product-catalog,request_count,trace_server_count,0.0
1776461673.63,product-catalog,product-catalog-784544475c-7crs7,cpu_usage,container_cpu_usage,0.0005185008923259933
1776461673.63,product-catalog,product-catalog-784544475c-7crs7,memory_usage,container_memory_working_set_bytes,14172160.0
1776461673.63,product-catalog,product-catalog-784544475c-8skc7,cpu_usage,container_cpu_usage,0.02523379346742256
1776461673.63,product-catalog,product-catalog-784544475c-8skc7,memory_usage,container_memory_working_set_bytes,16130048.0
1776461673.63,product-catalog,product-catalog-784544475c-stwzc,cpu_usage,container_cpu_usage,0.12078400439525859
1776461673.63,product-catalog,product-catalog-784544475c-stwzc,memory_usage,container_memory_working_set_bytes,15220736.0
1776461673.63,product-catalog,product-catalog::service,pod_restart_count,k8s_container_restarts,35.0
1776461673.63,product-catalog,product-catalog::service,pod_running_count,k8s_container_ready,3.0
1776461673.63,recommendation,otel-demo.recommendation-5b46f7469c-g2rgb.recommendation,dependency_error_ratio,trace_client_error_ratio,0.0
1776461673.63,recommendation,otel-demo.recommendation-5b46f7469c-rjwxq.recommendation,dependency_error_ratio,trace_client_error_ratio,0.0
1776461673.63,recommendation,otel-demo.recommendation-5b46f7469c-rjwxq.recommendation,error_ratio,trace_server_error_ratio,0.0
1776461673.63,recommendation,otel-demo.recommendation-5b46f7469c-rjwxq.recommendation,request_count,trace_server_count,0.0
1776461673.63,recommendation,otel-demo.recommendation-5b46f7469c-t2fm9.recommendation,dependency_error_ratio,trace_client_error_ratio,0.0
1776461673.63,recommendation,otel-demo.recommendation-5b46f7469c-t2fm9.recommendation,error_ratio,trace_server_error_ratio,0.0
1776461673.63,recommendation,otel-demo.recommendation-5b46f7469c-t2fm9.recommendation,request_count,trace_server_count,0.0
1776461673.63,recommendation,recommendation-5b46f7469c-g2rgb,cpu_usage,container_cpu_usage,0.012463592354144433
1776461673.63,recommendation,recommendation-5b46f7469c-g2rgb,memory_usage,container_memory_working_set_bytes,46772224.0
1776461673.63,recommendation,recommendation-5b46f7469c-rjwxq,cpu_usage,container_cpu_usage,0.028102112676056612
1776461673.63,recommendation,recommendation-5b46f7469c-rjwxq,memory_usage,container_memory_working_set_bytes,47800320.0
1776461673.63,recommendation,recommendation-5b46f7469c-t2fm9,cpu_usage,container_cpu_usage,0.03081096626572352
1776461673.63,recommendation,recommendation-5b46f7469c-t2fm9,memory_usage,container_memory_working_set_bytes,52527104.0
1776461673.63,recommendation,recommendation::service,pod_restart_count,k8s_container_restarts,3.0
1776461673.63,recommendation,recommendation::service,pod_running_count,k8s_container_ready,3.0
1776461683.63,ad,3a8b9295-6ae2-4e8a-b9b0-a607d7fec0a4,dependency_error_ratio,trace_client_error_ratio,0.0
1776461683.63,ad,3a8b9295-6ae2-4e8a-b9b0-a607d7fec0a4,error_ratio,trace_server_error_ratio,0.0
1776461683.63,ad,3a8b9295-6ae2-4e8a-b9b0-a607d7fec0a4,request_count,trace_server_count,0.0
1776461683.63,ad,5680c7ee-584c-4353-b6d2-93bc605a0324,dependency_error_ratio,trace_client_error_ratio,0.0
1776461683.63,ad,5680c7ee-584c-4353-b6d2-93bc605a0324,error_ratio,trace_server_error_ratio,0.0
1776461683.63,ad,5680c7ee-584c-4353-b6d2-93bc605a0324,request_count,trace_server_count,0.0
1776461683.63,ad,9f9a3c1c-bd3f-40ea-8764-b59f1ebd2204,dependency_error_ratio,trace_client_error_ratio,0.0
1776461683.63,ad,ad-7fb5b4f859-52ks9,cpu_usage,container_cpu_usage,0.003742564441512991
1776461683.63,ad,ad-7fb5b4f859-52ks9,memory_usage,container_memory_working_set_bytes,260558848.0
1776461683.63,ad,ad-7fb5b4f859-rd4zw,cpu_usage,container_cpu_usage,0.001802864066971786
1776461683.63,ad,ad-7fb5b4f859-rd4zw,memory_usage,container_memory_working_set_bytes,238661632.0
1776461683.63,ad,ad-7fb5b4f859-zsstr,cpu_usage,container_cpu_usage,0.004724871606757455
1776461683.63,ad,ad-7fb5b4f859-zsstr,memory_usage,container_memory_working_set_bytes,261812224.0
1776461683.63,ad,ad::service,pod_restart_count,k8s_container_restarts,3.0
1776461683.63,ad,ad::service,pod_running_count,k8s_container_ready,3.0
1776461683.63,cart,cart-7c7496d7f-th7mc,cpu_usage,container_cpu_usage,0.06616544136815916
1776461683.63,cart,cart-7c7496d7f-th7mc,memory_usage,container_memory_working_set_bytes,63291392.0
1776461683.63,cart,cart::service,pod_restart_count,k8s_container_restarts,1.0
1776461683.63,cart,cart::service,pod_running_count,k8s_container_ready,1.0
1776461683.63,cart,f1f3afac-3031-4c18-925a-048232421d89,dependency_error_ratio,trace_client_error_ratio,0.0
1776461683.63,cart,f1f3afac-3031-4c18-925a-048232421d89,error_ratio,trace_server_error_ratio,0.0
1776461683.63,cart,f1f3afac-3031-4c18-925a-048232421d89,request_count,trace_server_count,0.0
1776461683.63,checkout,4755bdbd-5ad9-49fa-acb7-3a7dcb6a9277,dependency_error_ratio,trace_client_error_ratio,0.0
1776461683.63,checkout,4755bdbd-5ad9-49fa-acb7-3a7dcb6a9277,error_ratio,trace_server_error_ratio,0.0
1776461683.63,checkout,4755bdbd-5ad9-49fa-acb7-3a7dcb6a9277,request_count,trace_server_count,0.0
1776461683.63,checkout,bb49e6b9-109a-41b8-be66-ab2a38272474,dependency_error_ratio,trace_client_error_ratio,0.0
1776461683.63,checkout,bb49e6b9-109a-41b8-be66-ab2a38272474,error_ratio,trace_server_error_ratio,0.0
1776461683.63,checkout,bb49e6b9-109a-41b8-be66-ab2a38272474,request_count,trace_server_count,0.0
1776461683.63,checkout,bc5804df-6f63-4261-8788-8ecfe5481366,dependency_error_ratio,trace_client_error_ratio,0.0
1776461683.63,checkout,bc5804df-6f63-4261-8788-8ecfe5481366,error_ratio,trace_server_error_ratio,0.0
1776461683.63,checkout,bc5804df-6f63-4261-8788-8ecfe5481366,request_count,trace_server_count,0.0
1776461683.63,checkout,checkout-7f4ccfc547-6crwh,cpu_usage,container_cpu_usage,0.13463290942473083
1776461683.63,checkout,checkout-7f4ccfc547-6crwh,memory_usage,container_memory_working_set_bytes,15470592.0
1776461683.63,checkout,checkout-7f4ccfc547-ftx2n,cpu_usage,container_cpu_usage,0.0005281125884993961
1776461683.63,checkout,checkout-7f4ccfc547-ftx2n,memory_usage,container_memory_working_set_bytes,12005376.0
1776461683.63,checkout,checkout-7f4ccfc547-qlfgr,cpu_usage,container_cpu_usage,0.016447043618740192
1776461683.63,checkout,checkout-7f4ccfc547-qlfgr,memory_usage,container_memory_working_set_bytes,14778368.0
1776461683.63,checkout,checkout::service,pod_restart_count,k8s_container_restarts,45.0
1776461683.63,checkout,checkout::service,pod_running_count,k8s_container_ready,3.0
1776461683.63,email,email-5dcf48b665-66zvj,cpu_usage,container_cpu_usage,0.015279365732172118
1776461683.63,email,email-5dcf48b665-66zvj,memory_usage,container_memory_working_set_bytes,59408384.0
1776461683.63,email,email-5dcf48b665-9xxmx,cpu_usage,container_cpu_usage,0.0011979164276362609
1776461683.63,email,email-5dcf48b665-9xxmx,memory_usage,container_memory_working_set_bytes,56217600.0
1776461683.63,email,email-5dcf48b665-n4zf2,cpu_usage,container_cpu_usage,0.0070969817980857195
1776461683.63,email,email-5dcf48b665-n4zf2,memory_usage,container_memory_working_set_bytes,54607872.0
1776461683.63,email,email::service,pod_restart_count,k8s_container_restarts,9.0
1776461683.63,email,email::service,pod_running_count,k8s_container_ready,3.0
1776461683.63,email,otel-demo.email-5dcf48b665-66zvj.email,error_ratio,trace_server_error_ratio,0.0
1776461683.63,email,otel-demo.email-5dcf48b665-66zvj.email,request_count,trace_server_count,0.0
1776461683.63,email,otel-demo.email-5dcf48b665-9xxmx.email,error_ratio,trace_server_error_ratio,0.0
1776461683.63,email,otel-demo.email-5dcf48b665-9xxmx.email,request_count,trace_server_count,0.0
1776461683.63,email,otel-demo.email-5dcf48b665-n4zf2.email,error_ratio,trace_server_error_ratio,0.0
1776461683.63,email,otel-demo.email-5dcf48b665-n4zf2.email,request_count,trace_server_count,0.0
1776461683.63,frontend,frontend-b78bf7696-6bjdg,cpu_usage,container_cpu_usage,0.13554337110425127
1776461683.63,frontend,frontend-b78bf7696-6bjdg,memory_usage,container_memory_working_set_bytes,118677504.0
1776461683.63,frontend,frontend-b78bf7696-77ldd,cpu_usage,container_cpu_usage,0.09206005721877987
1776461683.63,frontend,frontend-b78bf7696-77ldd,memory_usage,container_memory_working_set_bytes,94248960.0
1776461683.63,frontend,frontend-b78bf7696-p9kqx,cpu_usage,container_cpu_usage,0.07990903338121802
1776461683.63,frontend,frontend-b78bf7696-p9kqx,memory_usage,container_memory_working_set_bytes,117628928.0
1776461683.63,frontend,frontend::service,pod_restart_count,k8s_container_restarts,3.0
1776461683.63,frontend,frontend::service,pod_running_count,k8s_container_ready,3.0
1776461683.63,frontend,otel-demo.frontend-b78bf7696-6bjdg.frontend,dependency_error_ratio,trace_client_error_ratio,0.0
1776461683.63,frontend,otel-demo.frontend-b78bf7696-6bjdg.frontend,error_ratio,trace_server_error_ratio,0.0
1776461683.63,frontend,otel-demo.frontend-b78bf7696-6bjdg.frontend,http_5xx_ratio,http_server_5xx_ratio,0.0
1776461683.63,frontend,otel-demo.frontend-b78bf7696-6bjdg.frontend,request_count,trace_server_count,0.0
1776461683.63,frontend,otel-demo.frontend-b78bf7696-77ldd.frontend,dependency_error_ratio,trace_client_error_ratio,0.0
1776461683.63,frontend,otel-demo.frontend-b78bf7696-77ldd.frontend,error_ratio,trace_server_error_ratio,0.0
1776461683.63,frontend,otel-demo.frontend-b78bf7696-77ldd.frontend,http_5xx_ratio,http_server_5xx_ratio,0.0
1776461683.63,frontend,otel-demo.frontend-b78bf7696-77ldd.frontend,request_count,trace_server_count,0.0
1776461683.63,frontend,otel-demo.frontend-b78bf7696-p9kqx.frontend,dependency_error_ratio,trace_client_error_ratio,0.0
1776461683.63,frontend,otel-demo.frontend-b78bf7696-p9kqx.frontend,error_ratio,trace_server_error_ratio,0.0
1776461683.63,frontend,otel-demo.frontend-b78bf7696-p9kqx.frontend,http_5xx_ratio,http_server_5xx_ratio,0.0
1776461683.63,frontend,otel-demo.frontend-b78bf7696-p9kqx.frontend,request_count,trace_server_count,0.0
1776461683.63,kafka,kafka-66df8bdf76-zjcbb,cpu_usage,container_cpu_usage,0.015757063057256115
1776461683.63,kafka,kafka-66df8bdf76-zjcbb,memory_usage,container_memory_working_set_bytes,665313280.0
1776461683.63,kafka,kafka::service,pod_restart_count,k8s_container_restarts,9.0
1776461683.63,kafka,kafka::service,pod_running_count,k8s_container_ready,1.0
1776461683.63,kafka,kafka::service,queue_lag,queue_size_ratio,0.0
1776461683.63,payment,otel-demo.payment-f9f8d647b-74h8z.payment,dependency_error_ratio,trace_client_error_ratio,0.0
1776461683.63,payment,otel-demo.payment-f9f8d647b-74h8z.payment,error_ratio,trace_server_error_ratio,0.0
1776461683.63,payment,otel-demo.payment-f9f8d647b-74h8z.payment,request_count,trace_server_count,0.0
1776461683.63,payment,otel-demo.payment-f9f8d647b-75hmx.payment,dependency_error_ratio,trace_client_error_ratio,0.0
1776461683.63,payment,otel-demo.payment-f9f8d647b-75hmx.payment,error_ratio,trace_server_error_ratio,0.0
1776461683.63,payment,otel-demo.payment-f9f8d647b-75hmx.payment,request_count,trace_server_count,0.0
1776461683.63,payment,otel-demo.payment-f9f8d647b-tv6l5.payment,dependency_error_ratio,trace_client_error_ratio,0.0
1776461683.63,payment,otel-demo.payment-f9f8d647b-tv6l5.payment,error_ratio,trace_server_error_ratio,0.0
1776461683.63,payment,otel-demo.payment-f9f8d647b-tv6l5.payment,request_count,trace_server_count,0.0
1776461683.63,payment,payment-f9f8d647b-74h8z,cpu_usage,container_cpu_usage,0.010408360966366702
1776461683.63,payment,payment-f9f8d647b-74h8z,memory_usage,container_memory_working_set_bytes,108584960.0
1776461683.63,payment,payment-f9f8d647b-75hmx,cpu_usage,container_cpu_usage,0.01621797545046808
1776461683.63,payment,payment-f9f8d647b-75hmx,memory_usage,container_memory_working_set_bytes,110178304.0
1776461683.63,payment,payment-f9f8d647b-tv6l5,cpu_usage,container_cpu_usage,0.008741925120474758
1776461683.63,payment,payment-f9f8d647b-tv6l5,memory_usage,container_memory_working_set_bytes,99213312.0
1776461683.63,payment,payment::service,pod_restart_count,k8s_container_restarts,39.0
1776461683.63,payment,payment::service,pod_running_count,k8s_container_ready,3.0
1776461683.63,product-catalog,otel-demo.product-catalog-784544475c-7crs7.product-catalog,dependency_error_ratio,trace_client_error_ratio,0.0
1776461683.63,product-catalog,otel-demo.product-catalog-784544475c-7crs7.product-catalog,error_ratio,trace_server_error_ratio,0.0
1776461683.63,product-catalog,otel-demo.product-catalog-784544475c-7crs7.product-catalog,request_count,trace_server_count,0.0
1776461683.63,product-catalog,otel-demo.product-catalog-784544475c-8skc7.product-catalog,dependency_error_ratio,trace_client_error_ratio,0.0
1776461683.63,product-catalog,otel-demo.product-catalog-784544475c-8skc7.product-catalog,error_ratio,trace_server_error_ratio,0.0
1776461683.63,product-catalog,otel-demo.product-catalog-784544475c-8skc7.product-catalog,request_count,trace_server_count,0.0
1776461683.63,product-catalog,otel-demo.product-catalog-784544475c-stwzc.product-catalog,dependency_error_ratio,trace_client_error_ratio,0.0
1776461683.63,product-catalog,otel-demo.product-catalog-784544475c-stwzc.product-catalog,error_ratio,trace_server_error_ratio,0.0
1776461683.63,product-catalog,otel-demo.product-catalog-784544475c-stwzc.product-catalog,request_count,trace_server_count,0.0
1776461683.63,product-catalog,product-catalog-784544475c-7crs7,cpu_usage,container_cpu_usage,0.00045677928916191125
1776461683.63,product-catalog,product-catalog-784544475c-7crs7,memory_usage,container_memory_working_set_bytes,14172160.0
1776461683.63,product-catalog,product-catalog-784544475c-8skc7,cpu_usage,container_cpu_usage,0.032736769538775995
1776461683.63,product-catalog,product-catalog-784544475c-8skc7,memory_usage,container_memory_working_set_bytes,15167488.0
1776461683.63,product-catalog,product-catalog-784544475c-stwzc,cpu_usage,container_cpu_usage,0.13205763225428335
1776461683.63,product-catalog,product-catalog-784544475c-stwzc,memory_usage,container_memory_working_set_bytes,15220736.0
1776461683.63,product-catalog,product-catalog::service,pod_restart_count,k8s_container_restarts,35.0
1776461683.63,product-catalog,product-catalog::service,pod_running_count,k8s_container_ready,3.0
1776461683.63,recommendation,otel-demo.recommendation-5b46f7469c-g2rgb.recommendation,dependency_error_ratio,trace_client_error_ratio,0.0
1776461683.63,recommendation,otel-demo.recommendation-5b46f7469c-rjwxq.recommendation,dependency_error_ratio,trace_client_error_ratio,0.0
1776461683.63,recommendation,otel-demo.recommendation-5b46f7469c-rjwxq.recommendation,error_ratio,trace_server_error_ratio,0.0
1776461683.63,recommendation,otel-demo.recommendation-5b46f7469c-rjwxq.recommendation,request_count,trace_server_count,0.0
1776461683.63,recommendation,otel-demo.recommendation-5b46f7469c-t2fm9.recommendation,dependency_error_ratio,trace_client_error_ratio,0.0
1776461683.63,recommendation,otel-demo.recommendation-5b46f7469c-t2fm9.recommendation,error_ratio,trace_server_error_ratio,0.0
1776461683.63,recommendation,otel-demo.recommendation-5b46f7469c-t2fm9.recommendation,request_count,trace_server_count,0.0
1776461683.63,recommendation,recommendation-5b46f7469c-g2rgb,cpu_usage,container_cpu_usage,0.012463592354144435
1776461683.63,recommendation,recommendation-5b46f7469c-g2rgb,memory_usage,container_memory_working_set_bytes,46772224.0
1776461683.63,recommendation,recommendation-5b46f7469c-rjwxq,cpu_usage,container_cpu_usage,0.028097165890541047
1776461683.63,recommendation,recommendation-5b46f7469c-rjwxq,memory_usage,container_memory_working_set_bytes,47800320.0
1776461683.63,recommendation,recommendation-5b46f7469c-t2fm9,cpu_usage,container_cpu_usage,0.03744042984926284
1776461683.63,recommendation,recommendation-5b46f7469c-t2fm9,memory_usage,container_memory_working_set_bytes,52633600.0
1776461683.63,recommendation,recommendation::service,pod_restart_count,k8s_container_restarts,3.0
1776461683.63,recommendation,recommendation::service,pod_running_count,k8s_container_ready,3.0
1776461693.63,ad,3a8b9295-6ae2-4e8a-b9b0-a607d7fec0a4,dependency_error_ratio,trace_client_error_ratio,0.0
1776461693.63,ad,3a8b9295-6ae2-4e8a-b9b0-a607d7fec0a4,error_ratio,trace_server_error_ratio,0.0
1776461693.63,ad,3a8b9295-6ae2-4e8a-b9b0-a607d7fec0a4,request_count,trace_server_count,0.0
1776461693.63,ad,5680c7ee-584c-4353-b6d2-93bc605a0324,dependency_error_ratio,trace_client_error_ratio,0.0
1776461693.63,ad,5680c7ee-584c-4353-b6d2-93bc605a0324,error_ratio,trace_server_error_ratio,0.0
1776461693.63,ad,5680c7ee-584c-4353-b6d2-93bc605a0324,request_count,trace_server_count,0.0
1776461693.63,ad,9f9a3c1c-bd3f-40ea-8764-b59f1ebd2204,dependency_error_ratio,trace_client_error_ratio,0.0
1776461693.63,ad,ad-7fb5b4f859-52ks9,cpu_usage,container_cpu_usage,0.0033621825899219334
1776461693.63,ad,ad-7fb5b4f859-52ks9,memory_usage,container_memory_working_set_bytes,260558848.0
1776461693.63,ad,ad-7fb5b4f859-rd4zw,cpu_usage,container_cpu_usage,0.0016997609138395115
1776461693.63,ad,ad-7fb5b4f859-rd4zw,memory_usage,container_memory_working_set_bytes,238661632.0
1776461693.63,ad,ad-7fb5b4f859-zsstr,cpu_usage,container_cpu_usage,0.004724871606757455
1776461693.63,ad,ad-7fb5b4f859-zsstr,memory_usage,container_memory_working_set_bytes,261812224.0
1776461693.63,ad,ad::service,pod_restart_count,k8s_container_restarts,3.0
1776461693.63,ad,ad::service,pod_running_count,k8s_container_ready,3.0
1776461693.63,cart,cart-7c7496d7f-th7mc,cpu_usage,container_cpu_usage,0.06816315383365587
1776461693.63,cart,cart-7c7496d7f-th7mc,memory_usage,container_memory_working_set_bytes,63225856.0
1776461693.63,cart,cart::service,pod_restart_count,k8s_container_restarts,1.0
1776461693.63,cart,cart::service,pod_running_count,k8s_container_ready,1.0
1776461693.63,cart,f1f3afac-3031-4c18-925a-048232421d89,dependency_error_ratio,trace_client_error_ratio,0.0
1776461693.63,cart,f1f3afac-3031-4c18-925a-048232421d89,error_ratio,trace_server_error_ratio,0.0
1776461693.63,cart,f1f3afac-3031-4c18-925a-048232421d89,request_count,trace_server_count,0.0
1776461693.63,checkout,4755bdbd-5ad9-49fa-acb7-3a7dcb6a9277,dependency_error_ratio,trace_client_error_ratio,0.0
1776461693.63,checkout,4755bdbd-5ad9-49fa-acb7-3a7dcb6a9277,error_ratio,trace_server_error_ratio,0.0
1776461693.63,checkout,4755bdbd-5ad9-49fa-acb7-3a7dcb6a9277,request_count,trace_server_count,0.0
1776461693.63,checkout,bb49e6b9-109a-41b8-be66-ab2a38272474,dependency_error_ratio,trace_client_error_ratio,0.0
1776461693.63,checkout,bb49e6b9-109a-41b8-be66-ab2a38272474,error_ratio,trace_server_error_ratio,0.0
1776461693.63,checkout,bb49e6b9-109a-41b8-be66-ab2a38272474,request_count,trace_server_count,0.0
1776461693.63,checkout,bc5804df-6f63-4261-8788-8ecfe5481366,dependency_error_ratio,trace_client_error_ratio,0.0
1776461693.63,checkout,bc5804df-6f63-4261-8788-8ecfe5481366,error_ratio,trace_server_error_ratio,0.0
1776461693.63,checkout,bc5804df-6f63-4261-8788-8ecfe5481366,request_count,trace_server_count,0.0
1776461693.63,checkout,checkout-7f4ccfc547-6crwh,cpu_usage,container_cpu_usage,0.1671982334357739
1776461693.63,checkout,checkout-7f4ccfc547-6crwh,memory_usage,container_memory_working_set_bytes,16269312.0
1776461693.63,checkout,checkout-7f4ccfc547-ftx2n,cpu_usage,container_cpu_usage,0.0005185546161155977
1776461693.63,checkout,checkout-7f4ccfc547-ftx2n,memory_usage,container_memory_working_set_bytes,12005376.0
1776461693.63,checkout,checkout-7f4ccfc547-qlfgr,cpu_usage,container_cpu_usage,0.035096989243082743
1776461693.63,checkout,checkout-7f4ccfc547-qlfgr,memory_usage,container_memory_working_set_bytes,14815232.0
1776461693.63,checkout,checkout::service,pod_restart_count,k8s_container_restarts,45.0
1776461693.63,checkout,checkout::service,pod_running_count,k8s_container_ready,3.0
1776461693.63,email,email-5dcf48b665-66zvj,cpu_usage,container_cpu_usage,0.015279365732172118
1776461693.63,email,email-5dcf48b665-66zvj,memory_usage,container_memory_working_set_bytes,59408384.0
1776461693.63,email,email-5dcf48b665-9xxmx,cpu_usage,container_cpu_usage,0.001440638572098605
1776461693.63,email,email-5dcf48b665-9xxmx,memory_usage,container_memory_working_set_bytes,56258560.0
1776461693.63,email,email-5dcf48b665-n4zf2,cpu_usage,container_cpu_usage,0.0034034910598051897
1776461693.63,email,email-5dcf48b665-n4zf2,memory_usage,container_memory_working_set_bytes,54607872.0
1776461693.63,email,email::service,pod_restart_count,k8s_container_restarts,9.0
1776461693.63,email,email::service,pod_running_count,k8s_container_ready,3.0
1776461693.63,email,otel-demo.email-5dcf48b665-66zvj.email,error_ratio,trace_server_error_ratio,0.0
1776461693.63,email,otel-demo.email-5dcf48b665-66zvj.email,request_count,trace_server_count,0.0
1776461693.63,email,otel-demo.email-5dcf48b665-9xxmx.email,error_ratio,trace_server_error_ratio,0.0
1776461693.63,email,otel-demo.email-5dcf48b665-9xxmx.email,request_count,trace_server_count,0.0
1776461693.63,email,otel-demo.email-5dcf48b665-n4zf2.email,error_ratio,trace_server_error_ratio,0.0
1776461693.63,email,otel-demo.email-5dcf48b665-n4zf2.email,request_count,trace_server_count,0.0
1776461693.63,frontend,frontend-b78bf7696-6bjdg,cpu_usage,container_cpu_usage,0.13580887577353407
1776461693.63,frontend,frontend-b78bf7696-6bjdg,memory_usage,container_memory_working_set_bytes,118677504.0
1776461693.63,frontend,frontend-b78bf7696-77ldd,cpu_usage,container_cpu_usage,0.09206005721877987
1776461693.63,frontend,frontend-b78bf7696-77ldd,memory_usage,container_memory_working_set_bytes,94248960.0
1776461693.63,frontend,frontend-b78bf7696-p9kqx,cpu_usage,container_cpu_usage,0.08844079742170134
1776461693.63,frontend,frontend-b78bf7696-p9kqx,memory_usage,container_memory_working_set_bytes,117628928.0
1776461693.63,frontend,frontend::service,pod_restart_count,k8s_container_restarts,3.0
1776461693.63,frontend,frontend::service,pod_running_count,k8s_container_ready,3.0
1776461693.63,frontend,otel-demo.frontend-b78bf7696-6bjdg.frontend,dependency_error_ratio,trace_client_error_ratio,0.0
1776461693.63,frontend,otel-demo.frontend-b78bf7696-6bjdg.frontend,error_ratio,trace_server_error_ratio,0.0
1776461693.63,frontend,otel-demo.frontend-b78bf7696-6bjdg.frontend,http_5xx_ratio,http_server_5xx_ratio,0.0
1776461693.63,frontend,otel-demo.frontend-b78bf7696-6bjdg.frontend,request_count,trace_server_count,0.0
1776461693.63,frontend,otel-demo.frontend-b78bf7696-77ldd.frontend,dependency_error_ratio,trace_client_error_ratio,0.0
1776461693.63,frontend,otel-demo.frontend-b78bf7696-77ldd.frontend,error_ratio,trace_server_error_ratio,0.0
1776461693.63,frontend,otel-demo.frontend-b78bf7696-77ldd.frontend,http_5xx_ratio,http_server_5xx_ratio,0.0
1776461693.63,frontend,otel-demo.frontend-b78bf7696-77ldd.frontend,request_count,trace_server_count,0.0
1776461693.63,frontend,otel-demo.frontend-b78bf7696-p9kqx.frontend,dependency_error_ratio,trace_client_error_ratio,0.0
1776461693.63,frontend,otel-demo.frontend-b78bf7696-p9kqx.frontend,error_ratio,trace_server_error_ratio,0.0
1776461693.63,frontend,otel-demo.frontend-b78bf7696-p9kqx.frontend,http_5xx_ratio,http_server_5xx_ratio,0.0
1776461693.63,frontend,otel-demo.frontend-b78bf7696-p9kqx.frontend,request_count,trace_server_count,0.0
1776461693.63,kafka,kafka-66df8bdf76-zjcbb,cpu_usage,container_cpu_usage,0.01555396189270845
1776461693.63,kafka,kafka-66df8bdf76-zjcbb,memory_usage,container_memory_working_set_bytes,665358336.0
1776461693.63,kafka,kafka::service,pod_restart_count,k8s_container_restarts,9.0
1776461693.63,kafka,kafka::service,pod_running_count,k8s_container_ready,1.0
1776461693.63,kafka,kafka::service,queue_lag,queue_size_ratio,0.0
1776461693.63,payment,otel-demo.payment-f9f8d647b-74h8z.payment,dependency_error_ratio,trace_client_error_ratio,0.0
1776461693.63,payment,otel-demo.payment-f9f8d647b-74h8z.payment,error_ratio,trace_server_error_ratio,0.0
1776461693.63,payment,otel-demo.payment-f9f8d647b-74h8z.payment,request_count,trace_server_count,0.0
1776461693.63,payment,otel-demo.payment-f9f8d647b-75hmx.payment,dependency_error_ratio,trace_client_error_ratio,0.0
1776461693.63,payment,otel-demo.payment-f9f8d647b-75hmx.payment,error_ratio,trace_server_error_ratio,0.0
1776461693.63,payment,otel-demo.payment-f9f8d647b-75hmx.payment,request_count,trace_server_count,0.0
1776461693.63,payment,otel-demo.payment-f9f8d647b-tv6l5.payment,dependency_error_ratio,trace_client_error_ratio,0.0
1776461693.63,payment,otel-demo.payment-f9f8d647b-tv6l5.payment,error_ratio,trace_server_error_ratio,0.0
1776461693.63,payment,otel-demo.payment-f9f8d647b-tv6l5.payment,request_count,trace_server_count,0.0
1776461693.63,payment,payment-f9f8d647b-74h8z,cpu_usage,container_cpu_usage,0.010621899620659452
1776461693.63,payment,payment-f9f8d647b-74h8z,memory_usage,container_memory_working_set_bytes,108580864.0
1776461693.63,payment,payment-f9f8d647b-75hmx,cpu_usage,container_cpu_usage,0.016339032066003355
1776461693.63,payment,payment-f9f8d647b-75hmx,memory_usage,container_memory_working_set_bytes,110178304.0
1776461693.63,payment,payment-f9f8d647b-tv6l5,cpu_usage,container_cpu_usage,0.008590355060943258
1776461693.63,payment,payment-f9f8d647b-tv6l5,memory_usage,container_memory_working_set_bytes,99213312.0
1776461693.63,payment,payment::service,pod_restart_count,k8s_container_restarts,39.0
1776461693.63,payment,payment::service,pod_running_count,k8s_container_ready,3.0
1776461693.63,product-catalog,otel-demo.product-catalog-784544475c-7crs7.product-catalog,dependency_error_ratio,trace_client_error_ratio,0.0
1776461693.63,product-catalog,otel-demo.product-catalog-784544475c-7crs7.product-catalog,error_ratio,trace_server_error_ratio,0.0
1776461693.63,product-catalog,otel-demo.product-catalog-784544475c-7crs7.product-catalog,request_count,trace_server_count,0.0
1776461693.63,product-catalog,otel-demo.product-catalog-784544475c-8skc7.product-catalog,dependency_error_ratio,trace_client_error_ratio,0.0
1776461693.63,product-catalog,otel-demo.product-catalog-784544475c-8skc7.product-catalog,error_ratio,trace_server_error_ratio,0.0
1776461693.63,product-catalog,otel-demo.product-catalog-784544475c-8skc7.product-catalog,request_count,trace_server_count,0.0
1776461693.63,product-catalog,otel-demo.product-catalog-784544475c-stwzc.product-catalog,dependency_error_ratio,trace_client_error_ratio,0.0
1776461693.63,product-catalog,otel-demo.product-catalog-784544475c-stwzc.product-catalog,error_ratio,trace_server_error_ratio,0.0
1776461693.63,product-catalog,otel-demo.product-catalog-784544475c-stwzc.product-catalog,request_count,trace_server_count,0.0
1776461693.63,product-catalog,product-catalog-784544475c-7crs7,cpu_usage,container_cpu_usage,0.0004498730389045134
1776461693.63,product-catalog,product-catalog-784544475c-7crs7,memory_usage,container_memory_working_set_bytes,14172160.0
1776461693.63,product-catalog,product-catalog-784544475c-8skc7,cpu_usage,container_cpu_usage,0.030685344122126857
1776461693.63,product-catalog,product-catalog-784544475c-8skc7,memory_usage,container_memory_working_set_bytes,15167488.0
1776461693.63,product-catalog,product-catalog-784544475c-stwzc,cpu_usage,container_cpu_usage,0.15015603802071317
1776461693.63,product-catalog,product-catalog-784544475c-stwzc,memory_usage,container_memory_working_set_bytes,15892480.0
1776461693.63,product-catalog,product-catalog::service,pod_restart_count,k8s_container_restarts,35.0
1776461693.63,product-catalog,product-catalog::service,pod_running_count,k8s_container_ready,3.0
1776461693.63,recommendation,otel-demo.recommendation-5b46f7469c-g2rgb.recommendation,dependency_error_ratio,trace_client_error_ratio,0.0
1776461693.63,recommendation,otel-demo.recommendation-5b46f7469c-rjwxq.recommendation,dependency_error_ratio,trace_client_error_ratio,0.0
1776461693.63,recommendation,otel-demo.recommendation-5b46f7469c-rjwxq.recommendation,error_ratio,trace_server_error_ratio,0.0
1776461693.63,recommendation,otel-demo.recommendation-5b46f7469c-rjwxq.recommendation,request_count,trace_server_count,0.0
1776461693.63,recommendation,otel-demo.recommendation-5b46f7469c-t2fm9.recommendation,dependency_error_ratio,trace_client_error_ratio,0.0
1776461693.63,recommendation,otel-demo.recommendation-5b46f7469c-t2fm9.recommendation,error_ratio,trace_server_error_ratio,0.0
1776461693.63,recommendation,otel-demo.recommendation-5b46f7469c-t2fm9.recommendation,request_count,trace_server_count,0.0
1776461693.63,recommendation,recommendation-5b46f7469c-g2rgb,cpu_usage,container_cpu_usage,0.009181803999063477
1776461693.63,recommendation,recommendation-5b46f7469c-g2rgb,memory_usage,container_memory_working_set_bytes,46772224.0
1776461693.63,recommendation,recommendation-5b46f7469c-rjwxq,cpu_usage,container_cpu_usage,0.02550707709874816
1776461693.63,recommendation,recommendation-5b46f7469c-rjwxq,memory_usage,container_memory_working_set_bytes,47800320.0
1776461693.63,recommendation,recommendation-5b46f7469c-t2fm9,cpu_usage,container_cpu_usage,0.03744042984926284
1776461693.63,recommendation,recommendation-5b46f7469c-t2fm9,memory_usage,container_memory_working_set_bytes,52633600.0
1776461693.63,recommendation,recommendation::service,pod_restart_count,k8s_container_restarts,3.0
1776461693.63,recommendation,recommendation::service,pod_running_count,k8s_container_ready,3.0
1776461703.63,ad,3a8b9295-6ae2-4e8a-b9b0-a607d7fec0a4,dependency_error_ratio,trace_client_error_ratio,0.0
1776461703.63,ad,3a8b9295-6ae2-4e8a-b9b0-a607d7fec0a4,error_ratio,trace_server_error_ratio,0.0
1776461703.63,ad,3a8b9295-6ae2-4e8a-b9b0-a607d7fec0a4,request_count,trace_server_count,0.0
1776461703.63,ad,5680c7ee-584c-4353-b6d2-93bc605a0324,dependency_error_ratio,trace_client_error_ratio,0.0
1776461703.63,ad,5680c7ee-584c-4353-b6d2-93bc605a0324,error_ratio,trace_server_error_ratio,0.0
1776461703.63,ad,5680c7ee-584c-4353-b6d2-93bc605a0324,request_count,trace_server_count,0.0
1776461703.63,ad,9f9a3c1c-bd3f-40ea-8764-b59f1ebd2204,dependency_error_ratio,trace_client_error_ratio,0.0
1776461703.63,ad,ad-7fb5b4f859-52ks9,cpu_usage,container_cpu_usage,0.0029981527241338367
1776461703.63,ad,ad-7fb5b4f859-52ks9,memory_usage,container_memory_working_set_bytes,260558848.0
1776461703.63,ad,ad-7fb5b4f859-rd4zw,cpu_usage,container_cpu_usage,0.0012495260244199651
1776461703.63,ad,ad-7fb5b4f859-rd4zw,memory_usage,container_memory_working_set_bytes,238661632.0
1776461703.63,ad,ad-7fb5b4f859-zsstr,cpu_usage,container_cpu_usage,0.0038195020243849253
1776461703.63,ad,ad-7fb5b4f859-zsstr,memory_usage,container_memory_working_set_bytes,261812224.0
1776461703.63,ad,ad::service,pod_restart_count,k8s_container_restarts,3.0
1776461703.63,ad,ad::service,pod_running_count,k8s_container_ready,3.0
1776461703.63,cart,cart-7c7496d7f-th7mc,cpu_usage,container_cpu_usage,0.06097179223246826
1776461703.63,cart,cart-7c7496d7f-th7mc,memory_usage,container_memory_working_set_bytes,63246336.0
1776461703.63,cart,cart::service,pod_restart_count,k8s_container_restarts,1.0
1776461703.63,cart,cart::service,pod_running_count,k8s_container_ready,1.0
1776461703.63,cart,f1f3afac-3031-4c18-925a-048232421d89,dependency_error_ratio,trace_client_error_ratio,0.0
1776461703.63,cart,f1f3afac-3031-4c18-925a-048232421d89,error_ratio,trace_server_error_ratio,0.0
1776461703.63,cart,f1f3afac-3031-4c18-925a-048232421d89,request_count,trace_server_count,0.0
1776461703.63,checkout,4755bdbd-5ad9-49fa-acb7-3a7dcb6a9277,dependency_error_ratio,trace_client_error_ratio,0.0
1776461703.63,checkout,4755bdbd-5ad9-49fa-acb7-3a7dcb6a9277,error_ratio,trace_server_error_ratio,0.0
1776461703.63,checkout,4755bdbd-5ad9-49fa-acb7-3a7dcb6a9277,request_count,trace_server_count,0.0
1776461703.63,checkout,bb49e6b9-109a-41b8-be66-ab2a38272474,dependency_error_ratio,trace_client_error_ratio,0.0
1776461703.63,checkout,bb49e6b9-109a-41b8-be66-ab2a38272474,error_ratio,trace_server_error_ratio,0.0
1776461703.63,checkout,bb49e6b9-109a-41b8-be66-ab2a38272474,request_count,trace_server_count,0.0
1776461703.63,checkout,bc5804df-6f63-4261-8788-8ecfe5481366,dependency_error_ratio,trace_client_error_ratio,0.0
1776461703.63,checkout,bc5804df-6f63-4261-8788-8ecfe5481366,error_ratio,trace_server_error_ratio,0.0
1776461703.63,checkout,bc5804df-6f63-4261-8788-8ecfe5481366,request_count,trace_server_count,0.0
1776461703.63,checkout,checkout-7f4ccfc547-6crwh,cpu_usage,container_cpu_usage,0.1671982334357739
1776461703.63,checkout,checkout-7f4ccfc547-6crwh,memory_usage,container_memory_working_set_bytes,16269312.0
1776461703.63,checkout,checkout-7f4ccfc547-ftx2n,cpu_usage,container_cpu_usage,0.00036401703393238767
1776461703.63,checkout,checkout-7f4ccfc547-ftx2n,memory_usage,container_memory_working_set_bytes,12005376.0
1776461703.63,checkout,checkout-7f4ccfc547-qlfgr,cpu_usage,container_cpu_usage,0.04116972751771598
1776461703.63,checkout,checkout-7f4ccfc547-qlfgr,memory_usage,container_memory_working_set_bytes,14815232.0
1776461703.63,checkout,checkout::service,pod_restart_count,k8s_container_restarts,45.0
1776461703.63,checkout,checkout::service,pod_running_count,k8s_container_ready,3.0
1776461703.63,email,email-5dcf48b665-66zvj,cpu_usage,container_cpu_usage,0.012511409368962837
1776461703.63,email,email-5dcf48b665-66zvj,memory_usage,container_memory_working_set_bytes,59490304.0
1776461703.63,email,email-5dcf48b665-9xxmx,cpu_usage,container_cpu_usage,0.0014399315981246047
1776461703.63,email,email-5dcf48b665-9xxmx,memory_usage,container_memory_working_set_bytes,56258560.0
1776461703.63,email,email-5dcf48b665-n4zf2,cpu_usage,container_cpu_usage,0.0048946739597144654
1776461703.63,email,email-5dcf48b665-n4zf2,memory_usage,container_memory_working_set_bytes,54861824.0
1776461703.63,email,email::service,pod_restart_count,k8s_container_restarts,9.0
1776461703.63,email,email::service,pod_running_count,k8s_container_ready,3.0
1776461703.63,email,otel-demo.email-5dcf48b665-66zvj.email,error_ratio,trace_server_error_ratio,0.0
1776461703.63,email,otel-demo.email-5dcf48b665-66zvj.email,request_count,trace_server_count,0.0
1776461703.63,email,otel-demo.email-5dcf48b665-9xxmx.email,error_ratio,trace_server_error_ratio,0.0
1776461703.63,email,otel-demo.email-5dcf48b665-9xxmx.email,request_count,trace_server_count,0.0
1776461703.63,email,otel-demo.email-5dcf48b665-n4zf2.email,error_ratio,trace_server_error_ratio,0.0
1776461703.63,email,otel-demo.email-5dcf48b665-n4zf2.email,request_count,trace_server_count,0.0
1776461703.63,frontend,frontend-b78bf7696-6bjdg,cpu_usage,container_cpu_usage,0.09886949575151488
1776461703.63,frontend,frontend-b78bf7696-6bjdg,memory_usage,container_memory_working_set_bytes,119619584.0
1776461703.63,frontend,frontend-b78bf7696-77ldd,cpu_usage,container_cpu_usage,0.10524705381832267
1776461703.63,frontend,frontend-b78bf7696-77ldd,memory_usage,container_memory_working_set_bytes,98902016.0
1776461703.63,frontend,frontend-b78bf7696-p9kqx,cpu_usage,container_cpu_usage,0.09425024065378013
1776461703.63,frontend,frontend-b78bf7696-p9kqx,memory_usage,container_memory_working_set_bytes,117923840.0
1776461703.63,frontend,frontend::service,pod_restart_count,k8s_container_restarts,3.0
1776461703.63,frontend,frontend::service,pod_running_count,k8s_container_ready,3.0
1776461703.63,frontend,otel-demo.frontend-b78bf7696-6bjdg.frontend,dependency_error_ratio,trace_client_error_ratio,0.0
1776461703.63,frontend,otel-demo.frontend-b78bf7696-6bjdg.frontend,error_ratio,trace_server_error_ratio,0.0
1776461703.63,frontend,otel-demo.frontend-b78bf7696-6bjdg.frontend,http_5xx_ratio,http_server_5xx_ratio,0.0
1776461703.63,frontend,otel-demo.frontend-b78bf7696-6bjdg.frontend,request_count,trace_server_count,0.0
1776461703.63,frontend,otel-demo.frontend-b78bf7696-77ldd.frontend,dependency_error_ratio,trace_client_error_ratio,0.0
1776461703.63,frontend,otel-demo.frontend-b78bf7696-77ldd.frontend,error_ratio,trace_server_error_ratio,0.0
1776461703.63,frontend,otel-demo.frontend-b78bf7696-77ldd.frontend,http_5xx_ratio,http_server_5xx_ratio,0.0
1776461703.63,frontend,otel-demo.frontend-b78bf7696-77ldd.frontend,request_count,trace_server_count,0.0
1776461703.63,frontend,otel-demo.frontend-b78bf7696-p9kqx.frontend,dependency_error_ratio,trace_client_error_ratio,0.0
1776461703.63,frontend,otel-demo.frontend-b78bf7696-p9kqx.frontend,error_ratio,trace_server_error_ratio,0.0
1776461703.63,frontend,otel-demo.frontend-b78bf7696-p9kqx.frontend,http_5xx_ratio,http_server_5xx_ratio,0.0
1776461703.63,frontend,otel-demo.frontend-b78bf7696-p9kqx.frontend,request_count,trace_server_count,0.0
1776461703.63,kafka,kafka-66df8bdf76-zjcbb,cpu_usage,container_cpu_usage,0.014351552894638178
1776461703.63,kafka,kafka-66df8bdf76-zjcbb,memory_usage,container_memory_working_set_bytes,665358336.0
1776461703.63,kafka,kafka::service,pod_restart_count,k8s_container_restarts,9.0
1776461703.63,kafka,kafka::service,pod_running_count,k8s_container_ready,1.0
1776461703.63,kafka,kafka::service,queue_lag,queue_size_ratio,0.0
1776461703.63,payment,otel-demo.payment-f9f8d647b-74h8z.payment,dependency_error_ratio,trace_client_error_ratio,0.0
1776461703.63,payment,otel-demo.payment-f9f8d647b-74h8z.payment,error_ratio,trace_server_error_ratio,0.0
1776461703.63,payment,otel-demo.payment-f9f8d647b-74h8z.payment,request_count,trace_server_count,0.0
1776461703.63,payment,otel-demo.payment-f9f8d647b-75hmx.payment,dependency_error_ratio,trace_client_error_ratio,0.0
1776461703.63,payment,otel-demo.payment-f9f8d647b-75hmx.payment,error_ratio,trace_server_error_ratio,0.0
1776461703.63,payment,otel-demo.payment-f9f8d647b-75hmx.payment,request_count,trace_server_count,0.0
1776461703.63,payment,otel-demo.payment-f9f8d647b-tv6l5.payment,dependency_error_ratio,trace_client_error_ratio,0.0
1776461703.63,payment,otel-demo.payment-f9f8d647b-tv6l5.payment,error_ratio,trace_server_error_ratio,0.0
1776461703.63,payment,otel-demo.payment-f9f8d647b-tv6l5.payment,request_count,trace_server_count,0.0
1776461703.63,payment,payment-f9f8d647b-74h8z,cpu_usage,container_cpu_usage,0.010426969666633517
1776461703.63,payment,payment-f9f8d647b-74h8z,memory_usage,container_memory_working_set_bytes,108580864.0
1776461703.63,payment,payment-f9f8d647b-75hmx,cpu_usage,container_cpu_usage,0.010197618557532016
1776461703.63,payment,payment-f9f8d647b-75hmx,memory_usage,container_memory_working_set_bytes,110182400.0
1776461703.63,payment,payment-f9f8d647b-tv6l5,cpu_usage,container_cpu_usage,0.007933748683748515
1776461703.63,payment,payment-f9f8d647b-tv6l5,memory_usage,container_memory_working_set_bytes,99213312.0
1776461703.63,payment,payment::service,pod_restart_count,k8s_container_restarts,39.0
1776461703.63,payment,payment::service,pod_running_count,k8s_container_ready,3.0
1776461703.63,product-catalog,otel-demo.product-catalog-784544475c-7crs7.product-catalog,dependency_error_ratio,trace_client_error_ratio,0.0
1776461703.63,product-catalog,otel-demo.product-catalog-784544475c-7crs7.product-catalog,error_ratio,trace_server_error_ratio,0.0
1776461703.63,product-catalog,otel-demo.product-catalog-784544475c-7crs7.product-catalog,request_count,trace_server_count,0.0
1776461703.63,product-catalog,otel-demo.product-catalog-784544475c-8skc7.product-catalog,dependency_error_ratio,trace_client_error_ratio,0.0
1776461703.63,product-catalog,otel-demo.product-catalog-784544475c-8skc7.product-catalog,error_ratio,trace_server_error_ratio,0.0
1776461703.63,product-catalog,otel-demo.product-catalog-784544475c-8skc7.product-catalog,request_count,trace_server_count,0.0
1776461703.63,product-catalog,otel-demo.product-catalog-784544475c-stwzc.product-catalog,dependency_error_ratio,trace_client_error_ratio,0.0
1776461703.63,product-catalog,otel-demo.product-catalog-784544475c-stwzc.product-catalog,error_ratio,trace_server_error_ratio,0.0
1776461703.63,product-catalog,otel-demo.product-catalog-784544475c-stwzc.product-catalog,request_count,trace_server_count,0.0
1776461703.63,product-catalog,product-catalog-784544475c-7crs7,cpu_usage,container_cpu_usage,0.0004498730389045134
1776461703.63,product-catalog,product-catalog-784544475c-7crs7,memory_usage,container_memory_working_set_bytes,14172160.0
1776461703.63,product-catalog,product-catalog-784544475c-8skc7,cpu_usage,container_cpu_usage,0.048772302850873785
1776461703.63,product-catalog,product-catalog-784544475c-8skc7,memory_usage,container_memory_working_set_bytes,16543744.0
1776461703.63,product-catalog,product-catalog-784544475c-stwzc,cpu_usage,container_cpu_usage,0.1870213095870948
1776461703.63,product-catalog,product-catalog-784544475c-stwzc,memory_usage,container_memory_working_set_bytes,15466496.0
1776461703.63,product-catalog,product-catalog::service,pod_restart_count,k8s_container_restarts,35.0
1776461703.63,product-catalog,product-catalog::service,pod_running_count,k8s_container_ready,3.0
1776461703.63,recommendation,otel-demo.recommendation-5b46f7469c-g2rgb.recommendation,dependency_error_ratio,trace_client_error_ratio,0.0
1776461703.63,recommendation,otel-demo.recommendation-5b46f7469c-rjwxq.recommendation,dependency_error_ratio,trace_client_error_ratio,0.0
1776461703.63,recommendation,otel-demo.recommendation-5b46f7469c-rjwxq.recommendation,error_ratio,trace_server_error_ratio,0.0
1776461703.63,recommendation,otel-demo.recommendation-5b46f7469c-rjwxq.recommendation,request_count,trace_server_count,0.0
1776461703.63,recommendation,otel-demo.recommendation-5b46f7469c-t2fm9.recommendation,dependency_error_ratio,trace_client_error_ratio,0.0
1776461703.63,recommendation,otel-demo.recommendation-5b46f7469c-t2fm9.recommendation,error_ratio,trace_server_error_ratio,0.0
1776461703.63,recommendation,otel-demo.recommendation-5b46f7469c-t2fm9.recommendation,request_count,trace_server_count,0.0
1776461703.63,recommendation,recommendation-5b46f7469c-g2rgb,cpu_usage,container_cpu_usage,0.009181803999063477
1776461703.63,recommendation,recommendation-5b46f7469c-g2rgb,memory_usage,container_memory_working_set_bytes,46772224.0
1776461703.63,recommendation,recommendation-5b46f7469c-rjwxq,cpu_usage,container_cpu_usage,0.02550707709874816
1776461703.63,recommendation,recommendation-5b46f7469c-rjwxq,memory_usage,container_memory_working_set_bytes,47800320.0
1776461703.63,recommendation,recommendation-5b46f7469c-t2fm9,cpu_usage,container_cpu_usage,0.027450833293476244
1776461703.63,recommendation,recommendation-5b46f7469c-t2fm9,memory_usage,container_memory_working_set_bytes,52633600.0
1776461703.63,recommendation,recommendation::service,pod_restart_count,k8s_container_restarts,3.0
1776461703.63,recommendation,recommendation::service,pod_running_count,k8s_container_ready,3.0
1776461713.63,ad,3a8b9295-6ae2-4e8a-b9b0-a607d7fec0a4,dependency_error_ratio,trace_client_error_ratio,0.0
1776461713.63,ad,3a8b9295-6ae2-4e8a-b9b0-a607d7fec0a4,error_ratio,trace_server_error_ratio,0.0
1776461713.63,ad,3a8b9295-6ae2-4e8a-b9b0-a607d7fec0a4,request_count,trace_server_count,0.0
1776461713.63,ad,5680c7ee-584c-4353-b6d2-93bc605a0324,dependency_error_ratio,trace_client_error_ratio,0.0
1776461713.63,ad,5680c7ee-584c-4353-b6d2-93bc605a0324,error_ratio,trace_server_error_ratio,0.0
1776461713.63,ad,5680c7ee-584c-4353-b6d2-93bc605a0324,request_count,trace_server_count,0.0
1776461713.63,ad,9f9a3c1c-bd3f-40ea-8764-b59f1ebd2204,dependency_error_ratio,trace_client_error_ratio,0.0
1776461713.63,ad,ad-7fb5b4f859-52ks9,cpu_usage,container_cpu_usage,0.0027665581499715284
1776461713.63,ad,ad-7fb5b4f859-52ks9,memory_usage,container_memory_working_set_bytes,260558848.0
1776461713.63,ad,ad-7fb5b4f859-rd4zw,cpu_usage,container_cpu_usage,0.0012367217125336743
1776461713.63,ad,ad-7fb5b4f859-rd4zw,memory_usage,container_memory_working_set_bytes,238661632.0
1776461713.63,ad,ad-7fb5b4f859-zsstr,cpu_usage,container_cpu_usage,0.0038195020243849253
1776461713.63,ad,ad-7fb5b4f859-zsstr,memory_usage,container_memory_working_set_bytes,261812224.0
1776461713.63,ad,ad::service,pod_restart_count,k8s_container_restarts,3.0
1776461713.63,ad,ad::service,pod_running_count,k8s_container_ready,3.0
1776461713.63,cart,cart-7c7496d7f-th7mc,cpu_usage,container_cpu_usage,0.04728869806680366
1776461713.63,cart,cart-7c7496d7f-th7mc,memory_usage,container_memory_working_set_bytes,63672320.0
1776461713.63,cart,cart::service,pod_restart_count,k8s_container_restarts,1.0
1776461713.63,cart,cart::service,pod_running_count,k8s_container_ready,1.0
1776461713.63,cart,f1f3afac-3031-4c18-925a-048232421d89,dependency_error_ratio,trace_client_error_ratio,0.0
1776461713.63,cart,f1f3afac-3031-4c18-925a-048232421d89,error_ratio,trace_server_error_ratio,0.0
1776461713.63,cart,f1f3afac-3031-4c18-925a-048232421d89,request_count,trace_server_count,0.0
1776461713.63,checkout,4755bdbd-5ad9-49fa-acb7-3a7dcb6a9277,dependency_error_ratio,trace_client_error_ratio,0.0
1776461713.63,checkout,4755bdbd-5ad9-49fa-acb7-3a7dcb6a9277,error_ratio,trace_server_error_ratio,0.0
1776461713.63,checkout,4755bdbd-5ad9-49fa-acb7-3a7dcb6a9277,request_count,trace_server_count,0.0
1776461713.63,checkout,bb49e6b9-109a-41b8-be66-ab2a38272474,dependency_error_ratio,trace_client_error_ratio,0.0
1776461713.63,checkout,bb49e6b9-109a-41b8-be66-ab2a38272474,error_ratio,trace_server_error_ratio,0.0
1776461713.63,checkout,bb49e6b9-109a-41b8-be66-ab2a38272474,request_count,trace_server_count,0.0
1776461713.63,checkout,bc5804df-6f63-4261-8788-8ecfe5481366,dependency_error_ratio,trace_client_error_ratio,0.0
1776461713.63,checkout,bc5804df-6f63-4261-8788-8ecfe5481366,error_ratio,trace_server_error_ratio,0.0
1776461713.63,checkout,bc5804df-6f63-4261-8788-8ecfe5481366,request_count,trace_server_count,0.0
1776461713.63,checkout,checkout-7f4ccfc547-6crwh,cpu_usage,container_cpu_usage,0.14400923992386325
1776461713.63,checkout,checkout-7f4ccfc547-6crwh,memory_usage,container_memory_working_set_bytes,15876096.0
1776461713.63,checkout,checkout-7f4ccfc547-ftx2n,cpu_usage,container_cpu_usage,0.0004936683892855699
1776461713.63,checkout,checkout-7f4ccfc547-ftx2n,memory_usage,container_memory_working_set_bytes,12005376.0
1776461713.63,checkout,checkout-7f4ccfc547-qlfgr,cpu_usage,container_cpu_usage,0.058927916405232005
1776461713.63,checkout,checkout-7f4ccfc547-qlfgr,memory_usage,container_memory_working_set_bytes,15040512.0
1776461713.63,checkout,checkout::service,pod_restart_count,k8s_container_restarts,45.0
1776461713.63,checkout,checkout::service,pod_running_count,k8s_container_ready,3.0
1776461713.63,email,email-5dcf48b665-66zvj,cpu_usage,container_cpu_usage,0.011930171816978762
1776461713.63,email,email-5dcf48b665-66zvj,memory_usage,container_memory_working_set_bytes,59490304.0
1776461713.63,email,email-5dcf48b665-9xxmx,cpu_usage,container_cpu_usage,0.0037634367134860244
1776461713.63,email,email-5dcf48b665-9xxmx,memory_usage,container_memory_working_set_bytes,56369152.0
1776461713.63,email,email-5dcf48b665-n4zf2,cpu_usage,container_cpu_usage,0.006285572394349083
1776461713.63,email,email-5dcf48b665-n4zf2,memory_usage,container_memory_working_set_bytes,54861824.0
1776461713.63,email,email::service,pod_restart_count,k8s_container_restarts,9.0
1776461713.63,email,email::service,pod_running_count,k8s_container_ready,3.0
1776461713.63,email,otel-demo.email-5dcf48b665-66zvj.email,error_ratio,trace_server_error_ratio,0.0
1776461713.63,email,otel-demo.email-5dcf48b665-66zvj.email,request_count,trace_server_count,0.0
1776461713.63,email,otel-demo.email-5dcf48b665-9xxmx.email,error_ratio,trace_server_error_ratio,0.0
1776461713.63,email,otel-demo.email-5dcf48b665-9xxmx.email,request_count,trace_server_count,0.0
1776461713.63,email,otel-demo.email-5dcf48b665-n4zf2.email,error_ratio,trace_server_error_ratio,0.0
1776461713.63,email,otel-demo.email-5dcf48b665-n4zf2.email,request_count,trace_server_count,0.0
1776461713.63,frontend,frontend-b78bf7696-6bjdg,cpu_usage,container_cpu_usage,0.09886949575151488
1776461713.63,frontend,frontend-b78bf7696-6bjdg,memory_usage,container_memory_working_set_bytes,119619584.0
1776461713.63,frontend,frontend-b78bf7696-77ldd,cpu_usage,container_cpu_usage,0.10848046502761668
1776461713.63,frontend,frontend-b78bf7696-77ldd,memory_usage,container_memory_working_set_bytes,104218624.0
1776461713.63,frontend,frontend-b78bf7696-p9kqx,cpu_usage,container_cpu_usage,0.10334436837661508
1776461713.63,frontend,frontend-b78bf7696-p9kqx,memory_usage,container_memory_working_set_bytes,116690944.0
1776461713.63,frontend,frontend::service,pod_restart_count,k8s_container_restarts,3.0
1776461713.63,frontend,frontend::service,pod_running_count,k8s_container_ready,3.0
1776461713.63,frontend,otel-demo.frontend-b78bf7696-6bjdg.frontend,dependency_error_ratio,trace_client_error_ratio,0.0
1776461713.63,frontend,otel-demo.frontend-b78bf7696-6bjdg.frontend,error_ratio,trace_server_error_ratio,0.0
1776461713.63,frontend,otel-demo.frontend-b78bf7696-6bjdg.frontend,http_5xx_ratio,http_server_5xx_ratio,0.0
1776461713.63,frontend,otel-demo.frontend-b78bf7696-6bjdg.frontend,request_count,trace_server_count,0.0
1776461713.63,frontend,otel-demo.frontend-b78bf7696-77ldd.frontend,dependency_error_ratio,trace_client_error_ratio,0.0
1776461713.63,frontend,otel-demo.frontend-b78bf7696-77ldd.frontend,error_ratio,trace_server_error_ratio,0.0
1776461713.63,frontend,otel-demo.frontend-b78bf7696-77ldd.frontend,http_5xx_ratio,http_server_5xx_ratio,0.0
1776461713.63,frontend,otel-demo.frontend-b78bf7696-77ldd.frontend,request_count,trace_server_count,0.0
1776461713.63,frontend,otel-demo.frontend-b78bf7696-p9kqx.frontend,dependency_error_ratio,trace_client_error_ratio,0.0
1776461713.63,frontend,otel-demo.frontend-b78bf7696-p9kqx.frontend,error_ratio,trace_server_error_ratio,0.0
1776461713.63,frontend,otel-demo.frontend-b78bf7696-p9kqx.frontend,http_5xx_ratio,http_server_5xx_ratio,0.0
1776461713.63,frontend,otel-demo.frontend-b78bf7696-p9kqx.frontend,request_count,trace_server_count,0.0
1776461713.63,kafka,kafka-66df8bdf76-zjcbb,cpu_usage,container_cpu_usage,0.013828012001846761
1776461713.63,kafka,kafka-66df8bdf76-zjcbb,memory_usage,container_memory_working_set_bytes,665378816.0
1776461713.63,kafka,kafka::service,pod_restart_count,k8s_container_restarts,9.0
1776461713.63,kafka,kafka::service,pod_running_count,k8s_container_ready,1.0
1776461713.63,kafka,kafka::service,queue_lag,queue_size_ratio,0.0
1776461713.63,payment,otel-demo.payment-f9f8d647b-74h8z.payment,dependency_error_ratio,trace_client_error_ratio,0.0
1776461713.63,payment,otel-demo.payment-f9f8d647b-74h8z.payment,error_ratio,trace_server_error_ratio,0.0
1776461713.63,payment,otel-demo.payment-f9f8d647b-74h8z.payment,request_count,trace_server_count,0.0
1776461713.63,payment,otel-demo.payment-f9f8d647b-75hmx.payment,dependency_error_ratio,trace_client_error_ratio,0.0
1776461713.63,payment,otel-demo.payment-f9f8d647b-75hmx.payment,error_ratio,trace_server_error_ratio,0.0
1776461713.63,payment,otel-demo.payment-f9f8d647b-75hmx.payment,request_count,trace_server_count,0.0
1776461713.63,payment,otel-demo.payment-f9f8d647b-tv6l5.payment,dependency_error_ratio,trace_client_error_ratio,0.0
1776461713.63,payment,otel-demo.payment-f9f8d647b-tv6l5.payment,error_ratio,trace_server_error_ratio,0.0
1776461713.63,payment,otel-demo.payment-f9f8d647b-tv6l5.payment,request_count,trace_server_count,0.0
1776461713.63,payment,payment-f9f8d647b-74h8z,cpu_usage,container_cpu_usage,0.010276435829604096
1776461713.63,payment,payment-f9f8d647b-74h8z,memory_usage,container_memory_working_set_bytes,108580864.0
1776461713.63,payment,payment-f9f8d647b-75hmx,cpu_usage,container_cpu_usage,0.013604160239742659
1776461713.63,payment,payment-f9f8d647b-75hmx,memory_usage,container_memory_working_set_bytes,110182400.0
1776461713.63,payment,payment-f9f8d647b-tv6l5,cpu_usage,container_cpu_usage,0.007302175506336996
1776461713.63,payment,payment-f9f8d647b-tv6l5,memory_usage,container_memory_working_set_bytes,99213312.0
1776461713.63,payment,payment::service,pod_restart_count,k8s_container_restarts,39.0
1776461713.63,payment,payment::service,pod_running_count,k8s_container_ready,3.0
1776461713.63,product-catalog,otel-demo.product-catalog-784544475c-7crs7.product-catalog,dependency_error_ratio,trace_client_error_ratio,0.0
1776461713.63,product-catalog,otel-demo.product-catalog-784544475c-7crs7.product-catalog,error_ratio,trace_server_error_ratio,0.0
1776461713.63,product-catalog,otel-demo.product-catalog-784544475c-7crs7.product-catalog,request_count,trace_server_count,0.0
1776461713.63,product-catalog,otel-demo.product-catalog-784544475c-8skc7.product-catalog,dependency_error_ratio,trace_client_error_ratio,0.0
1776461713.63,product-catalog,otel-demo.product-catalog-784544475c-8skc7.product-catalog,error_ratio,trace_server_error_ratio,0.0
1776461713.63,product-catalog,otel-demo.product-catalog-784544475c-8skc7.product-catalog,request_count,trace_server_count,0.0
1776461713.63,product-catalog,otel-demo.product-catalog-784544475c-stwzc.product-catalog,dependency_error_ratio,trace_client_error_ratio,0.0
1776461713.63,product-catalog,otel-demo.product-catalog-784544475c-stwzc.product-catalog,error_ratio,trace_server_error_ratio,0.0
1776461713.63,product-catalog,otel-demo.product-catalog-784544475c-stwzc.product-catalog,request_count,trace_server_count,0.0
1776461713.63,product-catalog,product-catalog-784544475c-7crs7,cpu_usage,container_cpu_usage,0.00041422486123660995
1776461713.63,product-catalog,product-catalog-784544475c-7crs7,memory_usage,container_memory_working_set_bytes,14315520.0
1776461713.63,product-catalog,product-catalog-784544475c-8skc7,cpu_usage,container_cpu_usage,0.05810835990626209
1776461713.63,product-catalog,product-catalog-784544475c-8skc7,memory_usage,container_memory_working_set_bytes,15974400.0
1776461713.63,product-catalog,product-catalog-784544475c-stwzc,cpu_usage,container_cpu_usage,0.22876574859259974
1776461713.63,product-catalog,product-catalog-784544475c-stwzc,memory_usage,container_memory_working_set_bytes,17252352.0
1776461713.63,product-catalog,product-catalog::service,pod_restart_count,k8s_container_restarts,35.0
1776461713.63,product-catalog,product-catalog::service,pod_running_count,k8s_container_ready,3.0
1776461713.63,recommendation,otel-demo.recommendation-5b46f7469c-g2rgb.recommendation,dependency_error_ratio,trace_client_error_ratio,0.0
1776461713.63,recommendation,otel-demo.recommendation-5b46f7469c-rjwxq.recommendation,dependency_error_ratio,trace_client_error_ratio,0.0
1776461713.63,recommendation,otel-demo.recommendation-5b46f7469c-rjwxq.recommendation,error_ratio,trace_server_error_ratio,0.0
1776461713.63,recommendation,otel-demo.recommendation-5b46f7469c-rjwxq.recommendation,request_count,trace_server_count,0.0
1776461713.63,recommendation,otel-demo.recommendation-5b46f7469c-t2fm9.recommendation,dependency_error_ratio,trace_client_error_ratio,0.0
1776461713.63,recommendation,otel-demo.recommendation-5b46f7469c-t2fm9.recommendation,error_ratio,trace_server_error_ratio,0.0
1776461713.63,recommendation,otel-demo.recommendation-5b46f7469c-t2fm9.recommendation,request_count,trace_server_count,0.0
1776461713.63,recommendation,recommendation-5b46f7469c-g2rgb,cpu_usage,container_cpu_usage,0.007023610043352513
1776461713.63,recommendation,recommendation-5b46f7469c-g2rgb,memory_usage,container_memory_working_set_bytes,46772224.0
1776461713.63,recommendation,recommendation-5b46f7469c-rjwxq,cpu_usage,container_cpu_usage,0.019339829115185732
1776461713.63,recommendation,recommendation-5b46f7469c-rjwxq,memory_usage,container_memory_working_set_bytes,47837184.0
1776461713.63,recommendation,recommendation-5b46f7469c-t2fm9,cpu_usage,container_cpu_usage,0.04278120945378108
1776461713.63,recommendation,recommendation-5b46f7469c-t2fm9,memory_usage,container_memory_working_set_bytes,52674560.0
1776461713.63,recommendation,recommendation::service,pod_restart_count,k8s_container_restarts,3.0
1776461713.63,recommendation,recommendation::service,pod_running_count,k8s_container_ready,3.0
1776461723.63,ad,3a8b9295-6ae2-4e8a-b9b0-a607d7fec0a4,dependency_error_ratio,trace_client_error_ratio,0.0
1776461723.63,ad,3a8b9295-6ae2-4e8a-b9b0-a607d7fec0a4,error_ratio,trace_server_error_ratio,0.0
1776461723.63,ad,3a8b9295-6ae2-4e8a-b9b0-a607d7fec0a4,request_count,trace_server_count,0.0
1776461723.63,ad,5680c7ee-584c-4353-b6d2-93bc605a0324,dependency_error_ratio,trace_client_error_ratio,0.0
1776461723.63,ad,5680c7ee-584c-4353-b6d2-93bc605a0324,error_ratio,trace_server_error_ratio,0.0
1776461723.63,ad,5680c7ee-584c-4353-b6d2-93bc605a0324,request_count,trace_server_count,0.0
1776461723.63,ad,9f9a3c1c-bd3f-40ea-8764-b59f1ebd2204,dependency_error_ratio,trace_client_error_ratio,0.0
1776461723.63,ad,ad-7fb5b4f859-52ks9,cpu_usage,container_cpu_usage,0.0027759947683397798
1776461723.63,ad,ad-7fb5b4f859-52ks9,memory_usage,container_memory_working_set_bytes,260558848.0
1776461723.63,ad,ad-7fb5b4f859-rd4zw,cpu_usage,container_cpu_usage,0.00311150514210847
1776461723.63,ad,ad-7fb5b4f859-rd4zw,memory_usage,container_memory_working_set_bytes,238321664.0
1776461723.63,ad,ad-7fb5b4f859-zsstr,cpu_usage,container_cpu_usage,0.0037028082439370356
1776461723.63,ad,ad-7fb5b4f859-zsstr,memory_usage,container_memory_working_set_bytes,261718016.0
1776461723.63,ad,ad::service,pod_restart_count,k8s_container_restarts,3.0
1776461723.63,ad,ad::service,pod_running_count,k8s_container_ready,3.0
1776461723.63,cart,cart-7c7496d7f-th7mc,cpu_usage,container_cpu_usage,0.060868666683528555
1776461723.63,cart,cart-7c7496d7f-th7mc,memory_usage,container_memory_working_set_bytes,63672320.0
1776461723.63,cart,cart::service,pod_restart_count,k8s_container_restarts,1.0
1776461723.63,cart,cart::service,pod_running_count,k8s_container_ready,1.0
1776461723.63,cart,f1f3afac-3031-4c18-925a-048232421d89,dependency_error_ratio,trace_client_error_ratio,0.0
1776461723.63,cart,f1f3afac-3031-4c18-925a-048232421d89,error_ratio,trace_server_error_ratio,0.0
1776461723.63,cart,f1f3afac-3031-4c18-925a-048232421d89,request_count,trace_server_count,0.0
1776461723.63,checkout,4755bdbd-5ad9-49fa-acb7-3a7dcb6a9277,dependency_error_ratio,trace_client_error_ratio,0.0
1776461723.63,checkout,4755bdbd-5ad9-49fa-acb7-3a7dcb6a9277,error_ratio,trace_server_error_ratio,0.0
1776461723.63,checkout,4755bdbd-5ad9-49fa-acb7-3a7dcb6a9277,request_count,trace_server_count,0.0
1776461723.63,checkout,bb49e6b9-109a-41b8-be66-ab2a38272474,dependency_error_ratio,trace_client_error_ratio,0.0
1776461723.63,checkout,bb49e6b9-109a-41b8-be66-ab2a38272474,error_ratio,trace_server_error_ratio,0.0
1776461723.63,checkout,bb49e6b9-109a-41b8-be66-ab2a38272474,request_count,trace_server_count,0.0
1776461723.63,checkout,bc5804df-6f63-4261-8788-8ecfe5481366,dependency_error_ratio,trace_client_error_ratio,0.0
1776461723.63,checkout,bc5804df-6f63-4261-8788-8ecfe5481366,error_ratio,trace_server_error_ratio,0.0
1776461723.63,checkout,bc5804df-6f63-4261-8788-8ecfe5481366,request_count,trace_server_count,0.0
1776461723.63,checkout,checkout-7f4ccfc547-6crwh,cpu_usage,container_cpu_usage,0.14972066089775599
1776461723.63,checkout,checkout-7f4ccfc547-6crwh,memory_usage,container_memory_working_set_bytes,15876096.0
1776461723.63,checkout,checkout-7f4ccfc547-ftx2n,cpu_usage,container_cpu_usage,0.0006303309113884102
1776461723.63,checkout,checkout-7f4ccfc547-ftx2n,memory_usage,container_memory_working_set_bytes,12009472.0
1776461723.63,checkout,checkout-7f4ccfc547-qlfgr,cpu_usage,container_cpu_usage,0.058927916405232005
1776461723.63,checkout,checkout-7f4ccfc547-qlfgr,memory_usage,container_memory_working_set_bytes,15040512.0
1776461723.63,checkout,checkout::service,pod_restart_count,k8s_container_restarts,45.0
1776461723.63,checkout,checkout::service,pod_running_count,k8s_container_ready,3.0
1776461723.63,email,email-5dcf48b665-66zvj,cpu_usage,container_cpu_usage,0.008883236413838992
1776461723.63,email,email-5dcf48b665-66zvj,memory_usage,container_memory_working_set_bytes,59871232.0
1776461723.63,email,email-5dcf48b665-9xxmx,cpu_usage,container_cpu_usage,0.004765911318345892
1776461723.63,email,email-5dcf48b665-9xxmx,memory_usage,container_memory_working_set_bytes,56369152.0
1776461723.63,email,email-5dcf48b665-n4zf2,cpu_usage,container_cpu_usage,0.007125153156001677
1776461723.63,email,email-5dcf48b665-n4zf2,memory_usage,container_memory_working_set_bytes,54792192.0
1776461723.63,email,email::service,pod_restart_count,k8s_container_restarts,9.0
1776461723.63,email,email::service,pod_running_count,k8s_container_ready,3.0
1776461723.63,email,otel-demo.email-5dcf48b665-66zvj.email,error_ratio,trace_server_error_ratio,0.0
1776461723.63,email,otel-demo.email-5dcf48b665-66zvj.email,request_count,trace_server_count,0.0
1776461723.63,email,otel-demo.email-5dcf48b665-9xxmx.email,error_ratio,trace_server_error_ratio,0.0
1776461723.63,email,otel-demo.email-5dcf48b665-9xxmx.email,request_count,trace_server_count,0.0
1776461723.63,email,otel-demo.email-5dcf48b665-n4zf2.email,error_ratio,trace_server_error_ratio,0.0
1776461723.63,email,otel-demo.email-5dcf48b665-n4zf2.email,request_count,trace_server_count,0.0
1776461723.63,frontend,frontend-b78bf7696-6bjdg,cpu_usage,container_cpu_usage,0.09882774418668983
1776461723.63,frontend,frontend-b78bf7696-6bjdg,memory_usage,container_memory_working_set_bytes,118779904.0
1776461723.63,frontend,frontend-b78bf7696-77ldd,cpu_usage,container_cpu_usage,0.10848046502761667
1776461723.63,frontend,frontend-b78bf7696-77ldd,memory_usage,container_memory_working_set_bytes,104218624.0
1776461723.63,frontend,frontend-b78bf7696-p9kqx,cpu_usage,container_cpu_usage,0.0884587603827234
1776461723.63,frontend,frontend-b78bf7696-p9kqx,memory_usage,container_memory_working_set_bytes,116690944.0
1776461723.63,frontend,frontend::service,pod_restart_count,k8s_container_restarts,3.0
1776461723.63,frontend,frontend::service,pod_running_count,k8s_container_ready,3.0
1776461723.63,frontend,otel-demo.frontend-b78bf7696-6bjdg.frontend,dependency_error_ratio,trace_client_error_ratio,0.0
1776461723.63,frontend,otel-demo.frontend-b78bf7696-6bjdg.frontend,error_ratio,trace_server_error_ratio,0.0
1776461723.63,frontend,otel-demo.frontend-b78bf7696-6bjdg.frontend,http_5xx_ratio,http_server_5xx_ratio,0.0
1776461723.63,frontend,otel-demo.frontend-b78bf7696-6bjdg.frontend,request_count,trace_server_count,0.0
1776461723.63,frontend,otel-demo.frontend-b78bf7696-77ldd.frontend,dependency_error_ratio,trace_client_error_ratio,0.0
1776461723.63,frontend,otel-demo.frontend-b78bf7696-77ldd.frontend,error_ratio,trace_server_error_ratio,0.0
1776461723.63,frontend,otel-demo.frontend-b78bf7696-77ldd.frontend,http_5xx_ratio,http_server_5xx_ratio,0.0
1776461723.63,frontend,otel-demo.frontend-b78bf7696-77ldd.frontend,request_count,trace_server_count,0.0
1776461723.63,frontend,otel-demo.frontend-b78bf7696-p9kqx.frontend,dependency_error_ratio,trace_client_error_ratio,0.0
1776461723.63,frontend,otel-demo.frontend-b78bf7696-p9kqx.frontend,error_ratio,trace_server_error_ratio,0.0
1776461723.63,frontend,otel-demo.frontend-b78bf7696-p9kqx.frontend,http_5xx_ratio,http_server_5xx_ratio,0.0
1776461723.63,frontend,otel-demo.frontend-b78bf7696-p9kqx.frontend,request_count,trace_server_count,0.0
1776461723.63,kafka,kafka-66df8bdf76-zjcbb,cpu_usage,container_cpu_usage,0.014025909914120598
1776461723.63,kafka,kafka-66df8bdf76-zjcbb,memory_usage,container_memory_working_set_bytes,665378816.0
1776461723.63,kafka,kafka::service,pod_restart_count,k8s_container_restarts,9.0
1776461723.63,kafka,kafka::service,pod_running_count,k8s_container_ready,1.0
1776461723.63,kafka,kafka::service,queue_lag,queue_size_ratio,0.0
1776461723.63,payment,otel-demo.payment-f9f8d647b-74h8z.payment,dependency_error_ratio,trace_client_error_ratio,0.0
1776461723.63,payment,otel-demo.payment-f9f8d647b-74h8z.payment,error_ratio,trace_server_error_ratio,0.0
1776461723.63,payment,otel-demo.payment-f9f8d647b-74h8z.payment,request_count,trace_server_count,0.0
1776461723.63,payment,otel-demo.payment-f9f8d647b-75hmx.payment,dependency_error_ratio,trace_client_error_ratio,0.0
1776461723.63,payment,otel-demo.payment-f9f8d647b-75hmx.payment,error_ratio,trace_server_error_ratio,0.0
1776461723.63,payment,otel-demo.payment-f9f8d647b-75hmx.payment,request_count,trace_server_count,0.0
1776461723.63,payment,otel-demo.payment-f9f8d647b-tv6l5.payment,dependency_error_ratio,trace_client_error_ratio,0.0
1776461723.63,payment,otel-demo.payment-f9f8d647b-tv6l5.payment,error_ratio,trace_server_error_ratio,0.0
1776461723.63,payment,otel-demo.payment-f9f8d647b-tv6l5.payment,request_count,trace_server_count,0.0
1776461723.63,payment,payment-f9f8d647b-74h8z,cpu_usage,container_cpu_usage,0.009971465213209367
1776461723.63,payment,payment-f9f8d647b-74h8z,memory_usage,container_memory_working_set_bytes,108580864.0
1776461723.63,payment,payment-f9f8d647b-75hmx,cpu_usage,container_cpu_usage,0.01346705809091725
1776461723.63,payment,payment-f9f8d647b-75hmx,memory_usage,container_memory_working_set_bytes,110186496.0
1776461723.63,payment,payment-f9f8d647b-tv6l5,cpu_usage,container_cpu_usage,0.006956687375453951
1776461723.63,payment,payment-f9f8d647b-tv6l5,memory_usage,container_memory_working_set_bytes,99213312.0
1776461723.63,payment,payment::service,pod_restart_count,k8s_container_restarts,39.0
1776461723.63,payment,payment::service,pod_running_count,k8s_container_ready,3.0
1776461723.63,product-catalog,otel-demo.product-catalog-784544475c-7crs7.product-catalog,dependency_error_ratio,trace_client_error_ratio,0.0
1776461723.63,product-catalog,otel-demo.product-catalog-784544475c-7crs7.product-catalog,error_ratio,trace_server_error_ratio,0.0
1776461723.63,product-catalog,otel-demo.product-catalog-784544475c-7crs7.product-catalog,request_count,trace_server_count,0.0
1776461723.63,product-catalog,otel-demo.product-catalog-784544475c-8skc7.product-catalog,dependency_error_ratio,trace_client_error_ratio,0.0
1776461723.63,product-catalog,otel-demo.product-catalog-784544475c-8skc7.product-catalog,error_ratio,trace_server_error_ratio,0.0
1776461723.63,product-catalog,otel-demo.product-catalog-784544475c-8skc7.product-catalog,request_count,trace_server_count,0.0
1776461723.63,product-catalog,otel-demo.product-catalog-784544475c-stwzc.product-catalog,dependency_error_ratio,trace_client_error_ratio,0.0
1776461723.63,product-catalog,otel-demo.product-catalog-784544475c-stwzc.product-catalog,error_ratio,trace_server_error_ratio,0.0
1776461723.63,product-catalog,otel-demo.product-catalog-784544475c-stwzc.product-catalog,request_count,trace_server_count,0.0
1776461723.63,product-catalog,product-catalog-784544475c-7crs7,cpu_usage,container_cpu_usage,0.00044580280901498117
1776461723.63,product-catalog,product-catalog-784544475c-7crs7,memory_usage,container_memory_working_set_bytes,14323712.0
1776461723.63,product-catalog,product-catalog-784544475c-8skc7,cpu_usage,container_cpu_usage,0.06591999765560937
1776461723.63,product-catalog,product-catalog-784544475c-8skc7,memory_usage,container_memory_working_set_bytes,15974400.0
1776461723.63,product-catalog,product-catalog-784544475c-stwzc,cpu_usage,container_cpu_usage,0.25883650907353983
1776461723.63,product-catalog,product-catalog-784544475c-stwzc,memory_usage,container_memory_working_set_bytes,17252352.0
1776461723.63,product-catalog,product-catalog::service,pod_restart_count,k8s_container_restarts,35.0
1776461723.63,product-catalog,product-catalog::service,pod_running_count,k8s_container_ready,3.0
1776461723.63,recommendation,otel-demo.recommendation-5b46f7469c-g2rgb.recommendation,dependency_error_ratio,trace_client_error_ratio,0.0
1776461723.63,recommendation,otel-demo.recommendation-5b46f7469c-rjwxq.recommendation,dependency_error_ratio,trace_client_error_ratio,0.0
1776461723.63,recommendation,otel-demo.recommendation-5b46f7469c-rjwxq.recommendation,error_ratio,trace_server_error_ratio,0.0
1776461723.63,recommendation,otel-demo.recommendation-5b46f7469c-rjwxq.recommendation,request_count,trace_server_count,0.0
1776461723.63,recommendation,otel-demo.recommendation-5b46f7469c-t2fm9.recommendation,dependency_error_ratio,trace_client_error_ratio,0.0
1776461723.63,recommendation,otel-demo.recommendation-5b46f7469c-t2fm9.recommendation,error_ratio,trace_server_error_ratio,0.0
1776461723.63,recommendation,otel-demo.recommendation-5b46f7469c-t2fm9.recommendation,request_count,trace_server_count,0.0
1776461723.63,recommendation,recommendation-5b46f7469c-g2rgb,cpu_usage,container_cpu_usage,0.01431074131289312
1776461723.63,recommendation,recommendation-5b46f7469c-g2rgb,memory_usage,container_memory_working_set_bytes,46886912.0
1776461723.63,recommendation,recommendation-5b46f7469c-rjwxq,cpu_usage,container_cpu_usage,0.03288524958623793
1776461723.63,recommendation,recommendation-5b46f7469c-rjwxq,memory_usage,container_memory_working_set_bytes,47923200.0
1776461723.63,recommendation,recommendation-5b46f7469c-t2fm9,cpu_usage,container_cpu_usage,0.049208960645808056
1776461723.63,recommendation,recommendation-5b46f7469c-t2fm9,memory_usage,container_memory_working_set_bytes,52674560.0
1776461723.63,recommendation,recommendation::service,pod_restart_count,k8s_container_restarts,3.0
1776461723.63,recommendation,recommendation::service,pod_running_count,k8s_container_ready,3.0
1776461733.63,ad,3a8b9295-6ae2-4e8a-b9b0-a607d7fec0a4,dependency_error_ratio,trace_client_error_ratio,0.0
1776461733.63,ad,3a8b9295-6ae2-4e8a-b9b0-a607d7fec0a4,error_ratio,trace_server_error_ratio,0.0
1776461733.63,ad,3a8b9295-6ae2-4e8a-b9b0-a607d7fec0a4,request_count,trace_server_count,0.0
1776461733.63,ad,5680c7ee-584c-4353-b6d2-93bc605a0324,dependency_error_ratio,trace_client_error_ratio,0.0
1776461733.63,ad,5680c7ee-584c-4353-b6d2-93bc605a0324,error_ratio,trace_server_error_ratio,0.0
1776461733.63,ad,5680c7ee-584c-4353-b6d2-93bc605a0324,request_count,trace_server_count,0.0
1776461733.63,ad,9f9a3c1c-bd3f-40ea-8764-b59f1ebd2204,dependency_error_ratio,trace_client_error_ratio,0.0
1776461733.63,ad,ad-7fb5b4f859-52ks9,cpu_usage,container_cpu_usage,0.0028527089892354113
1776461733.63,ad,ad-7fb5b4f859-52ks9,memory_usage,container_memory_working_set_bytes,260464640.0
1776461733.63,ad,ad-7fb5b4f859-rd4zw,cpu_usage,container_cpu_usage,0.00372024814123056
1776461733.63,ad,ad-7fb5b4f859-rd4zw,memory_usage,container_memory_working_set_bytes,238321664.0
1776461733.63,ad,ad-7fb5b4f859-zsstr,cpu_usage,container_cpu_usage,0.0037028082439370356
1776461733.63,ad,ad-7fb5b4f859-zsstr,memory_usage,container_memory_working_set_bytes,261718016.0
1776461733.63,ad,ad::service,pod_restart_count,k8s_container_restarts,3.0
1776461733.63,ad,ad::service,pod_running_count,k8s_container_ready,3.0
1776461733.63,cart,cart-7c7496d7f-th7mc,cpu_usage,container_cpu_usage,0.05375409836065919
1776461733.63,cart,cart-7c7496d7f-th7mc,memory_usage,container_memory_working_set_bytes,63299584.0
1776461733.63,cart,cart::service,pod_restart_count,k8s_container_restarts,1.0
1776461733.63,cart,cart::service,pod_running_count,k8s_container_ready,1.0
1776461733.63,cart,f1f3afac-3031-4c18-925a-048232421d89,dependency_error_ratio,trace_client_error_ratio,0.0
1776461733.63,cart,f1f3afac-3031-4c18-925a-048232421d89,error_ratio,trace_server_error_ratio,0.0
1776461733.63,cart,f1f3afac-3031-4c18-925a-048232421d89,request_count,trace_server_count,0.0
1776461733.63,checkout,4755bdbd-5ad9-49fa-acb7-3a7dcb6a9277,dependency_error_ratio,trace_client_error_ratio,0.0
1776461733.63,checkout,4755bdbd-5ad9-49fa-acb7-3a7dcb6a9277,error_ratio,trace_server_error_ratio,0.0
1776461733.63,checkout,4755bdbd-5ad9-49fa-acb7-3a7dcb6a9277,request_count,trace_server_count,0.0
1776461733.63,checkout,bb49e6b9-109a-41b8-be66-ab2a38272474,dependency_error_ratio,trace_client_error_ratio,0.0
1776461733.63,checkout,bb49e6b9-109a-41b8-be66-ab2a38272474,error_ratio,trace_server_error_ratio,0.0
1776461733.63,checkout,bb49e6b9-109a-41b8-be66-ab2a38272474,request_count,trace_server_count,0.0
1776461733.63,checkout,bc5804df-6f63-4261-8788-8ecfe5481366,dependency_error_ratio,trace_client_error_ratio,0.0
1776461733.63,checkout,bc5804df-6f63-4261-8788-8ecfe5481366,error_ratio,trace_server_error_ratio,0.0
1776461733.63,checkout,bc5804df-6f63-4261-8788-8ecfe5481366,request_count,trace_server_count,0.0
1776461733.63,checkout,checkout-7f4ccfc547-6crwh,cpu_usage,container_cpu_usage,0.14685835351089738
1776461733.63,checkout,checkout-7f4ccfc547-6crwh,memory_usage,container_memory_working_set_bytes,16629760.0
1776461733.63,checkout,checkout-7f4ccfc547-ftx2n,cpu_usage,container_cpu_usage,0.0006286380088254194
1776461733.63,checkout,checkout-7f4ccfc547-ftx2n,memory_usage,container_memory_working_set_bytes,12009472.0
1776461733.63,checkout,checkout-7f4ccfc547-qlfgr,cpu_usage,container_cpu_usage,0.041557079420879564
1776461733.63,checkout,checkout-7f4ccfc547-qlfgr,memory_usage,container_memory_working_set_bytes,15138816.0
1776461733.63,checkout,checkout::service,pod_restart_count,k8s_container_restarts,45.0
1776461733.63,checkout,checkout::service,pod_running_count,k8s_container_ready,3.0
1776461733.63,email,email-5dcf48b665-66zvj,cpu_usage,container_cpu_usage,0.006116782739314994
1776461733.63,email,email-5dcf48b665-66zvj,memory_usage,container_memory_working_set_bytes,59871232.0
1776461733.63,email,email-5dcf48b665-9xxmx,cpu_usage,container_cpu_usage,0.005511217244912815
1776461733.63,email,email-5dcf48b665-9xxmx,memory_usage,container_memory_working_set_bytes,56430592.0
1776461733.63,email,email-5dcf48b665-n4zf2,cpu_usage,container_cpu_usage,0.008450324188113619
1776461733.63,email,email-5dcf48b665-n4zf2,memory_usage,container_memory_working_set_bytes,54792192.0
1776461733.63,email,email::service,pod_restart_count,k8s_container_restarts,9.0
1776461733.63,email,email::service,pod_running_count,k8s_container_ready,3.0
1776461733.63,email,otel-demo.email-5dcf48b665-66zvj.email,error_ratio,trace_server_error_ratio,0.0
1776461733.63,email,otel-demo.email-5dcf48b665-66zvj.email,request_count,trace_server_count,0.0
1776461733.63,email,otel-demo.email-5dcf48b665-9xxmx.email,error_ratio,trace_server_error_ratio,0.0
1776461733.63,email,otel-demo.email-5dcf48b665-9xxmx.email,request_count,trace_server_count,0.0
1776461733.63,email,otel-demo.email-5dcf48b665-n4zf2.email,error_ratio,trace_server_error_ratio,0.0
1776461733.63,email,otel-demo.email-5dcf48b665-n4zf2.email,request_count,trace_server_count,0.0
1776461733.63,frontend,frontend-b78bf7696-6bjdg,cpu_usage,container_cpu_usage,0.1045323236889874
1776461733.63,frontend,frontend-b78bf7696-6bjdg,memory_usage,container_memory_working_set_bytes,118145024.0
1776461733.63,frontend,frontend-b78bf7696-77ldd,cpu_usage,container_cpu_usage,0.08546313389805603
1776461733.63,frontend,frontend-b78bf7696-77ldd,memory_usage,container_memory_working_set_bytes,91103232.0
1776461733.63,frontend,frontend-b78bf7696-p9kqx,cpu_usage,container_cpu_usage,0.10652685276494901
1776461733.63,frontend,frontend-b78bf7696-p9kqx,memory_usage,container_memory_working_set_bytes,116498432.0
1776461733.63,frontend,frontend::service,pod_restart_count,k8s_container_restarts,3.0
1776461733.63,frontend,frontend::service,pod_running_count,k8s_container_ready,3.0
1776461733.63,frontend,otel-demo.frontend-b78bf7696-6bjdg.frontend,dependency_error_ratio,trace_client_error_ratio,0.0
1776461733.63,frontend,otel-demo.frontend-b78bf7696-6bjdg.frontend,error_ratio,trace_server_error_ratio,0.0
1776461733.63,frontend,otel-demo.frontend-b78bf7696-6bjdg.frontend,http_5xx_ratio,http_server_5xx_ratio,0.0
1776461733.63,frontend,otel-demo.frontend-b78bf7696-6bjdg.frontend,request_count,trace_server_count,0.0
1776461733.63,frontend,otel-demo.frontend-b78bf7696-77ldd.frontend,dependency_error_ratio,trace_client_error_ratio,0.0
1776461733.63,frontend,otel-demo.frontend-b78bf7696-77ldd.frontend,error_ratio,trace_server_error_ratio,0.0
1776461733.63,frontend,otel-demo.frontend-b78bf7696-77ldd.frontend,http_5xx_ratio,http_server_5xx_ratio,0.0
1776461733.63,frontend,otel-demo.frontend-b78bf7696-77ldd.frontend,request_count,trace_server_count,0.0
1776461733.63,frontend,otel-demo.frontend-b78bf7696-p9kqx.frontend,dependency_error_ratio,trace_client_error_ratio,0.0
1776461733.63,frontend,otel-demo.frontend-b78bf7696-p9kqx.frontend,error_ratio,trace_server_error_ratio,0.0
1776461733.63,frontend,otel-demo.frontend-b78bf7696-p9kqx.frontend,http_5xx_ratio,http_server_5xx_ratio,0.0
1776461733.63,frontend,otel-demo.frontend-b78bf7696-p9kqx.frontend,request_count,trace_server_count,0.0
1776461733.63,kafka,kafka-66df8bdf76-zjcbb,cpu_usage,container_cpu_usage,0.010225712589531123
1776461733.63,kafka,kafka-66df8bdf76-zjcbb,memory_usage,container_memory_working_set_bytes,665415680.0
1776461733.63,kafka,kafka::service,pod_restart_count,k8s_container_restarts,9.0
1776461733.63,kafka,kafka::service,pod_running_count,k8s_container_ready,1.0
1776461733.63,kafka,kafka::service,queue_lag,queue_size_ratio,0.0
1776461733.63,payment,otel-demo.payment-f9f8d647b-74h8z.payment,dependency_error_ratio,trace_client_error_ratio,0.0
1776461733.63,payment,otel-demo.payment-f9f8d647b-74h8z.payment,error_ratio,trace_server_error_ratio,0.0
1776461733.63,payment,otel-demo.payment-f9f8d647b-74h8z.payment,request_count,trace_server_count,0.0
1776461733.63,payment,otel-demo.payment-f9f8d647b-75hmx.payment,dependency_error_ratio,trace_client_error_ratio,0.0
1776461733.63,payment,otel-demo.payment-f9f8d647b-75hmx.payment,error_ratio,trace_server_error_ratio,0.0
1776461733.63,payment,otel-demo.payment-f9f8d647b-75hmx.payment,request_count,trace_server_count,0.0
1776461733.63,payment,otel-demo.payment-f9f8d647b-tv6l5.payment,dependency_error_ratio,trace_client_error_ratio,0.0
1776461733.63,payment,otel-demo.payment-f9f8d647b-tv6l5.payment,error_ratio,trace_server_error_ratio,0.0
1776461733.63,payment,otel-demo.payment-f9f8d647b-tv6l5.payment,request_count,trace_server_count,0.0
1776461733.63,payment,payment-f9f8d647b-74h8z,cpu_usage,container_cpu_usage,0.009054930658232024
1776461733.63,payment,payment-f9f8d647b-74h8z,memory_usage,container_memory_working_set_bytes,108584960.0
1776461733.63,payment,payment-f9f8d647b-75hmx,cpu_usage,container_cpu_usage,0.012707572101574215
1776461733.63,payment,payment-f9f8d647b-75hmx,memory_usage,container_memory_working_set_bytes,110186496.0
1776461733.63,payment,payment-f9f8d647b-tv6l5,cpu_usage,container_cpu_usage,0.007030560447529053
1776461733.63,payment,payment-f9f8d647b-tv6l5,memory_usage,container_memory_working_set_bytes,99213312.0
1776461733.63,payment,payment::service,pod_restart_count,k8s_container_restarts,39.0
1776461733.63,payment,payment::service,pod_running_count,k8s_container_ready,3.0
1776461733.63,product-catalog,otel-demo.product-catalog-784544475c-7crs7.product-catalog,dependency_error_ratio,trace_client_error_ratio,0.0
1776461733.63,product-catalog,otel-demo.product-catalog-784544475c-7crs7.product-catalog,error_ratio,trace_server_error_ratio,0.0
1776461733.63,product-catalog,otel-demo.product-catalog-784544475c-7crs7.product-catalog,request_count,trace_server_count,0.0
1776461733.63,product-catalog,otel-demo.product-catalog-784544475c-8skc7.product-catalog,dependency_error_ratio,trace_client_error_ratio,0.0
1776461733.63,product-catalog,otel-demo.product-catalog-784544475c-8skc7.product-catalog,error_ratio,trace_server_error_ratio,0.0
1776461733.63,product-catalog,otel-demo.product-catalog-784544475c-8skc7.product-catalog,request_count,trace_server_count,0.0
1776461733.63,product-catalog,otel-demo.product-catalog-784544475c-stwzc.product-catalog,dependency_error_ratio,trace_client_error_ratio,0.0
1776461733.63,product-catalog,otel-demo.product-catalog-784544475c-stwzc.product-catalog,error_ratio,trace_server_error_ratio,0.0
1776461733.63,product-catalog,otel-demo.product-catalog-784544475c-stwzc.product-catalog,request_count,trace_server_count,0.0
1776461733.63,product-catalog,product-catalog-784544475c-7crs7,cpu_usage,container_cpu_usage,0.00044580280901498117
1776461733.63,product-catalog,product-catalog-784544475c-7crs7,memory_usage,container_memory_working_set_bytes,14323712.0
1776461733.63,product-catalog,product-catalog-784544475c-8skc7,cpu_usage,container_cpu_usage,0.051542846166920966
1776461733.63,product-catalog,product-catalog-784544475c-8skc7,memory_usage,container_memory_working_set_bytes,15974400.0
1776461733.63,product-catalog,product-catalog-784544475c-stwzc,cpu_usage,container_cpu_usage,0.3157994939203316
1776461733.63,product-catalog,product-catalog-784544475c-stwzc,memory_usage,container_memory_working_set_bytes,17735680.0
1776461733.63,product-catalog,product-catalog::service,pod_restart_count,k8s_container_restarts,35.0
1776461733.63,product-catalog,product-catalog::service,pod_running_count,k8s_container_ready,3.0
1776461733.63,recommendation,otel-demo.recommendation-5b46f7469c-g2rgb.recommendation,dependency_error_ratio,trace_client_error_ratio,0.0
1776461733.63,recommendation,otel-demo.recommendation-5b46f7469c-rjwxq.recommendation,dependency_error_ratio,trace_client_error_ratio,0.0
1776461733.63,recommendation,otel-demo.recommendation-5b46f7469c-rjwxq.recommendation,error_ratio,trace_server_error_ratio,0.0
1776461733.63,recommendation,otel-demo.recommendation-5b46f7469c-rjwxq.recommendation,request_count,trace_server_count,0.0
1776461733.63,recommendation,otel-demo.recommendation-5b46f7469c-t2fm9.recommendation,dependency_error_ratio,trace_client_error_ratio,0.0
1776461733.63,recommendation,otel-demo.recommendation-5b46f7469c-t2fm9.recommendation,error_ratio,trace_server_error_ratio,0.0
1776461733.63,recommendation,otel-demo.recommendation-5b46f7469c-t2fm9.recommendation,request_count,trace_server_count,0.0
1776461733.63,recommendation,recommendation-5b46f7469c-g2rgb,cpu_usage,container_cpu_usage,0.01653118111149791
1776461733.63,recommendation,recommendation-5b46f7469c-g2rgb,memory_usage,container_memory_working_set_bytes,46886912.0
1776461733.63,recommendation,recommendation-5b46f7469c-rjwxq,cpu_usage,container_cpu_usage,0.032331461998423815
1776461733.63,recommendation,recommendation-5b46f7469c-rjwxq,memory_usage,container_memory_working_set_bytes,47923200.0
1776461733.63,recommendation,recommendation-5b46f7469c-t2fm9,cpu_usage,container_cpu_usage,0.04247371140498157
1776461733.63,recommendation,recommendation-5b46f7469c-t2fm9,memory_usage,container_memory_working_set_bytes,52674560.0
1776461733.63,recommendation,recommendation::service,pod_restart_count,k8s_container_restarts,3.0
1776461733.63,recommendation,recommendation::service,pod_running_count,k8s_container_ready,3.0
1776461743.63,ad,3a8b9295-6ae2-4e8a-b9b0-a607d7fec0a4,dependency_error_ratio,trace_client_error_ratio,0.0
1776461743.63,ad,3a8b9295-6ae2-4e8a-b9b0-a607d7fec0a4,error_ratio,trace_server_error_ratio,0.0
1776461743.63,ad,3a8b9295-6ae2-4e8a-b9b0-a607d7fec0a4,request_count,trace_server_count,0.0
1776461743.63,ad,5680c7ee-584c-4353-b6d2-93bc605a0324,dependency_error_ratio,trace_client_error_ratio,0.0
1776461743.63,ad,5680c7ee-584c-4353-b6d2-93bc605a0324,error_ratio,trace_server_error_ratio,0.0
1776461743.63,ad,5680c7ee-584c-4353-b6d2-93bc605a0324,request_count,trace_server_count,0.0
1776461743.63,ad,9f9a3c1c-bd3f-40ea-8764-b59f1ebd2204,dependency_error_ratio,trace_client_error_ratio,0.0
1776461743.63,ad,ad-7fb5b4f859-52ks9,cpu_usage,container_cpu_usage,0.002852708989235411
1776461743.63,ad,ad-7fb5b4f859-52ks9,memory_usage,container_memory_working_set_bytes,260464640.0
1776461743.63,ad,ad-7fb5b4f859-rd4zw,cpu_usage,container_cpu_usage,0.0035128738621597283
1776461743.63,ad,ad-7fb5b4f859-rd4zw,memory_usage,container_memory_working_set_bytes,238321664.0
1776461743.63,ad,ad-7fb5b4f859-zsstr,cpu_usage,container_cpu_usage,0.003688300266442284
1776461743.63,ad,ad-7fb5b4f859-zsstr,memory_usage,container_memory_working_set_bytes,261718016.0
1776461743.63,ad,ad::service,pod_restart_count,k8s_container_restarts,3.0
1776461743.63,ad,ad::service,pod_running_count,k8s_container_ready,3.0
1776461743.63,cart,cart-7c7496d7f-th7mc,cpu_usage,container_cpu_usage,0.05375409836065919
1776461743.63,cart,cart-7c7496d7f-th7mc,memory_usage,container_memory_working_set_bytes,63299584.0
1776461743.63,cart,cart::service,pod_restart_count,k8s_container_restarts,1.0
1776461743.63,cart,cart::service,pod_running_count,k8s_container_ready,1.0
1776461743.63,cart,f1f3afac-3031-4c18-925a-048232421d89,dependency_error_ratio,trace_client_error_ratio,0.0
1776461743.63,cart,f1f3afac-3031-4c18-925a-048232421d89,error_ratio,trace_server_error_ratio,0.0
1776461743.63,cart,f1f3afac-3031-4c18-925a-048232421d89,request_count,trace_server_count,0.0
1776461743.63,checkout,4755bdbd-5ad9-49fa-acb7-3a7dcb6a9277,dependency_error_ratio,trace_client_error_ratio,0.0
1776461743.63,checkout,4755bdbd-5ad9-49fa-acb7-3a7dcb6a9277,error_ratio,trace_server_error_ratio,0.0
1776461743.63,checkout,4755bdbd-5ad9-49fa-acb7-3a7dcb6a9277,request_count,trace_server_count,0.0
1776461743.63,checkout,bb49e6b9-109a-41b8-be66-ab2a38272474,dependency_error_ratio,trace_client_error_ratio,0.0
1776461743.63,checkout,bb49e6b9-109a-41b8-be66-ab2a38272474,error_ratio,trace_server_error_ratio,0.0
1776461743.63,checkout,bb49e6b9-109a-41b8-be66-ab2a38272474,request_count,trace_server_count,0.0
1776461743.63,checkout,bc5804df-6f63-4261-8788-8ecfe5481366,dependency_error_ratio,trace_client_error_ratio,0.0
1776461743.63,checkout,bc5804df-6f63-4261-8788-8ecfe5481366,error_ratio,trace_server_error_ratio,0.0
1776461743.63,checkout,bc5804df-6f63-4261-8788-8ecfe5481366,request_count,trace_server_count,0.0
1776461743.63,checkout,checkout-7f4ccfc547-6crwh,cpu_usage,container_cpu_usage,0.14685835351089738
1776461743.63,checkout,checkout-7f4ccfc547-6crwh,memory_usage,container_memory_working_set_bytes,16629760.0
1776461743.63,checkout,checkout-7f4ccfc547-ftx2n,cpu_usage,container_cpu_usage,0.0006002759860088602
1776461743.63,checkout,checkout-7f4ccfc547-ftx2n,memory_usage,container_memory_working_set_bytes,12169216.0
1776461743.63,checkout,checkout-7f4ccfc547-qlfgr,cpu_usage,container_cpu_usage,0.041557079420879564
1776461743.63,checkout,checkout-7f4ccfc547-qlfgr,memory_usage,container_memory_working_set_bytes,15138816.0
1776461743.63,checkout,checkout::service,pod_restart_count,k8s_container_restarts,45.0
1776461743.63,checkout,checkout::service,pod_running_count,k8s_container_ready,3.0
1776461743.63,email,email-5dcf48b665-66zvj,cpu_usage,container_cpu_usage,0.0025956420000675675
1776461743.63,email,email-5dcf48b665-66zvj,memory_usage,container_memory_working_set_bytes,59584512.0
1776461743.63,email,email-5dcf48b665-9xxmx,cpu_usage,container_cpu_usage,0.006196687634075853
1776461743.63,email,email-5dcf48b665-9xxmx,memory_usage,container_memory_working_set_bytes,56348672.0
1776461743.63,email,email-5dcf48b665-n4zf2,cpu_usage,container_cpu_usage,0.007976540317021606
1776461743.63,email,email-5dcf48b665-n4zf2,memory_usage,container_memory_working_set_bytes,55087104.0
1776461743.63,email,email::service,pod_restart_count,k8s_container_restarts,9.0
1776461743.63,email,email::service,pod_running_count,k8s_container_ready,3.0
1776461743.63,email,otel-demo.email-5dcf48b665-66zvj.email,error_ratio,trace_server_error_ratio,0.0
1776461743.63,email,otel-demo.email-5dcf48b665-66zvj.email,request_count,trace_server_count,0.0
1776461743.63,email,otel-demo.email-5dcf48b665-9xxmx.email,error_ratio,trace_server_error_ratio,0.0
1776461743.63,email,otel-demo.email-5dcf48b665-9xxmx.email,request_count,trace_server_count,0.0
1776461743.63,email,otel-demo.email-5dcf48b665-n4zf2.email,error_ratio,trace_server_error_ratio,0.0
1776461743.63,email,otel-demo.email-5dcf48b665-n4zf2.email,request_count,trace_server_count,0.0
1776461743.63,frontend,frontend-b78bf7696-6bjdg,cpu_usage,container_cpu_usage,0.0942383552503158
1776461743.63,frontend,frontend-b78bf7696-6bjdg,memory_usage,container_memory_working_set_bytes,118145024.0
1776461743.63,frontend,frontend-b78bf7696-77ldd,cpu_usage,container_cpu_usage,0.04414477499999521
1776461743.63,frontend,frontend-b78bf7696-77ldd,memory_usage,container_memory_working_set_bytes,91103232.0
1776461743.63,frontend,frontend-b78bf7696-p9kqx,cpu_usage,container_cpu_usage,0.11614184165756201
1776461743.63,frontend,frontend-b78bf7696-p9kqx,memory_usage,container_memory_working_set_bytes,118157312.0
1776461743.63,frontend,frontend::service,pod_restart_count,k8s_container_restarts,3.0
1776461743.63,frontend,frontend::service,pod_running_count,k8s_container_ready,3.0
1776461743.63,frontend,otel-demo.frontend-b78bf7696-6bjdg.frontend,dependency_error_ratio,trace_client_error_ratio,0.0
1776461743.63,frontend,otel-demo.frontend-b78bf7696-6bjdg.frontend,error_ratio,trace_server_error_ratio,0.0
1776461743.63,frontend,otel-demo.frontend-b78bf7696-6bjdg.frontend,http_5xx_ratio,http_server_5xx_ratio,0.0
1776461743.63,frontend,otel-demo.frontend-b78bf7696-6bjdg.frontend,request_count,trace_server_count,0.0
1776461743.63,frontend,otel-demo.frontend-b78bf7696-77ldd.frontend,dependency_error_ratio,trace_client_error_ratio,0.0
1776461743.63,frontend,otel-demo.frontend-b78bf7696-77ldd.frontend,error_ratio,trace_server_error_ratio,0.0
1776461743.63,frontend,otel-demo.frontend-b78bf7696-77ldd.frontend,http_5xx_ratio,http_server_5xx_ratio,0.0
1776461743.63,frontend,otel-demo.frontend-b78bf7696-77ldd.frontend,request_count,trace_server_count,0.0
1776461743.63,frontend,otel-demo.frontend-b78bf7696-p9kqx.frontend,dependency_error_ratio,trace_client_error_ratio,0.0
1776461743.63,frontend,otel-demo.frontend-b78bf7696-p9kqx.frontend,error_ratio,trace_server_error_ratio,0.0
1776461743.63,frontend,otel-demo.frontend-b78bf7696-p9kqx.frontend,http_5xx_ratio,http_server_5xx_ratio,0.0
1776461743.63,frontend,otel-demo.frontend-b78bf7696-p9kqx.frontend,request_count,trace_server_count,0.0
1776461743.63,kafka,kafka-66df8bdf76-zjcbb,cpu_usage,container_cpu_usage,0.012636492003560365
1776461743.63,kafka,kafka-66df8bdf76-zjcbb,memory_usage,container_memory_working_set_bytes,665415680.0
1776461743.63,kafka,kafka::service,pod_restart_count,k8s_container_restarts,9.0
1776461743.63,kafka,kafka::service,pod_running_count,k8s_container_ready,1.0
1776461743.63,kafka,kafka::service,queue_lag,queue_size_ratio,0.0
1776461743.63,payment,otel-demo.payment-f9f8d647b-74h8z.payment,dependency_error_ratio,trace_client_error_ratio,0.0
1776461743.63,payment,otel-demo.payment-f9f8d647b-74h8z.payment,error_ratio,trace_server_error_ratio,0.0
1776461743.63,payment,otel-demo.payment-f9f8d647b-74h8z.payment,request_count,trace_server_count,0.0
1776461743.63,payment,otel-demo.payment-f9f8d647b-75hmx.payment,dependency_error_ratio,trace_client_error_ratio,0.0
1776461743.63,payment,otel-demo.payment-f9f8d647b-75hmx.payment,error_ratio,trace_server_error_ratio,0.0
1776461743.63,payment,otel-demo.payment-f9f8d647b-75hmx.payment,request_count,trace_server_count,0.0
1776461743.63,payment,otel-demo.payment-f9f8d647b-tv6l5.payment,dependency_error_ratio,trace_client_error_ratio,0.0
1776461743.63,payment,otel-demo.payment-f9f8d647b-tv6l5.payment,error_ratio,trace_server_error_ratio,0.0
1776461743.63,payment,otel-demo.payment-f9f8d647b-tv6l5.payment,request_count,trace_server_count,0.0
1776461743.63,payment,payment-f9f8d647b-74h8z,cpu_usage,container_cpu_usage,0.008737225993425812
1776461743.63,payment,payment-f9f8d647b-74h8z,memory_usage,container_memory_working_set_bytes,109690880.0
1776461743.63,payment,payment-f9f8d647b-75hmx,cpu_usage,container_cpu_usage,0.010812001086516695
1776461743.63,payment,payment-f9f8d647b-75hmx,memory_usage,container_memory_working_set_bytes,110186496.0
1776461743.63,payment,payment-f9f8d647b-tv6l5,cpu_usage,container_cpu_usage,0.0066638435393102675
1776461743.63,payment,payment-f9f8d647b-tv6l5,memory_usage,container_memory_working_set_bytes,99213312.0
1776461743.63,payment,payment::service,pod_restart_count,k8s_container_restarts,39.0
1776461743.63,payment,payment::service,pod_running_count,k8s_container_ready,3.0
1776461743.63,product-catalog,otel-demo.product-catalog-784544475c-7crs7.product-catalog,dependency_error_ratio,trace_client_error_ratio,0.0
1776461743.63,product-catalog,otel-demo.product-catalog-784544475c-7crs7.product-catalog,error_ratio,trace_server_error_ratio,0.0
1776461743.63,product-catalog,otel-demo.product-catalog-784544475c-7crs7.product-catalog,request_count,trace_server_count,0.0
1776461743.63,product-catalog,otel-demo.product-catalog-784544475c-8skc7.product-catalog,dependency_error_ratio,trace_client_error_ratio,0.0
1776461743.63,product-catalog,otel-demo.product-catalog-784544475c-8skc7.product-catalog,error_ratio,trace_server_error_ratio,0.0
1776461743.63,product-catalog,otel-demo.product-catalog-784544475c-8skc7.product-catalog,request_count,trace_server_count,0.0
1776461743.63,product-catalog,otel-demo.product-catalog-784544475c-stwzc.product-catalog,dependency_error_ratio,trace_client_error_ratio,0.0
1776461743.63,product-catalog,otel-demo.product-catalog-784544475c-stwzc.product-catalog,error_ratio,trace_server_error_ratio,0.0
1776461743.63,product-catalog,otel-demo.product-catalog-784544475c-stwzc.product-catalog,request_count,trace_server_count,0.0
1776461743.63,product-catalog,product-catalog-784544475c-7crs7,cpu_usage,container_cpu_usage,0.0004856133651551262
1776461743.63,product-catalog,product-catalog-784544475c-7crs7,memory_usage,container_memory_working_set_bytes,14548992.0
1776461743.63,product-catalog,product-catalog-784544475c-8skc7,cpu_usage,container_cpu_usage,0.06250805028672247
1776461743.63,product-catalog,product-catalog-784544475c-8skc7,memory_usage,container_memory_working_set_bytes,16416768.0
1776461743.63,product-catalog,product-catalog-784544475c-stwzc,cpu_usage,container_cpu_usage,0.3157994939203316
1776461743.63,product-catalog,product-catalog-784544475c-stwzc,memory_usage,container_memory_working_set_bytes,17735680.0
1776461743.63,product-catalog,product-catalog::service,pod_restart_count,k8s_container_restarts,35.0
1776461743.63,product-catalog,product-catalog::service,pod_running_count,k8s_container_ready,3.0
1776461743.63,recommendation,otel-demo.recommendation-5b46f7469c-g2rgb.recommendation,dependency_error_ratio,trace_client_error_ratio,0.0
1776461743.63,recommendation,otel-demo.recommendation-5b46f7469c-rjwxq.recommendation,dependency_error_ratio,trace_client_error_ratio,0.0
1776461743.63,recommendation,otel-demo.recommendation-5b46f7469c-rjwxq.recommendation,error_ratio,trace_server_error_ratio,0.0
1776461743.63,recommendation,otel-demo.recommendation-5b46f7469c-rjwxq.recommendation,request_count,trace_server_count,0.0
1776461743.63,recommendation,otel-demo.recommendation-5b46f7469c-t2fm9.recommendation,dependency_error_ratio,trace_client_error_ratio,0.0
1776461743.63,recommendation,otel-demo.recommendation-5b46f7469c-t2fm9.recommendation,error_ratio,trace_server_error_ratio,0.0
1776461743.63,recommendation,otel-demo.recommendation-5b46f7469c-t2fm9.recommendation,request_count,trace_server_count,0.0
1776461743.63,recommendation,recommendation-5b46f7469c-g2rgb,cpu_usage,container_cpu_usage,0.013347275629423411
1776461743.63,recommendation,recommendation-5b46f7469c-g2rgb,memory_usage,container_memory_working_set_bytes,46886912.0
1776461743.63,recommendation,recommendation-5b46f7469c-rjwxq,cpu_usage,container_cpu_usage,0.03573110672020631
1776461743.63,recommendation,recommendation-5b46f7469c-rjwxq,memory_usage,container_memory_working_set_bytes,47837184.0
1776461743.63,recommendation,recommendation-5b46f7469c-t2fm9,cpu_usage,container_cpu_usage,0.043394842170383016
1776461743.63,recommendation,recommendation-5b46f7469c-t2fm9,memory_usage,container_memory_working_set_bytes,52760576.0
1776461743.63,recommendation,recommendation::service,pod_restart_count,k8s_container_restarts,3.0
1776461743.63,recommendation,recommendation::service,pod_running_count,k8s_container_ready,3.0
1776461753.63,ad,3a8b9295-6ae2-4e8a-b9b0-a607d7fec0a4,dependency_error_ratio,trace_client_error_ratio,0.0
1776461753.63,ad,3a8b9295-6ae2-4e8a-b9b0-a607d7fec0a4,error_ratio,trace_server_error_ratio,0.0
1776461753.63,ad,3a8b9295-6ae2-4e8a-b9b0-a607d7fec0a4,request_count,trace_server_count,0.0
1776461753.63,ad,5680c7ee-584c-4353-b6d2-93bc605a0324,dependency_error_ratio,trace_client_error_ratio,0.0
1776461753.63,ad,5680c7ee-584c-4353-b6d2-93bc605a0324,error_ratio,trace_server_error_ratio,0.0
1776461753.63,ad,5680c7ee-584c-4353-b6d2-93bc605a0324,request_count,trace_server_count,0.0
1776461753.63,ad,9f9a3c1c-bd3f-40ea-8764-b59f1ebd2204,dependency_error_ratio,trace_client_error_ratio,0.0
1776461753.63,ad,ad-7fb5b4f859-52ks9,cpu_usage,container_cpu_usage,0.002883249899311617
1776461753.63,ad,ad-7fb5b4f859-52ks9,memory_usage,container_memory_working_set_bytes,260464640.0
1776461753.63,ad,ad-7fb5b4f859-rd4zw,cpu_usage,container_cpu_usage,0.004629749929052277
1776461753.63,ad,ad-7fb5b4f859-rd4zw,memory_usage,container_memory_working_set_bytes,238321664.0
1776461753.63,ad,ad-7fb5b4f859-zsstr,cpu_usage,container_cpu_usage,0.003688300266442284
1776461753.63,ad,ad-7fb5b4f859-zsstr,memory_usage,container_memory_working_set_bytes,261718016.0
1776461753.63,ad,ad::service,pod_restart_count,k8s_container_restarts,3.0
1776461753.63,ad,ad::service,pod_running_count,k8s_container_ready,3.0
1776461753.63,cart,cart-7c7496d7f-th7mc,cpu_usage,container_cpu_usage,0.04904904603461928
1776461753.63,cart,cart-7c7496d7f-th7mc,memory_usage,container_memory_working_set_bytes,63541248.0
1776461753.63,cart,cart::service,pod_restart_count,k8s_container_restarts,1.0
1776461753.63,cart,cart::service,pod_running_count,k8s_container_ready,1.0
1776461753.63,cart,f1f3afac-3031-4c18-925a-048232421d89,dependency_error_ratio,trace_client_error_ratio,0.0
1776461753.63,cart,f1f3afac-3031-4c18-925a-048232421d89,error_ratio,trace_server_error_ratio,0.0
1776461753.63,cart,f1f3afac-3031-4c18-925a-048232421d89,request_count,trace_server_count,0.0
1776461753.63,checkout,4755bdbd-5ad9-49fa-acb7-3a7dcb6a9277,dependency_error_ratio,trace_client_error_ratio,0.0
1776461753.63,checkout,4755bdbd-5ad9-49fa-acb7-3a7dcb6a9277,error_ratio,trace_server_error_ratio,0.0
1776461753.63,checkout,4755bdbd-5ad9-49fa-acb7-3a7dcb6a9277,request_count,trace_server_count,0.0
1776461753.63,checkout,bb49e6b9-109a-41b8-be66-ab2a38272474,dependency_error_ratio,trace_client_error_ratio,0.0
1776461753.63,checkout,bb49e6b9-109a-41b8-be66-ab2a38272474,error_ratio,trace_server_error_ratio,0.0
1776461753.63,checkout,bb49e6b9-109a-41b8-be66-ab2a38272474,request_count,trace_server_count,0.0
1776461753.63,checkout,bc5804df-6f63-4261-8788-8ecfe5481366,dependency_error_ratio,trace_client_error_ratio,0.0
1776461753.63,checkout,bc5804df-6f63-4261-8788-8ecfe5481366,error_ratio,trace_server_error_ratio,0.0
1776461753.63,checkout,bc5804df-6f63-4261-8788-8ecfe5481366,request_count,trace_server_count,0.0
1776461753.63,checkout,checkout-7f4ccfc547-6crwh,cpu_usage,container_cpu_usage,0.1292907916885134
1776461753.63,checkout,checkout-7f4ccfc547-6crwh,memory_usage,container_memory_working_set_bytes,16543744.0
1776461753.63,checkout,checkout-7f4ccfc547-ftx2n,cpu_usage,container_cpu_usage,0.0007585787223937239
1776461753.63,checkout,checkout-7f4ccfc547-ftx2n,memory_usage,container_memory_working_set_bytes,12169216.0
1776461753.63,checkout,checkout-7f4ccfc547-qlfgr,cpu_usage,container_cpu_usage,0.02971142578124969
1776461753.63,checkout,checkout-7f4ccfc547-qlfgr,memory_usage,container_memory_working_set_bytes,15245312.0
1776461753.63,checkout,checkout::service,pod_restart_count,k8s_container_restarts,45.0
1776461753.63,checkout,checkout::service,pod_running_count,k8s_container_ready,3.0
1776461753.63,email,email-5dcf48b665-66zvj,cpu_usage,container_cpu_usage,0.002582147843859895
1776461753.63,email,email-5dcf48b665-66zvj,memory_usage,container_memory_working_set_bytes,59547648.0
1776461753.63,email,email-5dcf48b665-9xxmx,cpu_usage,container_cpu_usage,0.006079015156052746
1776461753.63,email,email-5dcf48b665-9xxmx,memory_usage,container_memory_working_set_bytes,56348672.0
1776461753.63,email,email-5dcf48b665-n4zf2,cpu_usage,container_cpu_usage,0.007576476252275898
1776461753.63,email,email-5dcf48b665-n4zf2,memory_usage,container_memory_working_set_bytes,54730752.0
1776461753.63,email,email::service,pod_restart_count,k8s_container_restarts,9.0
1776461753.63,email,email::service,pod_running_count,k8s_container_ready,3.0
1776461753.63,email,otel-demo.email-5dcf48b665-66zvj.email,error_ratio,trace_server_error_ratio,0.0
1776461753.63,email,otel-demo.email-5dcf48b665-66zvj.email,request_count,trace_server_count,0.0
1776461753.63,email,otel-demo.email-5dcf48b665-9xxmx.email,error_ratio,trace_server_error_ratio,0.0
1776461753.63,email,otel-demo.email-5dcf48b665-9xxmx.email,request_count,trace_server_count,0.0
1776461753.63,email,otel-demo.email-5dcf48b665-n4zf2.email,error_ratio,trace_server_error_ratio,0.0
1776461753.63,email,otel-demo.email-5dcf48b665-n4zf2.email,request_count,trace_server_count,0.0
1776461753.63,frontend,frontend-b78bf7696-6bjdg,cpu_usage,container_cpu_usage,0.10837701207245606
1776461753.63,frontend,frontend-b78bf7696-6bjdg,memory_usage,container_memory_working_set_bytes,118837248.0
1776461753.63,frontend,frontend-b78bf7696-77ldd,cpu_usage,container_cpu_usage,0.07217495158167318
1776461753.63,frontend,frontend-b78bf7696-77ldd,memory_usage,container_memory_working_set_bytes,95690752.0
1776461753.63,frontend,frontend-b78bf7696-p9kqx,cpu_usage,container_cpu_usage,0.11614184165756201
1776461753.63,frontend,frontend-b78bf7696-p9kqx,memory_usage,container_memory_working_set_bytes,118157312.0
1776461753.63,frontend,frontend::service,pod_restart_count,k8s_container_restarts,3.0
1776461753.63,frontend,frontend::service,pod_running_count,k8s_container_ready,3.0
1776461753.63,frontend,otel-demo.frontend-b78bf7696-6bjdg.frontend,dependency_error_ratio,trace_client_error_ratio,0.0
1776461753.63,frontend,otel-demo.frontend-b78bf7696-6bjdg.frontend,error_ratio,trace_server_error_ratio,0.0
1776461753.63,frontend,otel-demo.frontend-b78bf7696-6bjdg.frontend,http_5xx_ratio,http_server_5xx_ratio,0.0
1776461753.63,frontend,otel-demo.frontend-b78bf7696-6bjdg.frontend,request_count,trace_server_count,0.0
1776461753.63,frontend,otel-demo.frontend-b78bf7696-77ldd.frontend,dependency_error_ratio,trace_client_error_ratio,0.0
1776461753.63,frontend,otel-demo.frontend-b78bf7696-77ldd.frontend,error_ratio,trace_server_error_ratio,0.0
1776461753.63,frontend,otel-demo.frontend-b78bf7696-77ldd.frontend,http_5xx_ratio,http_server_5xx_ratio,0.0
1776461753.63,frontend,otel-demo.frontend-b78bf7696-77ldd.frontend,request_count,trace_server_count,0.0
1776461753.63,frontend,otel-demo.frontend-b78bf7696-p9kqx.frontend,dependency_error_ratio,trace_client_error_ratio,0.0
1776461753.63,frontend,otel-demo.frontend-b78bf7696-p9kqx.frontend,error_ratio,trace_server_error_ratio,0.0
1776461753.63,frontend,otel-demo.frontend-b78bf7696-p9kqx.frontend,http_5xx_ratio,http_server_5xx_ratio,0.0
1776461753.63,frontend,otel-demo.frontend-b78bf7696-p9kqx.frontend,request_count,trace_server_count,0.0
1776461753.63,kafka,kafka-66df8bdf76-zjcbb,cpu_usage,container_cpu_usage,0.01267974807483637
1776461753.63,kafka,kafka-66df8bdf76-zjcbb,memory_usage,container_memory_working_set_bytes,665473024.0
1776461753.63,kafka,kafka::service,pod_restart_count,k8s_container_restarts,9.0
1776461753.63,kafka,kafka::service,pod_running_count,k8s_container_ready,1.0
1776461753.63,kafka,kafka::service,queue_lag,queue_size_ratio,0.0
1776461753.63,payment,otel-demo.payment-f9f8d647b-74h8z.payment,dependency_error_ratio,trace_client_error_ratio,0.0
1776461753.63,payment,otel-demo.payment-f9f8d647b-74h8z.payment,error_ratio,trace_server_error_ratio,0.0
1776461753.63,payment,otel-demo.payment-f9f8d647b-74h8z.payment,request_count,trace_server_count,0.0
1776461753.63,payment,otel-demo.payment-f9f8d647b-75hmx.payment,dependency_error_ratio,trace_client_error_ratio,0.0
1776461753.63,payment,otel-demo.payment-f9f8d647b-75hmx.payment,error_ratio,trace_server_error_ratio,0.0
1776461753.63,payment,otel-demo.payment-f9f8d647b-75hmx.payment,request_count,trace_server_count,0.0
1776461753.63,payment,otel-demo.payment-f9f8d647b-tv6l5.payment,dependency_error_ratio,trace_client_error_ratio,0.0
1776461753.63,payment,otel-demo.payment-f9f8d647b-tv6l5.payment,error_ratio,trace_server_error_ratio,0.0
1776461753.63,payment,otel-demo.payment-f9f8d647b-tv6l5.payment,request_count,trace_server_count,0.0
1776461753.63,payment,payment-f9f8d647b-74h8z,cpu_usage,container_cpu_usage,0.009070360262008928
1776461753.63,payment,payment-f9f8d647b-74h8z,memory_usage,container_memory_working_set_bytes,109690880.0
1776461753.63,payment,payment-f9f8d647b-75hmx,cpu_usage,container_cpu_usage,0.012822666417875175
1776461753.63,payment,payment-f9f8d647b-75hmx,memory_usage,container_memory_working_set_bytes,110186496.0
1776461753.63,payment,payment-f9f8d647b-tv6l5,cpu_usage,container_cpu_usage,0.007205884835016549
1776461753.63,payment,payment-f9f8d647b-tv6l5,memory_usage,container_memory_working_set_bytes,99213312.0
1776461753.63,payment,payment::service,pod_restart_count,k8s_container_restarts,39.0
1776461753.63,payment,payment::service,pod_running_count,k8s_container_ready,3.0
1776461753.63,product-catalog,otel-demo.product-catalog-784544475c-7crs7.product-catalog,dependency_error_ratio,trace_client_error_ratio,0.0
1776461753.63,product-catalog,otel-demo.product-catalog-784544475c-7crs7.product-catalog,error_ratio,trace_server_error_ratio,0.0
1776461753.63,product-catalog,otel-demo.product-catalog-784544475c-7crs7.product-catalog,request_count,trace_server_count,0.0
1776461753.63,product-catalog,otel-demo.product-catalog-784544475c-8skc7.product-catalog,dependency_error_ratio,trace_client_error_ratio,0.0
1776461753.63,product-catalog,otel-demo.product-catalog-784544475c-8skc7.product-catalog,error_ratio,trace_server_error_ratio,0.0
1776461753.63,product-catalog,otel-demo.product-catalog-784544475c-8skc7.product-catalog,request_count,trace_server_count,0.0
1776461753.63,product-catalog,otel-demo.product-catalog-784544475c-stwzc.product-catalog,dependency_error_ratio,trace_client_error_ratio,0.0
1776461753.63,product-catalog,otel-demo.product-catalog-784544475c-stwzc.product-catalog,error_ratio,trace_server_error_ratio,0.0
1776461753.63,product-catalog,otel-demo.product-catalog-784544475c-stwzc.product-catalog,request_count,trace_server_count,0.0
1776461753.63,product-catalog,product-catalog-784544475c-7crs7,cpu_usage,container_cpu_usage,0.0005053786232843997
1776461753.63,product-catalog,product-catalog-784544475c-7crs7,memory_usage,container_memory_working_set_bytes,14548992.0
1776461753.63,product-catalog,product-catalog-784544475c-8skc7,cpu_usage,container_cpu_usage,0.08833365505976835
1776461753.63,product-catalog,product-catalog-784544475c-8skc7,memory_usage,container_memory_working_set_bytes,17694720.0
1776461753.63,product-catalog,product-catalog-784544475c-stwzc,cpu_usage,container_cpu_usage,0.35671880503554626
1776461753.63,product-catalog,product-catalog-784544475c-stwzc,memory_usage,container_memory_working_set_bytes,18415616.0
1776461753.63,product-catalog,product-catalog::service,pod_restart_count,k8s_container_restarts,35.0
1776461753.63,product-catalog,product-catalog::service,pod_running_count,k8s_container_ready,3.0
1776461753.63,recommendation,otel-demo.recommendation-5b46f7469c-g2rgb.recommendation,dependency_error_ratio,trace_client_error_ratio,0.0
1776461753.63,recommendation,otel-demo.recommendation-5b46f7469c-rjwxq.recommendation,dependency_error_ratio,trace_client_error_ratio,0.0
1776461753.63,recommendation,otel-demo.recommendation-5b46f7469c-rjwxq.recommendation,error_ratio,trace_server_error_ratio,0.0
1776461753.63,recommendation,otel-demo.recommendation-5b46f7469c-rjwxq.recommendation,request_count,trace_server_count,0.0
1776461753.63,recommendation,otel-demo.recommendation-5b46f7469c-t2fm9.recommendation,dependency_error_ratio,trace_client_error_ratio,0.0
1776461753.63,recommendation,otel-demo.recommendation-5b46f7469c-t2fm9.recommendation,error_ratio,trace_server_error_ratio,0.0
1776461753.63,recommendation,otel-demo.recommendation-5b46f7469c-t2fm9.recommendation,request_count,trace_server_count,0.0
1776461753.63,recommendation,recommendation-5b46f7469c-g2rgb,cpu_usage,container_cpu_usage,0.015560582372486016
1776461753.63,recommendation,recommendation-5b46f7469c-g2rgb,memory_usage,container_memory_working_set_bytes,46886912.0
1776461753.63,recommendation,recommendation-5b46f7469c-rjwxq,cpu_usage,container_cpu_usage,0.04043457103893188
1776461753.63,recommendation,recommendation-5b46f7469c-rjwxq,memory_usage,container_memory_working_set_bytes,47837184.0
1776461753.63,recommendation,recommendation-5b46f7469c-t2fm9,cpu_usage,container_cpu_usage,0.05520385739583521
1776461753.63,recommendation,recommendation-5b46f7469c-t2fm9,memory_usage,container_memory_working_set_bytes,53018624.0
1776461753.63,recommendation,recommendation::service,pod_restart_count,k8s_container_restarts,3.0
1776461753.63,recommendation,recommendation::service,pod_running_count,k8s_container_ready,3.0
1776461763.63,ad,3a8b9295-6ae2-4e8a-b9b0-a607d7fec0a4,dependency_error_ratio,trace_client_error_ratio,0.0
1776461763.63,ad,3a8b9295-6ae2-4e8a-b9b0-a607d7fec0a4,error_ratio,trace_server_error_ratio,0.0
1776461763.63,ad,3a8b9295-6ae2-4e8a-b9b0-a607d7fec0a4,request_count,trace_server_count,0.0
1776461763.63,ad,5680c7ee-584c-4353-b6d2-93bc605a0324,dependency_error_ratio,trace_client_error_ratio,0.0
1776461763.63,ad,5680c7ee-584c-4353-b6d2-93bc605a0324,error_ratio,trace_server_error_ratio,0.0
1776461763.63,ad,5680c7ee-584c-4353-b6d2-93bc605a0324,request_count,trace_server_count,0.0
1776461763.63,ad,9f9a3c1c-bd3f-40ea-8764-b59f1ebd2204,dependency_error_ratio,trace_client_error_ratio,0.0
1776461763.63,ad,ad-7fb5b4f859-52ks9,cpu_usage,container_cpu_usage,0.002883249899311617
1776461763.63,ad,ad-7fb5b4f859-52ks9,memory_usage,container_memory_working_set_bytes,260464640.0
1776461763.63,ad,ad-7fb5b4f859-rd4zw,cpu_usage,container_cpu_usage,0.0035704876932588143
1776461763.63,ad,ad-7fb5b4f859-rd4zw,memory_usage,container_memory_working_set_bytes,238321664.0
1776461763.63,ad,ad-7fb5b4f859-zsstr,cpu_usage,container_cpu_usage,0.0035912106136050032
1776461763.63,ad,ad-7fb5b4f859-zsstr,memory_usage,container_memory_working_set_bytes,261750784.0
1776461763.63,ad,ad::service,pod_restart_count,k8s_container_restarts,3.0
1776461763.63,ad,ad::service,pod_running_count,k8s_container_ready,3.0
1776461763.63,cart,cart-7c7496d7f-th7mc,cpu_usage,container_cpu_usage,0.04583108402264194
1776461763.63,cart,cart-7c7496d7f-th7mc,memory_usage,container_memory_working_set_bytes,63541248.0
1776461763.63,cart,cart::service,pod_restart_count,k8s_container_restarts,1.0
1776461763.63,cart,cart::service,pod_running_count,k8s_container_ready,1.0
1776461763.63,cart,f1f3afac-3031-4c18-925a-048232421d89,dependency_error_ratio,trace_client_error_ratio,0.0
1776461763.63,cart,f1f3afac-3031-4c18-925a-048232421d89,error_ratio,trace_server_error_ratio,0.0
1776461763.63,cart,f1f3afac-3031-4c18-925a-048232421d89,request_count,trace_server_count,0.0
1776461763.63,checkout,4755bdbd-5ad9-49fa-acb7-3a7dcb6a9277,dependency_error_ratio,trace_client_error_ratio,0.0
1776461763.63,checkout,4755bdbd-5ad9-49fa-acb7-3a7dcb6a9277,error_ratio,trace_server_error_ratio,0.0
1776461763.63,checkout,4755bdbd-5ad9-49fa-acb7-3a7dcb6a9277,request_count,trace_server_count,0.0
1776461763.63,checkout,bb49e6b9-109a-41b8-be66-ab2a38272474,dependency_error_ratio,trace_client_error_ratio,0.0
1776461763.63,checkout,bb49e6b9-109a-41b8-be66-ab2a38272474,error_ratio,trace_server_error_ratio,0.0
1776461763.63,checkout,bb49e6b9-109a-41b8-be66-ab2a38272474,request_count,trace_server_count,0.0
1776461763.63,checkout,bc5804df-6f63-4261-8788-8ecfe5481366,dependency_error_ratio,trace_client_error_ratio,0.0
1776461763.63,checkout,bc5804df-6f63-4261-8788-8ecfe5481366,error_ratio,trace_server_error_ratio,0.0
1776461763.63,checkout,bc5804df-6f63-4261-8788-8ecfe5481366,request_count,trace_server_count,0.0
1776461763.63,checkout,checkout-7f4ccfc547-6crwh,cpu_usage,container_cpu_usage,0.1292907916885134
1776461763.63,checkout,checkout-7f4ccfc547-6crwh,memory_usage,container_memory_working_set_bytes,16543744.0
1776461763.63,checkout,checkout-7f4ccfc547-ftx2n,cpu_usage,container_cpu_usage,0.0007923479464885662
1776461763.63,checkout,checkout-7f4ccfc547-ftx2n,memory_usage,container_memory_working_set_bytes,12214272.0
1776461763.63,checkout,checkout-7f4ccfc547-qlfgr,cpu_usage,container_cpu_usage,0.02971142578124969
1776461763.63,checkout,checkout-7f4ccfc547-qlfgr,memory_usage,container_memory_working_set_bytes,15245312.0
1776461763.63,checkout,checkout::service,pod_restart_count,k8s_container_restarts,45.0
1776461763.63,checkout,checkout::service,pod_running_count,k8s_container_ready,3.0
1776461763.63,email,email-5dcf48b665-66zvj,cpu_usage,container_cpu_usage,0.002457306298481196
1776461763.63,email,email-5dcf48b665-66zvj,memory_usage,container_memory_working_set_bytes,59547648.0
1776461763.63,email,email-5dcf48b665-9xxmx,cpu_usage,container_cpu_usage,0.004841783596417111
1776461763.63,email,email-5dcf48b665-9xxmx,memory_usage,container_memory_working_set_bytes,56348672.0
1776461763.63,email,email-5dcf48b665-n4zf2,cpu_usage,container_cpu_usage,0.005747754119688788
1776461763.63,email,email-5dcf48b665-n4zf2,memory_usage,container_memory_working_set_bytes,54730752.0
1776461763.63,email,email::service,pod_restart_count,k8s_container_restarts,9.0
1776461763.63,email,email::service,pod_running_count,k8s_container_ready,3.0
1776461763.63,email,otel-demo.email-5dcf48b665-66zvj.email,error_ratio,trace_server_error_ratio,0.0
1776461763.63,email,otel-demo.email-5dcf48b665-66zvj.email,request_count,trace_server_count,0.0
1776461763.63,email,otel-demo.email-5dcf48b665-9xxmx.email,error_ratio,trace_server_error_ratio,0.0
1776461763.63,email,otel-demo.email-5dcf48b665-9xxmx.email,request_count,trace_server_count,0.0
1776461763.63,email,otel-demo.email-5dcf48b665-n4zf2.email,error_ratio,trace_server_error_ratio,0.0
1776461763.63,email,otel-demo.email-5dcf48b665-n4zf2.email,request_count,trace_server_count,0.0
1776461763.63,frontend,frontend-b78bf7696-6bjdg,cpu_usage,container_cpu_usage,0.08413914742041541
1776461763.63,frontend,frontend-b78bf7696-6bjdg,memory_usage,container_memory_working_set_bytes,119062528.0
1776461763.63,frontend,frontend-b78bf7696-77ldd,cpu_usage,container_cpu_usage,0.07125158574562675
1776461763.63,frontend,frontend-b78bf7696-77ldd,memory_usage,container_memory_working_set_bytes,95690752.0
1776461763.63,frontend,frontend-b78bf7696-p9kqx,cpu_usage,container_cpu_usage,0.08984926877226762
1776461763.63,frontend,frontend-b78bf7696-p9kqx,memory_usage,container_memory_working_set_bytes,117006336.0
1776461763.63,frontend,frontend::service,pod_restart_count,k8s_container_restarts,3.0
1776461763.63,frontend,frontend::service,pod_running_count,k8s_container_ready,3.0
1776461763.63,frontend,otel-demo.frontend-b78bf7696-6bjdg.frontend,dependency_error_ratio,trace_client_error_ratio,0.0
1776461763.63,frontend,otel-demo.frontend-b78bf7696-6bjdg.frontend,error_ratio,trace_server_error_ratio,0.0
1776461763.63,frontend,otel-demo.frontend-b78bf7696-6bjdg.frontend,http_5xx_ratio,http_server_5xx_ratio,0.0
1776461763.63,frontend,otel-demo.frontend-b78bf7696-6bjdg.frontend,request_count,trace_server_count,0.0
1776461763.63,frontend,otel-demo.frontend-b78bf7696-77ldd.frontend,dependency_error_ratio,trace_client_error_ratio,0.0
1776461763.63,frontend,otel-demo.frontend-b78bf7696-77ldd.frontend,error_ratio,trace_server_error_ratio,0.0
1776461763.63,frontend,otel-demo.frontend-b78bf7696-77ldd.frontend,http_5xx_ratio,http_server_5xx_ratio,0.0
1776461763.63,frontend,otel-demo.frontend-b78bf7696-77ldd.frontend,request_count,trace_server_count,0.0
1776461763.63,frontend,otel-demo.frontend-b78bf7696-p9kqx.frontend,dependency_error_ratio,trace_client_error_ratio,0.0
1776461763.63,frontend,otel-demo.frontend-b78bf7696-p9kqx.frontend,error_ratio,trace_server_error_ratio,0.0
1776461763.63,frontend,otel-demo.frontend-b78bf7696-p9kqx.frontend,http_5xx_ratio,http_server_5xx_ratio,0.0
1776461763.63,frontend,otel-demo.frontend-b78bf7696-p9kqx.frontend,request_count,trace_server_count,0.0
1776461763.63,kafka,kafka-66df8bdf76-zjcbb,cpu_usage,container_cpu_usage,0.013276560954437454
1776461763.63,kafka,kafka-66df8bdf76-zjcbb,memory_usage,container_memory_working_set_bytes,665481216.0
1776461763.63,kafka,kafka::service,pod_restart_count,k8s_container_restarts,9.0
1776461763.63,kafka,kafka::service,pod_running_count,k8s_container_ready,1.0
1776461763.63,kafka,kafka::service,queue_lag,queue_size_ratio,0.0
1776461763.63,payment,otel-demo.payment-f9f8d647b-74h8z.payment,dependency_error_ratio,trace_client_error_ratio,0.0
1776461763.63,payment,otel-demo.payment-f9f8d647b-74h8z.payment,error_ratio,trace_server_error_ratio,0.0
1776461763.63,payment,otel-demo.payment-f9f8d647b-74h8z.payment,request_count,trace_server_count,0.0
1776461763.63,payment,otel-demo.payment-f9f8d647b-75hmx.payment,dependency_error_ratio,trace_client_error_ratio,0.0
1776461763.63,payment,otel-demo.payment-f9f8d647b-75hmx.payment,error_ratio,trace_server_error_ratio,0.0
1776461763.63,payment,otel-demo.payment-f9f8d647b-75hmx.payment,request_count,trace_server_count,0.0
1776461763.63,payment,otel-demo.payment-f9f8d647b-tv6l5.payment,dependency_error_ratio,trace_client_error_ratio,0.0
1776461763.63,payment,otel-demo.payment-f9f8d647b-tv6l5.payment,error_ratio,trace_server_error_ratio,0.0
1776461763.63,payment,otel-demo.payment-f9f8d647b-tv6l5.payment,request_count,trace_server_count,0.0
1776461763.63,payment,payment-f9f8d647b-74h8z,cpu_usage,container_cpu_usage,0.006771275890041388
1776461763.63,payment,payment-f9f8d647b-74h8z,memory_usage,container_memory_working_set_bytes,109690880.0
1776461763.63,payment,payment-f9f8d647b-75hmx,cpu_usage,container_cpu_usage,0.011671698433226798
1776461763.63,payment,payment-f9f8d647b-75hmx,memory_usage,container_memory_working_set_bytes,110186496.0
1776461763.63,payment,payment-f9f8d647b-tv6l5,cpu_usage,container_cpu_usage,0.0079073331513866
1776461763.63,payment,payment-f9f8d647b-tv6l5,memory_usage,container_memory_working_set_bytes,99213312.0
1776461763.63,payment,payment::service,pod_restart_count,k8s_container_restarts,39.0
1776461763.63,payment,payment::service,pod_running_count,k8s_container_ready,3.0
1776461763.63,product-catalog,otel-demo.product-catalog-784544475c-7crs7.product-catalog,dependency_error_ratio,trace_client_error_ratio,0.0
1776461763.63,product-catalog,otel-demo.product-catalog-784544475c-7crs7.product-catalog,error_ratio,trace_server_error_ratio,0.0
1776461763.63,product-catalog,otel-demo.product-catalog-784544475c-7crs7.product-catalog,request_count,trace_server_count,0.0
1776461763.63,product-catalog,otel-demo.product-catalog-784544475c-8skc7.product-catalog,dependency_error_ratio,trace_client_error_ratio,0.0
1776461763.63,product-catalog,otel-demo.product-catalog-784544475c-8skc7.product-catalog,error_ratio,trace_server_error_ratio,0.0
1776461763.63,product-catalog,otel-demo.product-catalog-784544475c-8skc7.product-catalog,request_count,trace_server_count,0.0
1776461763.63,product-catalog,otel-demo.product-catalog-784544475c-stwzc.product-catalog,dependency_error_ratio,trace_client_error_ratio,0.0
1776461763.63,product-catalog,otel-demo.product-catalog-784544475c-stwzc.product-catalog,error_ratio,trace_server_error_ratio,0.0
1776461763.63,product-catalog,otel-demo.product-catalog-784544475c-stwzc.product-catalog,request_count,trace_server_count,0.0
1776461763.63,product-catalog,product-catalog-784544475c-7crs7,cpu_usage,container_cpu_usage,0.0004659564692068154
1776461763.63,product-catalog,product-catalog-784544475c-7crs7,memory_usage,container_memory_working_set_bytes,14671872.0
1776461763.63,product-catalog,product-catalog-784544475c-8skc7,cpu_usage,container_cpu_usage,0.09464944219066969
1776461763.63,product-catalog,product-catalog-784544475c-8skc7,memory_usage,container_memory_working_set_bytes,17694720.0
1776461763.63,product-catalog,product-catalog-784544475c-stwzc,cpu_usage,container_cpu_usage,0.3430475360662727
1776461763.63,product-catalog,product-catalog-784544475c-stwzc,memory_usage,container_memory_working_set_bytes,18415616.0
1776461763.63,product-catalog,product-catalog::service,pod_restart_count,k8s_container_restarts,35.0
1776461763.63,product-catalog,product-catalog::service,pod_running_count,k8s_container_ready,3.0
1776461763.63,recommendation,otel-demo.recommendation-5b46f7469c-g2rgb.recommendation,dependency_error_ratio,trace_client_error_ratio,0.0
1776461763.63,recommendation,otel-demo.recommendation-5b46f7469c-rjwxq.recommendation,dependency_error_ratio,trace_client_error_ratio,0.0
1776461763.63,recommendation,otel-demo.recommendation-5b46f7469c-rjwxq.recommendation,error_ratio,trace_server_error_ratio,0.0
1776461763.63,recommendation,otel-demo.recommendation-5b46f7469c-rjwxq.recommendation,request_count,trace_server_count,0.0
1776461763.63,recommendation,otel-demo.recommendation-5b46f7469c-t2fm9.recommendation,dependency_error_ratio,trace_client_error_ratio,0.0
1776461763.63,recommendation,otel-demo.recommendation-5b46f7469c-t2fm9.recommendation,error_ratio,trace_server_error_ratio,0.0
1776461763.63,recommendation,otel-demo.recommendation-5b46f7469c-t2fm9.recommendation,request_count,trace_server_count,0.0
1776461763.63,recommendation,recommendation-5b46f7469c-g2rgb,cpu_usage,container_cpu_usage,0.015560582372486016
1776461763.63,recommendation,recommendation-5b46f7469c-g2rgb,memory_usage,container_memory_working_set_bytes,46886912.0
1776461763.63,recommendation,recommendation-5b46f7469c-rjwxq,cpu_usage,container_cpu_usage,0.038046468439840386
1776461763.63,recommendation,recommendation-5b46f7469c-rjwxq,memory_usage,container_memory_working_set_bytes,48021504.0
1776461763.63,recommendation,recommendation-5b46f7469c-t2fm9,cpu_usage,container_cpu_usage,0.05520385739583521
1776461763.63,recommendation,recommendation-5b46f7469c-t2fm9,memory_usage,container_memory_working_set_bytes,53018624.0
1776461763.63,recommendation,recommendation::service,pod_restart_count,k8s_container_restarts,3.0
1776461763.63,recommendation,recommendation::service,pod_running_count,k8s_container_ready,3.0
1776461773.63,ad,3a8b9295-6ae2-4e8a-b9b0-a607d7fec0a4,dependency_error_ratio,trace_client_error_ratio,0.0
1776461773.63,ad,3a8b9295-6ae2-4e8a-b9b0-a607d7fec0a4,error_ratio,trace_server_error_ratio,0.0
1776461773.63,ad,3a8b9295-6ae2-4e8a-b9b0-a607d7fec0a4,request_count,trace_server_count,0.0
1776461773.63,ad,5680c7ee-584c-4353-b6d2-93bc605a0324,dependency_error_ratio,trace_client_error_ratio,0.0
1776461773.63,ad,5680c7ee-584c-4353-b6d2-93bc605a0324,error_ratio,trace_server_error_ratio,0.0
1776461773.63,ad,5680c7ee-584c-4353-b6d2-93bc605a0324,request_count,trace_server_count,0.0
1776461773.63,ad,9f9a3c1c-bd3f-40ea-8764-b59f1ebd2204,dependency_error_ratio,trace_client_error_ratio,0.0
1776461773.63,ad,ad-7fb5b4f859-52ks9,cpu_usage,container_cpu_usage,0.002251089266519435
1776461773.63,ad,ad-7fb5b4f859-52ks9,memory_usage,container_memory_working_set_bytes,260464640.0
1776461773.63,ad,ad-7fb5b4f859-rd4zw,cpu_usage,container_cpu_usage,0.001400839981507526
1776461773.63,ad,ad-7fb5b4f859-rd4zw,memory_usage,container_memory_working_set_bytes,238321664.0
1776461773.63,ad,ad-7fb5b4f859-zsstr,cpu_usage,container_cpu_usage,0.0032128890475076805
1776461773.63,ad,ad-7fb5b4f859-zsstr,memory_usage,container_memory_working_set_bytes,261754880.0
1776461773.63,ad,ad::service,pod_restart_count,k8s_container_restarts,3.0
1776461773.63,ad,ad::service,pod_running_count,k8s_container_ready,3.0
1776461773.63,cart,cart-7c7496d7f-th7mc,cpu_usage,container_cpu_usage,0.024304463915380343
1776461773.63,cart,cart-7c7496d7f-th7mc,memory_usage,container_memory_working_set_bytes,63619072.0
1776461773.63,cart,cart::service,pod_restart_count,k8s_container_restarts,1.0
1776461773.63,cart,cart::service,pod_running_count,k8s_container_ready,1.0
1776461773.63,cart,f1f3afac-3031-4c18-925a-048232421d89,dependency_error_ratio,trace_client_error_ratio,0.0
1776461773.63,cart,f1f3afac-3031-4c18-925a-048232421d89,error_ratio,trace_server_error_ratio,0.0
1776461773.63,cart,f1f3afac-3031-4c18-925a-048232421d89,request_count,trace_server_count,0.0
1776461773.63,checkout,4755bdbd-5ad9-49fa-acb7-3a7dcb6a9277,dependency_error_ratio,trace_client_error_ratio,0.0
1776461773.63,checkout,4755bdbd-5ad9-49fa-acb7-3a7dcb6a9277,error_ratio,trace_server_error_ratio,0.0
1776461773.63,checkout,4755bdbd-5ad9-49fa-acb7-3a7dcb6a9277,request_count,trace_server_count,0.0
1776461773.63,checkout,bb49e6b9-109a-41b8-be66-ab2a38272474,dependency_error_ratio,trace_client_error_ratio,0.0
1776461773.63,checkout,bb49e6b9-109a-41b8-be66-ab2a38272474,error_ratio,trace_server_error_ratio,0.0
1776461773.63,checkout,bb49e6b9-109a-41b8-be66-ab2a38272474,request_count,trace_server_count,0.0
1776461773.63,checkout,bc5804df-6f63-4261-8788-8ecfe5481366,dependency_error_ratio,trace_client_error_ratio,0.0
1776461773.63,checkout,bc5804df-6f63-4261-8788-8ecfe5481366,error_ratio,trace_server_error_ratio,0.0
1776461773.63,checkout,bc5804df-6f63-4261-8788-8ecfe5481366,request_count,trace_server_count,0.0
1776461773.63,checkout,checkout-7f4ccfc547-6crwh,cpu_usage,container_cpu_usage,0.06557272208755
1776461773.63,checkout,checkout-7f4ccfc547-6crwh,memory_usage,container_memory_working_set_bytes,16138240.0
1776461773.63,checkout,checkout-7f4ccfc547-ftx2n,cpu_usage,container_cpu_usage,0.0006875750912429316
1776461773.63,checkout,checkout-7f4ccfc547-ftx2n,memory_usage,container_memory_working_set_bytes,12222464.0
1776461773.63,checkout,checkout-7f4ccfc547-qlfgr,cpu_usage,container_cpu_usage,0.01952118135671426
1776461773.63,checkout,checkout-7f4ccfc547-qlfgr,memory_usage,container_memory_working_set_bytes,15335424.0
1776461773.63,checkout,checkout::service,pod_restart_count,k8s_container_restarts,45.0
1776461773.63,checkout,checkout::service,pod_running_count,k8s_container_ready,3.0
1776461773.63,email,email-5dcf48b665-66zvj,cpu_usage,container_cpu_usage,0.0019447163604268155
1776461773.63,email,email-5dcf48b665-66zvj,memory_usage,container_memory_working_set_bytes,59531264.0
1776461773.63,email,email-5dcf48b665-9xxmx,cpu_usage,container_cpu_usage,0.0024084911940928867
1776461773.63,email,email-5dcf48b665-9xxmx,memory_usage,container_memory_working_set_bytes,56365056.0
1776461773.63,email,email-5dcf48b665-n4zf2,cpu_usage,container_cpu_usage,0.004497643227492896
1776461773.63,email,email-5dcf48b665-n4zf2,memory_usage,container_memory_working_set_bytes,54726656.0
1776461773.63,email,email::service,pod_restart_count,k8s_container_restarts,9.0
1776461773.63,email,email::service,pod_running_count,k8s_container_ready,3.0
1776461773.63,email,otel-demo.email-5dcf48b665-66zvj.email,error_ratio,trace_server_error_ratio,0.0
1776461773.63,email,otel-demo.email-5dcf48b665-66zvj.email,request_count,trace_server_count,0.0
1776461773.63,email,otel-demo.email-5dcf48b665-9xxmx.email,error_ratio,trace_server_error_ratio,0.0
1776461773.63,email,otel-demo.email-5dcf48b665-9xxmx.email,request_count,trace_server_count,0.0
1776461773.63,email,otel-demo.email-5dcf48b665-n4zf2.email,error_ratio,trace_server_error_ratio,0.0
1776461773.63,email,otel-demo.email-5dcf48b665-n4zf2.email,request_count,trace_server_count,0.0
1776461773.63,frontend,frontend-b78bf7696-6bjdg,cpu_usage,container_cpu_usage,0.08413914742041541
1776461773.63,frontend,frontend-b78bf7696-6bjdg,memory_usage,container_memory_working_set_bytes,119062528.0
1776461773.63,frontend,frontend-b78bf7696-77ldd,cpu_usage,container_cpu_usage,0.059735200283603365
1776461773.63,frontend,frontend-b78bf7696-77ldd,memory_usage,container_memory_working_set_bytes,96821248.0
1776461773.63,frontend,frontend-b78bf7696-p9kqx,cpu_usage,container_cpu_usage,0.051209819699401256
1776461773.63,frontend,frontend-b78bf7696-p9kqx,memory_usage,container_memory_working_set_bytes,117030912.0
1776461773.63,frontend,frontend::service,pod_restart_count,k8s_container_restarts,3.0
1776461773.63,frontend,frontend::service,pod_running_count,k8s_container_ready,3.0
1776461773.63,frontend,otel-demo.frontend-b78bf7696-6bjdg.frontend,dependency_error_ratio,trace_client_error_ratio,0.0
1776461773.63,frontend,otel-demo.frontend-b78bf7696-6bjdg.frontend,error_ratio,trace_server_error_ratio,0.0
1776461773.63,frontend,otel-demo.frontend-b78bf7696-6bjdg.frontend,http_5xx_ratio,http_server_5xx_ratio,0.0
1776461773.63,frontend,otel-demo.frontend-b78bf7696-6bjdg.frontend,request_count,trace_server_count,0.0
1776461773.63,frontend,otel-demo.frontend-b78bf7696-77ldd.frontend,dependency_error_ratio,trace_client_error_ratio,0.0
1776461773.63,frontend,otel-demo.frontend-b78bf7696-77ldd.frontend,error_ratio,trace_server_error_ratio,0.0
1776461773.63,frontend,otel-demo.frontend-b78bf7696-77ldd.frontend,http_5xx_ratio,http_server_5xx_ratio,0.0
1776461773.63,frontend,otel-demo.frontend-b78bf7696-77ldd.frontend,request_count,trace_server_count,0.0
1776461773.63,frontend,otel-demo.frontend-b78bf7696-p9kqx.frontend,dependency_error_ratio,trace_client_error_ratio,0.0
1776461773.63,frontend,otel-demo.frontend-b78bf7696-p9kqx.frontend,error_ratio,trace_server_error_ratio,0.0
1776461773.63,frontend,otel-demo.frontend-b78bf7696-p9kqx.frontend,http_5xx_ratio,http_server_5xx_ratio,0.0
1776461773.63,frontend,otel-demo.frontend-b78bf7696-p9kqx.frontend,request_count,trace_server_count,0.0
1776461773.63,kafka,kafka-66df8bdf76-zjcbb,cpu_usage,container_cpu_usage,0.01357153275413806
1776461773.63,kafka,kafka-66df8bdf76-zjcbb,memory_usage,container_memory_working_set_bytes,665481216.0
1776461773.63,kafka,kafka::service,pod_restart_count,k8s_container_restarts,9.0
1776461773.63,kafka,kafka::service,pod_running_count,k8s_container_ready,1.0
1776461773.63,kafka,kafka::service,queue_lag,queue_size_ratio,0.0
1776461773.63,payment,otel-demo.payment-f9f8d647b-74h8z.payment,dependency_error_ratio,trace_client_error_ratio,0.0
1776461773.63,payment,otel-demo.payment-f9f8d647b-74h8z.payment,error_ratio,trace_server_error_ratio,0.0
1776461773.63,payment,otel-demo.payment-f9f8d647b-74h8z.payment,request_count,trace_server_count,0.0
1776461773.63,payment,otel-demo.payment-f9f8d647b-75hmx.payment,dependency_error_ratio,trace_client_error_ratio,0.0
1776461773.63,payment,otel-demo.payment-f9f8d647b-75hmx.payment,error_ratio,trace_server_error_ratio,0.0
1776461773.63,payment,otel-demo.payment-f9f8d647b-75hmx.payment,request_count,trace_server_count,0.0
1776461773.63,payment,otel-demo.payment-f9f8d647b-tv6l5.payment,dependency_error_ratio,trace_client_error_ratio,0.0
1776461773.63,payment,otel-demo.payment-f9f8d647b-tv6l5.payment,error_ratio,trace_server_error_ratio,0.0
1776461773.63,payment,otel-demo.payment-f9f8d647b-tv6l5.payment,request_count,trace_server_count,0.0
1776461773.63,payment,payment-f9f8d647b-74h8z,cpu_usage,container_cpu_usage,0.008775953332613088
1776461773.63,payment,payment-f9f8d647b-74h8z,memory_usage,container_memory_working_set_bytes,109686784.0
1776461773.63,payment,payment-f9f8d647b-75hmx,cpu_usage,container_cpu_usage,0.011308248954435553
1776461773.63,payment,payment-f9f8d647b-75hmx,memory_usage,container_memory_working_set_bytes,110186496.0
1776461773.63,payment,payment-f9f8d647b-tv6l5,cpu_usage,container_cpu_usage,0.00820225725546396
1776461773.63,payment,payment-f9f8d647b-tv6l5,memory_usage,container_memory_working_set_bytes,99213312.0
1776461773.63,payment,payment::service,pod_restart_count,k8s_container_restarts,39.0
1776461773.63,payment,payment::service,pod_running_count,k8s_container_ready,3.0
1776461773.63,product-catalog,otel-demo.product-catalog-784544475c-7crs7.product-catalog,dependency_error_ratio,trace_client_error_ratio,0.0
1776461773.63,product-catalog,otel-demo.product-catalog-784544475c-7crs7.product-catalog,error_ratio,trace_server_error_ratio,0.0
1776461773.63,product-catalog,otel-demo.product-catalog-784544475c-7crs7.product-catalog,request_count,trace_server_count,0.0
1776461773.63,product-catalog,otel-demo.product-catalog-784544475c-8skc7.product-catalog,dependency_error_ratio,trace_client_error_ratio,0.0
1776461773.63,product-catalog,otel-demo.product-catalog-784544475c-8skc7.product-catalog,error_ratio,trace_server_error_ratio,0.0
1776461773.63,product-catalog,otel-demo.product-catalog-784544475c-8skc7.product-catalog,request_count,trace_server_count,0.0
1776461773.63,product-catalog,otel-demo.product-catalog-784544475c-stwzc.product-catalog,dependency_error_ratio,trace_client_error_ratio,0.0
1776461773.63,product-catalog,otel-demo.product-catalog-784544475c-stwzc.product-catalog,error_ratio,trace_server_error_ratio,0.0
1776461773.63,product-catalog,otel-demo.product-catalog-784544475c-stwzc.product-catalog,request_count,trace_server_count,0.0
1776461773.63,product-catalog,product-catalog-784544475c-7crs7,cpu_usage,container_cpu_usage,0.00048357421260319255
1776461773.63,product-catalog,product-catalog-784544475c-7crs7,memory_usage,container_memory_working_set_bytes,14671872.0
1776461773.63,product-catalog,product-catalog-784544475c-8skc7,cpu_usage,container_cpu_usage,0.08042572335658908
1776461773.63,product-catalog,product-catalog-784544475c-8skc7,memory_usage,container_memory_working_set_bytes,18124800.0
1776461773.63,product-catalog,product-catalog-784544475c-stwzc,cpu_usage,container_cpu_usage,0.2076352818371613
1776461773.63,product-catalog,product-catalog-784544475c-stwzc,memory_usage,container_memory_working_set_bytes,19591168.0
1776461773.63,product-catalog,product-catalog::service,pod_restart_count,k8s_container_restarts,35.0
1776461773.63,product-catalog,product-catalog::service,pod_running_count,k8s_container_ready,3.0
1776461773.63,recommendation,otel-demo.recommendation-5b46f7469c-g2rgb.recommendation,dependency_error_ratio,trace_client_error_ratio,0.0
1776461773.63,recommendation,otel-demo.recommendation-5b46f7469c-rjwxq.recommendation,dependency_error_ratio,trace_client_error_ratio,0.0
1776461773.63,recommendation,otel-demo.recommendation-5b46f7469c-rjwxq.recommendation,error_ratio,trace_server_error_ratio,0.0
1776461773.63,recommendation,otel-demo.recommendation-5b46f7469c-rjwxq.recommendation,request_count,trace_server_count,0.0
1776461773.63,recommendation,otel-demo.recommendation-5b46f7469c-t2fm9.recommendation,dependency_error_ratio,trace_client_error_ratio,0.0
1776461773.63,recommendation,otel-demo.recommendation-5b46f7469c-t2fm9.recommendation,error_ratio,trace_server_error_ratio,0.0
1776461773.63,recommendation,otel-demo.recommendation-5b46f7469c-t2fm9.recommendation,request_count,trace_server_count,0.0
1776461773.63,recommendation,recommendation-5b46f7469c-g2rgb,cpu_usage,container_cpu_usage,0.008335908818236253
1776461773.63,recommendation,recommendation-5b46f7469c-g2rgb,memory_usage,container_memory_working_set_bytes,46886912.0
1776461773.63,recommendation,recommendation-5b46f7469c-rjwxq,cpu_usage,container_cpu_usage,0.024450130906368737
1776461773.63,recommendation,recommendation-5b46f7469c-rjwxq,memory_usage,container_memory_working_set_bytes,48119808.0
1776461773.63,recommendation,recommendation-5b46f7469c-t2fm9,cpu_usage,container_cpu_usage,0.04048784225773455
1776461773.63,recommendation,recommendation-5b46f7469c-t2fm9,memory_usage,container_memory_working_set_bytes,53108736.0
1776461773.63,recommendation,recommendation::service,pod_restart_count,k8s_container_restarts,3.0
1776461773.63,recommendation,recommendation::service,pod_running_count,k8s_container_ready,3.0
1776461783.63,ad,3a8b9295-6ae2-4e8a-b9b0-a607d7fec0a4,dependency_error_ratio,trace_client_error_ratio,0.0
1776461783.63,ad,3a8b9295-6ae2-4e8a-b9b0-a607d7fec0a4,error_ratio,trace_server_error_ratio,0.0
1776461783.63,ad,3a8b9295-6ae2-4e8a-b9b0-a607d7fec0a4,request_count,trace_server_count,0.0
1776461783.63,ad,5680c7ee-584c-4353-b6d2-93bc605a0324,dependency_error_ratio,trace_client_error_ratio,0.0
1776461783.63,ad,5680c7ee-584c-4353-b6d2-93bc605a0324,error_ratio,trace_server_error_ratio,0.0
1776461783.63,ad,5680c7ee-584c-4353-b6d2-93bc605a0324,request_count,trace_server_count,0.0
1776461783.63,ad,9f9a3c1c-bd3f-40ea-8764-b59f1ebd2204,dependency_error_ratio,trace_client_error_ratio,0.0
1776461783.63,ad,ad-7fb5b4f859-52ks9,cpu_usage,container_cpu_usage,0.002776875491592527
1776461783.63,ad,ad-7fb5b4f859-52ks9,memory_usage,container_memory_working_set_bytes,260464640.0
1776461783.63,ad,ad-7fb5b4f859-rd4zw,cpu_usage,container_cpu_usage,0.0015551739297687975
1776461783.63,ad,ad-7fb5b4f859-rd4zw,memory_usage,container_memory_working_set_bytes,238321664.0
1776461783.63,ad,ad-7fb5b4f859-zsstr,cpu_usage,container_cpu_usage,0.0029653054690405504
1776461783.63,ad,ad-7fb5b4f859-zsstr,memory_usage,container_memory_working_set_bytes,261754880.0
1776461783.63,ad,ad::service,pod_restart_count,k8s_container_restarts,3.0
1776461783.63,ad,ad::service,pod_running_count,k8s_container_ready,3.0
1776461783.63,cart,cart-7c7496d7f-th7mc,cpu_usage,container_cpu_usage,0.024304463915380343
1776461783.63,cart,cart-7c7496d7f-th7mc,memory_usage,container_memory_working_set_bytes,63619072.0
1776461783.63,cart,cart::service,pod_restart_count,k8s_container_restarts,1.0
1776461783.63,cart,cart::service,pod_running_count,k8s_container_ready,1.0
1776461783.63,cart,f1f3afac-3031-4c18-925a-048232421d89,dependency_error_ratio,trace_client_error_ratio,0.0
1776461783.63,cart,f1f3afac-3031-4c18-925a-048232421d89,error_ratio,trace_server_error_ratio,0.0
1776461783.63,cart,f1f3afac-3031-4c18-925a-048232421d89,request_count,trace_server_count,0.0
1776461783.63,checkout,4755bdbd-5ad9-49fa-acb7-3a7dcb6a9277,dependency_error_ratio,trace_client_error_ratio,0.0
1776461783.63,checkout,4755bdbd-5ad9-49fa-acb7-3a7dcb6a9277,error_ratio,trace_server_error_ratio,0.0
1776461783.63,checkout,4755bdbd-5ad9-49fa-acb7-3a7dcb6a9277,request_count,trace_server_count,0.0
1776461783.63,checkout,bb49e6b9-109a-41b8-be66-ab2a38272474,dependency_error_ratio,trace_client_error_ratio,0.0
1776461783.63,checkout,bb49e6b9-109a-41b8-be66-ab2a38272474,error_ratio,trace_server_error_ratio,0.0
1776461783.63,checkout,bb49e6b9-109a-41b8-be66-ab2a38272474,request_count,trace_server_count,0.0
1776461783.63,checkout,bc5804df-6f63-4261-8788-8ecfe5481366,dependency_error_ratio,trace_client_error_ratio,0.0
1776461783.63,checkout,bc5804df-6f63-4261-8788-8ecfe5481366,error_ratio,trace_server_error_ratio,0.0
1776461783.63,checkout,bc5804df-6f63-4261-8788-8ecfe5481366,request_count,trace_server_count,0.0
1776461783.63,checkout,checkout-7f4ccfc547-6crwh,cpu_usage,container_cpu_usage,0.05352974625824667
1776461783.63,checkout,checkout-7f4ccfc547-6crwh,memory_usage,container_memory_working_set_bytes,16306176.0
1776461783.63,checkout,checkout-7f4ccfc547-ftx2n,cpu_usage,container_cpu_usage,0.0005954914068893665
1776461783.63,checkout,checkout-7f4ccfc547-ftx2n,memory_usage,container_memory_working_set_bytes,12218368.0
1776461783.63,checkout,checkout-7f4ccfc547-qlfgr,cpu_usage,container_cpu_usage,0.016443932923246085
1776461783.63,checkout,checkout-7f4ccfc547-qlfgr,memory_usage,container_memory_working_set_bytes,14966784.0
1776461783.63,checkout,checkout::service,pod_restart_count,k8s_container_restarts,45.0
1776461783.63,checkout,checkout::service,pod_running_count,k8s_container_ready,3.0
1776461783.63,email,email-5dcf48b665-66zvj,cpu_usage,container_cpu_usage,0.0009176152267222976
1776461783.63,email,email-5dcf48b665-66zvj,memory_usage,container_memory_working_set_bytes,59478016.0
1776461783.63,email,email-5dcf48b665-9xxmx,cpu_usage,container_cpu_usage,0.0019365324009108583
1776461783.63,email,email-5dcf48b665-9xxmx,memory_usage,container_memory_working_set_bytes,56307712.0
1776461783.63,email,email-5dcf48b665-n4zf2,cpu_usage,container_cpu_usage,0.0023493934227765425
1776461783.63,email,email-5dcf48b665-n4zf2,memory_usage,container_memory_working_set_bytes,54779904.0
1776461783.63,email,email::service,pod_restart_count,k8s_container_restarts,9.0
1776461783.63,email,email::service,pod_running_count,k8s_container_ready,3.0
1776461783.63,email,otel-demo.email-5dcf48b665-66zvj.email,error_ratio,trace_server_error_ratio,0.0
1776461783.63,email,otel-demo.email-5dcf48b665-66zvj.email,request_count,trace_server_count,0.0
1776461783.63,email,otel-demo.email-5dcf48b665-9xxmx.email,error_ratio,trace_server_error_ratio,0.0
1776461783.63,email,otel-demo.email-5dcf48b665-9xxmx.email,request_count,trace_server_count,0.0
1776461783.63,email,otel-demo.email-5dcf48b665-n4zf2.email,error_ratio,trace_server_error_ratio,0.0
1776461783.63,email,otel-demo.email-5dcf48b665-n4zf2.email,request_count,trace_server_count,0.0
1776461783.63,frontend,frontend-b78bf7696-6bjdg,cpu_usage,container_cpu_usage,0.05682058664743987
1776461783.63,frontend,frontend-b78bf7696-6bjdg,memory_usage,container_memory_working_set_bytes,119054336.0
1776461783.63,frontend,frontend-b78bf7696-77ldd,cpu_usage,container_cpu_usage,0.059735200283603365
1776461783.63,frontend,frontend-b78bf7696-77ldd,memory_usage,container_memory_working_set_bytes,96821248.0
1776461783.63,frontend,frontend-b78bf7696-p9kqx,cpu_usage,container_cpu_usage,0.06055301599175188
1776461783.63,frontend,frontend-b78bf7696-p9kqx,memory_usage,container_memory_working_set_bytes,117383168.0
1776461783.63,frontend,frontend::service,pod_restart_count,k8s_container_restarts,3.0
1776461783.63,frontend,frontend::service,pod_running_count,k8s_container_ready,3.0
1776461783.63,frontend,otel-demo.frontend-b78bf7696-6bjdg.frontend,dependency_error_ratio,trace_client_error_ratio,0.0
1776461783.63,frontend,otel-demo.frontend-b78bf7696-6bjdg.frontend,error_ratio,trace_server_error_ratio,0.0
1776461783.63,frontend,otel-demo.frontend-b78bf7696-6bjdg.frontend,http_5xx_ratio,http_server_5xx_ratio,0.0
1776461783.63,frontend,otel-demo.frontend-b78bf7696-6bjdg.frontend,request_count,trace_server_count,0.0
1776461783.63,frontend,otel-demo.frontend-b78bf7696-77ldd.frontend,dependency_error_ratio,trace_client_error_ratio,0.0
1776461783.63,frontend,otel-demo.frontend-b78bf7696-77ldd.frontend,error_ratio,trace_server_error_ratio,0.0
1776461783.63,frontend,otel-demo.frontend-b78bf7696-77ldd.frontend,http_5xx_ratio,http_server_5xx_ratio,0.0
1776461783.63,frontend,otel-demo.frontend-b78bf7696-77ldd.frontend,request_count,trace_server_count,0.0
1776461783.63,frontend,otel-demo.frontend-b78bf7696-p9kqx.frontend,dependency_error_ratio,trace_client_error_ratio,0.0
1776461783.63,frontend,otel-demo.frontend-b78bf7696-p9kqx.frontend,error_ratio,trace_server_error_ratio,0.0
1776461783.63,frontend,otel-demo.frontend-b78bf7696-p9kqx.frontend,http_5xx_ratio,http_server_5xx_ratio,0.0
1776461783.63,frontend,otel-demo.frontend-b78bf7696-p9kqx.frontend,request_count,trace_server_count,0.0
1776461783.63,kafka,kafka-66df8bdf76-zjcbb,cpu_usage,container_cpu_usage,0.014351410505837024
1776461783.63,kafka,kafka-66df8bdf76-zjcbb,memory_usage,container_memory_working_set_bytes,665202688.0
1776461783.63,kafka,kafka::service,pod_restart_count,k8s_container_restarts,9.0
1776461783.63,kafka,kafka::service,pod_running_count,k8s_container_ready,1.0
1776461783.63,kafka,kafka::service,queue_lag,queue_size_ratio,0.0
1776461783.63,payment,otel-demo.payment-f9f8d647b-74h8z.payment,dependency_error_ratio,trace_client_error_ratio,0.0
1776461783.63,payment,otel-demo.payment-f9f8d647b-74h8z.payment,error_ratio,trace_server_error_ratio,0.0
1776461783.63,payment,otel-demo.payment-f9f8d647b-74h8z.payment,request_count,trace_server_count,0.0
1776461783.63,payment,otel-demo.payment-f9f8d647b-75hmx.payment,dependency_error_ratio,trace_client_error_ratio,0.0
1776461783.63,payment,otel-demo.payment-f9f8d647b-75hmx.payment,error_ratio,trace_server_error_ratio,0.0
1776461783.63,payment,otel-demo.payment-f9f8d647b-75hmx.payment,request_count,trace_server_count,0.0
1776461783.63,payment,otel-demo.payment-f9f8d647b-tv6l5.payment,dependency_error_ratio,trace_client_error_ratio,0.0
1776461783.63,payment,otel-demo.payment-f9f8d647b-tv6l5.payment,error_ratio,trace_server_error_ratio,0.0
1776461783.63,payment,otel-demo.payment-f9f8d647b-tv6l5.payment,request_count,trace_server_count,0.0
1776461783.63,payment,payment-f9f8d647b-74h8z,cpu_usage,container_cpu_usage,0.009008777519682539
1776461783.63,payment,payment-f9f8d647b-74h8z,memory_usage,container_memory_working_set_bytes,109686784.0
1776461783.63,payment,payment-f9f8d647b-75hmx,cpu_usage,container_cpu_usage,0.009430411369566596
1776461783.63,payment,payment-f9f8d647b-75hmx,memory_usage,container_memory_working_set_bytes,110186496.0
1776461783.63,payment,payment-f9f8d647b-tv6l5,cpu_usage,container_cpu_usage,0.008097801542713803
1776461783.63,payment,payment-f9f8d647b-tv6l5,memory_usage,container_memory_working_set_bytes,99213312.0
1776461783.63,payment,payment::service,pod_restart_count,k8s_container_restarts,39.0
1776461783.63,payment,payment::service,pod_running_count,k8s_container_ready,3.0
1776461783.63,product-catalog,otel-demo.product-catalog-784544475c-7crs7.product-catalog,dependency_error_ratio,trace_client_error_ratio,0.0
1776461783.63,product-catalog,otel-demo.product-catalog-784544475c-7crs7.product-catalog,error_ratio,trace_server_error_ratio,0.0
1776461783.63,product-catalog,otel-demo.product-catalog-784544475c-7crs7.product-catalog,request_count,trace_server_count,0.0
1776461783.63,product-catalog,otel-demo.product-catalog-784544475c-8skc7.product-catalog,dependency_error_ratio,trace_client_error_ratio,0.0
1776461783.63,product-catalog,otel-demo.product-catalog-784544475c-8skc7.product-catalog,error_ratio,trace_server_error_ratio,0.0
1776461783.63,product-catalog,otel-demo.product-catalog-784544475c-8skc7.product-catalog,request_count,trace_server_count,0.0
1776461783.63,product-catalog,otel-demo.product-catalog-784544475c-stwzc.product-catalog,dependency_error_ratio,trace_client_error_ratio,0.0
1776461783.63,product-catalog,otel-demo.product-catalog-784544475c-stwzc.product-catalog,error_ratio,trace_server_error_ratio,0.0
1776461783.63,product-catalog,otel-demo.product-catalog-784544475c-stwzc.product-catalog,request_count,trace_server_count,0.0
1776461783.63,product-catalog,product-catalog-784544475c-7crs7,cpu_usage,container_cpu_usage,0.0019452035655405698
1776461783.63,product-catalog,product-catalog-784544475c-7crs7,memory_usage,container_memory_working_set_bytes,16969728.0
1776461783.63,product-catalog,product-catalog-784544475c-8skc7,cpu_usage,container_cpu_usage,0.09942655165519551
1776461783.63,product-catalog,product-catalog-784544475c-8skc7,memory_usage,container_memory_working_set_bytes,18124800.0
1776461783.63,product-catalog,product-catalog-784544475c-stwzc,cpu_usage,container_cpu_usage,0.2076352818371613
1776461783.63,product-catalog,product-catalog-784544475c-stwzc,memory_usage,container_memory_working_set_bytes,19591168.0
1776461783.63,product-catalog,product-catalog::service,pod_restart_count,k8s_container_restarts,35.0
1776461783.63,product-catalog,product-catalog::service,pod_running_count,k8s_container_ready,3.0
1776461783.63,recommendation,otel-demo.recommendation-5b46f7469c-g2rgb.recommendation,dependency_error_ratio,trace_client_error_ratio,0.0
1776461783.63,recommendation,otel-demo.recommendation-5b46f7469c-rjwxq.recommendation,dependency_error_ratio,trace_client_error_ratio,0.0
1776461783.63,recommendation,otel-demo.recommendation-5b46f7469c-rjwxq.recommendation,error_ratio,trace_server_error_ratio,0.0
1776461783.63,recommendation,otel-demo.recommendation-5b46f7469c-rjwxq.recommendation,request_count,trace_server_count,0.0
1776461783.63,recommendation,otel-demo.recommendation-5b46f7469c-t2fm9.recommendation,dependency_error_ratio,trace_client_error_ratio,0.0
1776461783.63,recommendation,otel-demo.recommendation-5b46f7469c-t2fm9.recommendation,error_ratio,trace_server_error_ratio,0.0
1776461783.63,recommendation,otel-demo.recommendation-5b46f7469c-t2fm9.recommendation,request_count,trace_server_count,0.0
1776461783.63,recommendation,recommendation-5b46f7469c-g2rgb,cpu_usage,container_cpu_usage,0.01225304439205785
1776461783.63,recommendation,recommendation-5b46f7469c-g2rgb,memory_usage,container_memory_working_set_bytes,46886912.0
1776461783.63,recommendation,recommendation-5b46f7469c-rjwxq,cpu_usage,container_cpu_usage,0.02211001256530502
1776461783.63,recommendation,recommendation-5b46f7469c-rjwxq,memory_usage,container_memory_working_set_bytes,48119808.0
1776461783.63,recommendation,recommendation-5b46f7469c-t2fm9,cpu_usage,container_cpu_usage,0.035460075246445566
1776461783.63,recommendation,recommendation-5b46f7469c-t2fm9,memory_usage,container_memory_working_set_bytes,53379072.0
1776461783.63,recommendation,recommendation::service,pod_restart_count,k8s_container_restarts,3.0
1776461783.63,recommendation,recommendation::service,pod_running_count,k8s_container_ready,3.0
1776461793.63,ad,3a8b9295-6ae2-4e8a-b9b0-a607d7fec0a4,dependency_error_ratio,trace_client_error_ratio,0.0
1776461793.63,ad,3a8b9295-6ae2-4e8a-b9b0-a607d7fec0a4,error_ratio,trace_server_error_ratio,0.0
1776461793.63,ad,3a8b9295-6ae2-4e8a-b9b0-a607d7fec0a4,request_count,trace_server_count,0.0
1776461793.63,ad,5680c7ee-584c-4353-b6d2-93bc605a0324,dependency_error_ratio,trace_client_error_ratio,0.0
1776461793.63,ad,5680c7ee-584c-4353-b6d2-93bc605a0324,error_ratio,trace_server_error_ratio,0.0
1776461793.63,ad,5680c7ee-584c-4353-b6d2-93bc605a0324,request_count,trace_server_count,0.0
1776461793.63,ad,9f9a3c1c-bd3f-40ea-8764-b59f1ebd2204,dependency_error_ratio,trace_client_error_ratio,0.0
1776461793.63,ad,ad-7fb5b4f859-52ks9,cpu_usage,container_cpu_usage,0.0026519036040731974
1776461793.63,ad,ad-7fb5b4f859-52ks9,memory_usage,container_memory_working_set_bytes,260464640.0
1776461793.63,ad,ad-7fb5b4f859-rd4zw,cpu_usage,container_cpu_usage,0.0016699036406622298
1776461793.63,ad,ad-7fb5b4f859-rd4zw,memory_usage,container_memory_working_set_bytes,238317568.0
1776461793.63,ad,ad-7fb5b4f859-zsstr,cpu_usage,container_cpu_usage,0.0050633917693926455
1776461793.63,ad,ad-7fb5b4f859-zsstr,memory_usage,container_memory_working_set_bytes,261775360.0
1776461793.63,ad,ad::service,pod_restart_count,k8s_container_restarts,3.0
1776461793.63,ad,ad::service,pod_running_count,k8s_container_ready,3.0
1776461793.63,cart,cart-7c7496d7f-th7mc,cpu_usage,container_cpu_usage,0.024792892931846947
1776461793.63,cart,cart-7c7496d7f-th7mc,memory_usage,container_memory_working_set_bytes,63500288.0
1776461793.63,cart,cart::service,pod_restart_count,k8s_container_restarts,1.0
1776461793.63,cart,cart::service,pod_running_count,k8s_container_ready,1.0
1776461793.63,cart,f1f3afac-3031-4c18-925a-048232421d89,dependency_error_ratio,trace_client_error_ratio,0.0
1776461793.63,cart,f1f3afac-3031-4c18-925a-048232421d89,error_ratio,trace_server_error_ratio,0.0
1776461793.63,cart,f1f3afac-3031-4c18-925a-048232421d89,request_count,trace_server_count,0.0
1776461793.63,checkout,4755bdbd-5ad9-49fa-acb7-3a7dcb6a9277,dependency_error_ratio,trace_client_error_ratio,0.0
1776461793.63,checkout,4755bdbd-5ad9-49fa-acb7-3a7dcb6a9277,error_ratio,trace_server_error_ratio,0.0
1776461793.63,checkout,4755bdbd-5ad9-49fa-acb7-3a7dcb6a9277,request_count,trace_server_count,0.0
1776461793.63,checkout,bb49e6b9-109a-41b8-be66-ab2a38272474,dependency_error_ratio,trace_client_error_ratio,0.0
1776461793.63,checkout,bb49e6b9-109a-41b8-be66-ab2a38272474,error_ratio,trace_server_error_ratio,0.0
1776461793.63,checkout,bb49e6b9-109a-41b8-be66-ab2a38272474,request_count,trace_server_count,0.0
1776461793.63,checkout,bc5804df-6f63-4261-8788-8ecfe5481366,dependency_error_ratio,trace_client_error_ratio,0.0
1776461793.63,checkout,bc5804df-6f63-4261-8788-8ecfe5481366,error_ratio,trace_server_error_ratio,0.0
1776461793.63,checkout,bc5804df-6f63-4261-8788-8ecfe5481366,request_count,trace_server_count,0.0
1776461793.63,checkout,checkout-7f4ccfc547-6crwh,cpu_usage,container_cpu_usage,0.01463345925209863
1776461793.63,checkout,checkout-7f4ccfc547-6crwh,memory_usage,container_memory_working_set_bytes,16306176.0
1776461793.63,checkout,checkout-7f4ccfc547-ftx2n,cpu_usage,container_cpu_usage,0.0005811596922499521
1776461793.63,checkout,checkout-7f4ccfc547-ftx2n,memory_usage,container_memory_working_set_bytes,12238848.0
1776461793.63,checkout,checkout-7f4ccfc547-qlfgr,cpu_usage,container_cpu_usage,0.009278469040934238
1776461793.63,checkout,checkout-7f4ccfc547-qlfgr,memory_usage,container_memory_working_set_bytes,14966784.0
1776461793.63,checkout,checkout::service,pod_restart_count,k8s_container_restarts,45.0
1776461793.63,checkout,checkout::service,pod_running_count,k8s_container_ready,3.0
1776461793.63,email,email-5dcf48b665-66zvj,cpu_usage,container_cpu_usage,0.0009176152267222976
1776461793.63,email,email-5dcf48b665-66zvj,memory_usage,container_memory_working_set_bytes,59478016.0
1776461793.63,email,email-5dcf48b665-9xxmx,cpu_usage,container_cpu_usage,0.0017020507156932149
1776461793.63,email,email-5dcf48b665-9xxmx,memory_usage,container_memory_working_set_bytes,56561664.0
1776461793.63,email,email-5dcf48b665-n4zf2,cpu_usage,container_cpu_usage,0.0023386826963734163
1776461793.63,email,email-5dcf48b665-n4zf2,memory_usage,container_memory_working_set_bytes,55017472.0
1776461793.63,email,email::service,pod_restart_count,k8s_container_restarts,9.0
1776461793.63,email,email::service,pod_running_count,k8s_container_ready,3.0
1776461793.63,email,otel-demo.email-5dcf48b665-66zvj.email,error_ratio,trace_server_error_ratio,0.0
1776461793.63,email,otel-demo.email-5dcf48b665-66zvj.email,request_count,trace_server_count,0.0
1776461793.63,email,otel-demo.email-5dcf48b665-9xxmx.email,error_ratio,trace_server_error_ratio,0.0
1776461793.63,email,otel-demo.email-5dcf48b665-9xxmx.email,request_count,trace_server_count,0.0
1776461793.63,email,otel-demo.email-5dcf48b665-n4zf2.email,error_ratio,trace_server_error_ratio,0.0
1776461793.63,email,otel-demo.email-5dcf48b665-n4zf2.email,request_count,trace_server_count,0.0
1776461793.63,frontend,frontend-b78bf7696-6bjdg,cpu_usage,container_cpu_usage,0.05330873407550172
1776461793.63,frontend,frontend-b78bf7696-6bjdg,memory_usage,container_memory_working_set_bytes,119422976.0
1776461793.63,frontend,frontend-b78bf7696-77ldd,cpu_usage,container_cpu_usage,0.05349549115963331
1776461793.63,frontend,frontend-b78bf7696-77ldd,memory_usage,container_memory_working_set_bytes,98226176.0
1776461793.63,frontend,frontend-b78bf7696-p9kqx,cpu_usage,container_cpu_usage,0.05344200453051103
1776461793.63,frontend,frontend-b78bf7696-p9kqx,memory_usage,container_memory_working_set_bytes,117383168.0
1776461793.63,frontend,frontend::service,pod_restart_count,k8s_container_restarts,3.0
1776461793.63,frontend,frontend::service,pod_running_count,k8s_container_ready,3.0
1776461793.63,frontend,otel-demo.frontend-b78bf7696-6bjdg.frontend,dependency_error_ratio,trace_client_error_ratio,0.0
1776461793.63,frontend,otel-demo.frontend-b78bf7696-6bjdg.frontend,error_ratio,trace_server_error_ratio,0.0
1776461793.63,frontend,otel-demo.frontend-b78bf7696-6bjdg.frontend,http_5xx_ratio,http_server_5xx_ratio,0.0
1776461793.63,frontend,otel-demo.frontend-b78bf7696-6bjdg.frontend,request_count,trace_server_count,0.0
1776461793.63,frontend,otel-demo.frontend-b78bf7696-77ldd.frontend,dependency_error_ratio,trace_client_error_ratio,0.0
1776461793.63,frontend,otel-demo.frontend-b78bf7696-77ldd.frontend,error_ratio,trace_server_error_ratio,0.0
1776461793.63,frontend,otel-demo.frontend-b78bf7696-77ldd.frontend,http_5xx_ratio,http_server_5xx_ratio,0.0
1776461793.63,frontend,otel-demo.frontend-b78bf7696-77ldd.frontend,request_count,trace_server_count,0.0
1776461793.63,frontend,otel-demo.frontend-b78bf7696-p9kqx.frontend,dependency_error_ratio,trace_client_error_ratio,0.0
1776461793.63,frontend,otel-demo.frontend-b78bf7696-p9kqx.frontend,error_ratio,trace_server_error_ratio,0.0
1776461793.63,frontend,otel-demo.frontend-b78bf7696-p9kqx.frontend,http_5xx_ratio,http_server_5xx_ratio,0.0
1776461793.63,frontend,otel-demo.frontend-b78bf7696-p9kqx.frontend,request_count,trace_server_count,0.0
1776461793.63,kafka,kafka-66df8bdf76-zjcbb,cpu_usage,container_cpu_usage,0.015376819342957123
1776461793.63,kafka,kafka-66df8bdf76-zjcbb,memory_usage,container_memory_working_set_bytes,665202688.0
1776461793.63,kafka,kafka::service,pod_restart_count,k8s_container_restarts,9.0
1776461793.63,kafka,kafka::service,pod_running_count,k8s_container_ready,1.0
1776461793.63,kafka,kafka::service,queue_lag,queue_size_ratio,0.0
1776461793.63,payment,otel-demo.payment-f9f8d647b-74h8z.payment,dependency_error_ratio,trace_client_error_ratio,0.0
1776461793.63,payment,otel-demo.payment-f9f8d647b-74h8z.payment,error_ratio,trace_server_error_ratio,0.0
1776461793.63,payment,otel-demo.payment-f9f8d647b-74h8z.payment,request_count,trace_server_count,0.0
1776461793.63,payment,otel-demo.payment-f9f8d647b-75hmx.payment,dependency_error_ratio,trace_client_error_ratio,0.0
1776461793.63,payment,otel-demo.payment-f9f8d647b-75hmx.payment,error_ratio,trace_server_error_ratio,0.0
1776461793.63,payment,otel-demo.payment-f9f8d647b-75hmx.payment,request_count,trace_server_count,0.0
1776461793.63,payment,otel-demo.payment-f9f8d647b-tv6l5.payment,dependency_error_ratio,trace_client_error_ratio,0.0
1776461793.63,payment,otel-demo.payment-f9f8d647b-tv6l5.payment,error_ratio,trace_server_error_ratio,0.0
1776461793.63,payment,otel-demo.payment-f9f8d647b-tv6l5.payment,request_count,trace_server_count,0.0
1776461793.63,payment,payment-f9f8d647b-74h8z,cpu_usage,container_cpu_usage,0.00866890915302325
1776461793.63,payment,payment-f9f8d647b-74h8z,memory_usage,container_memory_working_set_bytes,109686784.0
1776461793.63,payment,payment-f9f8d647b-75hmx,cpu_usage,container_cpu_usage,0.009430411369566596
1776461793.63,payment,payment-f9f8d647b-75hmx,memory_usage,container_memory_working_set_bytes,110186496.0
1776461793.63,payment,payment-f9f8d647b-tv6l5,cpu_usage,container_cpu_usage,0.008661462782409016
1776461793.63,payment,payment-f9f8d647b-tv6l5,memory_usage,container_memory_working_set_bytes,99213312.0
1776461793.63,payment,payment::service,pod_restart_count,k8s_container_restarts,39.0
1776461793.63,payment,payment::service,pod_running_count,k8s_container_ready,3.0
1776461793.63,product-catalog,otel-demo.product-catalog-784544475c-7crs7.product-catalog,dependency_error_ratio,trace_client_error_ratio,0.0
1776461793.63,product-catalog,otel-demo.product-catalog-784544475c-7crs7.product-catalog,error_ratio,trace_server_error_ratio,0.0
1776461793.63,product-catalog,otel-demo.product-catalog-784544475c-7crs7.product-catalog,request_count,trace_server_count,0.0
1776461793.63,product-catalog,otel-demo.product-catalog-784544475c-8skc7.product-catalog,dependency_error_ratio,trace_client_error_ratio,0.0
1776461793.63,product-catalog,otel-demo.product-catalog-784544475c-8skc7.product-catalog,error_ratio,trace_server_error_ratio,0.0
1776461793.63,product-catalog,otel-demo.product-catalog-784544475c-8skc7.product-catalog,request_count,trace_server_count,0.0
1776461793.63,product-catalog,otel-demo.product-catalog-784544475c-stwzc.product-catalog,dependency_error_ratio,trace_client_error_ratio,0.0
1776461793.63,product-catalog,otel-demo.product-catalog-784544475c-stwzc.product-catalog,error_ratio,trace_server_error_ratio,0.0
1776461793.63,product-catalog,otel-demo.product-catalog-784544475c-stwzc.product-catalog,request_count,trace_server_count,0.0
1776461793.63,product-catalog,product-catalog-784544475c-7crs7,cpu_usage,container_cpu_usage,0.0019452035655405698
1776461793.63,product-catalog,product-catalog-784544475c-7crs7,memory_usage,container_memory_working_set_bytes,16969728.0
1776461793.63,product-catalog,product-catalog-784544475c-8skc7,cpu_usage,container_cpu_usage,0.1452379575917164
1776461793.63,product-catalog,product-catalog-784544475c-8skc7,memory_usage,container_memory_working_set_bytes,19537920.0
1776461793.63,product-catalog,product-catalog-784544475c-stwzc,cpu_usage,container_cpu_usage,0.07209811058594456
1776461793.63,product-catalog,product-catalog-784544475c-stwzc,memory_usage,container_memory_working_set_bytes,19591168.0
1776461793.63,product-catalog,product-catalog::service,pod_restart_count,k8s_container_restarts,35.0
1776461793.63,product-catalog,product-catalog::service,pod_running_count,k8s_container_ready,3.0
1776461793.63,recommendation,otel-demo.recommendation-5b46f7469c-g2rgb.recommendation,dependency_error_ratio,trace_client_error_ratio,0.0
1776461793.63,recommendation,otel-demo.recommendation-5b46f7469c-rjwxq.recommendation,dependency_error_ratio,trace_client_error_ratio,0.0
1776461793.63,recommendation,otel-demo.recommendation-5b46f7469c-rjwxq.recommendation,error_ratio,trace_server_error_ratio,0.0
1776461793.63,recommendation,otel-demo.recommendation-5b46f7469c-rjwxq.recommendation,request_count,trace_server_count,0.0
1776461793.63,recommendation,otel-demo.recommendation-5b46f7469c-t2fm9.recommendation,dependency_error_ratio,trace_client_error_ratio,0.0
1776461793.63,recommendation,otel-demo.recommendation-5b46f7469c-t2fm9.recommendation,error_ratio,trace_server_error_ratio,0.0
1776461793.63,recommendation,otel-demo.recommendation-5b46f7469c-t2fm9.recommendation,request_count,trace_server_count,0.0
1776461793.63,recommendation,recommendation-5b46f7469c-g2rgb,cpu_usage,container_cpu_usage,0.018455322787515004
1776461793.63,recommendation,recommendation-5b46f7469c-g2rgb,memory_usage,container_memory_working_set_bytes,46886912.0
1776461793.63,recommendation,recommendation-5b46f7469c-rjwxq,cpu_usage,container_cpu_usage,0.023656302314678915
1776461793.63,recommendation,recommendation-5b46f7469c-rjwxq,memory_usage,container_memory_working_set_bytes,48250880.0
1776461793.63,recommendation,recommendation-5b46f7469c-t2fm9,cpu_usage,container_cpu_usage,0.035460075246445566
1776461793.63,recommendation,recommendation-5b46f7469c-t2fm9,memory_usage,container_memory_working_set_bytes,53379072.0
1776461793.63,recommendation,recommendation::service,pod_restart_count,k8s_container_restarts,3.0
1776461793.63,recommendation,recommendation::service,pod_running_count,k8s_container_ready,3.0
1776461803.63,ad,3a8b9295-6ae2-4e8a-b9b0-a607d7fec0a4,dependency_error_ratio,trace_client_error_ratio,0.0
1776461803.63,ad,3a8b9295-6ae2-4e8a-b9b0-a607d7fec0a4,error_ratio,trace_server_error_ratio,0.0
1776461803.63,ad,3a8b9295-6ae2-4e8a-b9b0-a607d7fec0a4,request_count,trace_server_count,0.0
1776461803.63,ad,5680c7ee-584c-4353-b6d2-93bc605a0324,dependency_error_ratio,trace_client_error_ratio,0.0
1776461803.63,ad,5680c7ee-584c-4353-b6d2-93bc605a0324,error_ratio,trace_server_error_ratio,0.0
1776461803.63,ad,5680c7ee-584c-4353-b6d2-93bc605a0324,request_count,trace_server_count,0.0
1776461803.63,ad,9f9a3c1c-bd3f-40ea-8764-b59f1ebd2204,dependency_error_ratio,trace_client_error_ratio,0.0
1776461803.63,ad,ad-7fb5b4f859-52ks9,cpu_usage,container_cpu_usage,0.0025876058849741783
1776461803.63,ad,ad-7fb5b4f859-52ks9,memory_usage,container_memory_working_set_bytes,260464640.0
1776461803.63,ad,ad-7fb5b4f859-rd4zw,cpu_usage,container_cpu_usage,0.0014932056696068488
1776461803.63,ad,ad-7fb5b4f859-rd4zw,memory_usage,container_memory_working_set_bytes,238317568.0
1776461803.63,ad,ad-7fb5b4f859-zsstr,cpu_usage,container_cpu_usage,0.005199574515733225
1776461803.63,ad,ad-7fb5b4f859-zsstr,memory_usage,container_memory_working_set_bytes,261808128.0
1776461803.63,ad,ad::service,pod_restart_count,k8s_container_restarts,3.0
1776461803.63,ad,ad::service,pod_running_count,k8s_container_ready,3.0
1776461803.63,cart,cart-7c7496d7f-th7mc,cpu_usage,container_cpu_usage,0.024792892931846947
1776461803.63,cart,cart-7c7496d7f-th7mc,memory_usage,container_memory_working_set_bytes,63500288.0
1776461803.63,cart,cart::service,pod_restart_count,k8s_container_restarts,1.0
1776461803.63,cart,cart::service,pod_running_count,k8s_container_ready,1.0
1776461803.63,cart,f1f3afac-3031-4c18-925a-048232421d89,dependency_error_ratio,trace_client_error_ratio,0.0
1776461803.63,cart,f1f3afac-3031-4c18-925a-048232421d89,error_ratio,trace_server_error_ratio,0.0
1776461803.63,cart,f1f3afac-3031-4c18-925a-048232421d89,request_count,trace_server_count,0.0
1776461803.63,checkout,4755bdbd-5ad9-49fa-acb7-3a7dcb6a9277,dependency_error_ratio,trace_client_error_ratio,0.0
1776461803.63,checkout,4755bdbd-5ad9-49fa-acb7-3a7dcb6a9277,error_ratio,trace_server_error_ratio,0.0
1776461803.63,checkout,4755bdbd-5ad9-49fa-acb7-3a7dcb6a9277,request_count,trace_server_count,0.0
1776461803.63,checkout,bb49e6b9-109a-41b8-be66-ab2a38272474,dependency_error_ratio,trace_client_error_ratio,0.0
1776461803.63,checkout,bb49e6b9-109a-41b8-be66-ab2a38272474,error_ratio,trace_server_error_ratio,0.0
1776461803.63,checkout,bb49e6b9-109a-41b8-be66-ab2a38272474,request_count,trace_server_count,0.0
1776461803.63,checkout,bc5804df-6f63-4261-8788-8ecfe5481366,dependency_error_ratio,trace_client_error_ratio,0.0
1776461803.63,checkout,bc5804df-6f63-4261-8788-8ecfe5481366,error_ratio,trace_server_error_ratio,0.0
1776461803.63,checkout,bc5804df-6f63-4261-8788-8ecfe5481366,request_count,trace_server_count,0.0
1776461803.63,checkout,checkout-7f4ccfc547-6crwh,cpu_usage,container_cpu_usage,0.05040367581066638
1776461803.63,checkout,checkout-7f4ccfc547-6crwh,memory_usage,container_memory_working_set_bytes,16093184.0
1776461803.63,checkout,checkout-7f4ccfc547-ftx2n,cpu_usage,container_cpu_usage,0.00046510153959911636
1776461803.63,checkout,checkout-7f4ccfc547-ftx2n,memory_usage,container_memory_working_set_bytes,12238848.0
1776461803.63,checkout,checkout-7f4ccfc547-qlfgr,cpu_usage,container_cpu_usage,0.007323920877173769
1776461803.63,checkout,checkout-7f4ccfc547-qlfgr,memory_usage,container_memory_working_set_bytes,14966784.0
1776461803.63,checkout,checkout::service,pod_restart_count,k8s_container_restarts,45.0
1776461803.63,checkout,checkout::service,pod_running_count,k8s_container_ready,3.0
1776461803.63,email,email-5dcf48b665-66zvj,cpu_usage,container_cpu_usage,0.0016915797650717999
1776461803.63,email,email-5dcf48b665-66zvj,memory_usage,container_memory_working_set_bytes,59703296.0
1776461803.63,email,email-5dcf48b665-9xxmx,cpu_usage,container_cpu_usage,0.0015314500000002341
1776461803.63,email,email-5dcf48b665-9xxmx,memory_usage,container_memory_working_set_bytes,56561664.0
1776461803.63,email,email-5dcf48b665-n4zf2,cpu_usage,container_cpu_usage,0.001273163795715715
1776461803.63,email,email-5dcf48b665-n4zf2,memory_usage,container_memory_working_set_bytes,55017472.0
1776461803.63,email,email::service,pod_restart_count,k8s_container_restarts,9.0
1776461803.63,email,email::service,pod_running_count,k8s_container_ready,3.0
1776461803.63,email,otel-demo.email-5dcf48b665-66zvj.email,error_ratio,trace_server_error_ratio,0.0
1776461803.63,email,otel-demo.email-5dcf48b665-66zvj.email,request_count,trace_server_count,0.0
1776461803.63,email,otel-demo.email-5dcf48b665-9xxmx.email,error_ratio,trace_server_error_ratio,0.0
1776461803.63,email,otel-demo.email-5dcf48b665-9xxmx.email,request_count,trace_server_count,0.0
1776461803.63,email,otel-demo.email-5dcf48b665-n4zf2.email,error_ratio,trace_server_error_ratio,0.0
1776461803.63,email,otel-demo.email-5dcf48b665-n4zf2.email,request_count,trace_server_count,0.0
1776461803.63,frontend,frontend-b78bf7696-6bjdg,cpu_usage,container_cpu_usage,0.05330873407550172
1776461803.63,frontend,frontend-b78bf7696-6bjdg,memory_usage,container_memory_working_set_bytes,119422976.0
1776461803.63,frontend,frontend-b78bf7696-77ldd,cpu_usage,container_cpu_usage,0.07486471863379147
1776461803.63,frontend,frontend-b78bf7696-77ldd,memory_usage,container_memory_working_set_bytes,105328640.0
1776461803.63,frontend,frontend-b78bf7696-p9kqx,cpu_usage,container_cpu_usage,0.05903889195081973
1776461803.63,frontend,frontend-b78bf7696-p9kqx,memory_usage,container_memory_working_set_bytes,117010432.0
1776461803.63,frontend,frontend::service,pod_restart_count,k8s_container_restarts,3.0
1776461803.63,frontend,frontend::service,pod_running_count,k8s_container_ready,3.0
1776461803.63,frontend,otel-demo.frontend-b78bf7696-6bjdg.frontend,dependency_error_ratio,trace_client_error_ratio,0.0
1776461803.63,frontend,otel-demo.frontend-b78bf7696-6bjdg.frontend,error_ratio,trace_server_error_ratio,0.0
1776461803.63,frontend,otel-demo.frontend-b78bf7696-6bjdg.frontend,http_5xx_ratio,http_server_5xx_ratio,0.0
1776461803.63,frontend,otel-demo.frontend-b78bf7696-6bjdg.frontend,request_count,trace_server_count,0.0
1776461803.63,frontend,otel-demo.frontend-b78bf7696-77ldd.frontend,dependency_error_ratio,trace_client_error_ratio,0.0
1776461803.63,frontend,otel-demo.frontend-b78bf7696-77ldd.frontend,error_ratio,trace_server_error_ratio,0.0
1776461803.63,frontend,otel-demo.frontend-b78bf7696-77ldd.frontend,http_5xx_ratio,http_server_5xx_ratio,0.0
1776461803.63,frontend,otel-demo.frontend-b78bf7696-77ldd.frontend,request_count,trace_server_count,0.0
1776461803.63,frontend,otel-demo.frontend-b78bf7696-p9kqx.frontend,dependency_error_ratio,trace_client_error_ratio,0.0
1776461803.63,frontend,otel-demo.frontend-b78bf7696-p9kqx.frontend,error_ratio,trace_server_error_ratio,0.0
1776461803.63,frontend,otel-demo.frontend-b78bf7696-p9kqx.frontend,http_5xx_ratio,http_server_5xx_ratio,0.0
1776461803.63,frontend,otel-demo.frontend-b78bf7696-p9kqx.frontend,request_count,trace_server_count,0.0
1776461803.63,kafka,kafka-66df8bdf76-zjcbb,cpu_usage,container_cpu_usage,0.015067442037536927
1776461803.63,kafka,kafka-66df8bdf76-zjcbb,memory_usage,container_memory_working_set_bytes,665239552.0
1776461803.63,kafka,kafka::service,pod_restart_count,k8s_container_restarts,9.0
1776461803.63,kafka,kafka::service,pod_running_count,k8s_container_ready,1.0
1776461803.63,kafka,kafka::service,queue_lag,queue_size_ratio,0.0
1776461803.63,payment,otel-demo.payment-f9f8d647b-74h8z.payment,dependency_error_ratio,trace_client_error_ratio,0.0
1776461803.63,payment,otel-demo.payment-f9f8d647b-74h8z.payment,error_ratio,trace_server_error_ratio,0.0
1776461803.63,payment,otel-demo.payment-f9f8d647b-74h8z.payment,request_count,trace_server_count,0.0
1776461803.63,payment,otel-demo.payment-f9f8d647b-75hmx.payment,dependency_error_ratio,trace_client_error_ratio,0.0
1776461803.63,payment,otel-demo.payment-f9f8d647b-75hmx.payment,error_ratio,trace_server_error_ratio,0.0
1776461803.63,payment,otel-demo.payment-f9f8d647b-75hmx.payment,request_count,trace_server_count,0.0
1776461803.63,payment,otel-demo.payment-f9f8d647b-tv6l5.payment,dependency_error_ratio,trace_client_error_ratio,0.0
1776461803.63,payment,otel-demo.payment-f9f8d647b-tv6l5.payment,error_ratio,trace_server_error_ratio,0.0
1776461803.63,payment,otel-demo.payment-f9f8d647b-tv6l5.payment,request_count,trace_server_count,0.0
1776461803.63,payment,payment-f9f8d647b-74h8z,cpu_usage,container_cpu_usage,0.007465219844048308
1776461803.63,payment,payment-f9f8d647b-74h8z,memory_usage,container_memory_working_set_bytes,109686784.0
1776461803.63,payment,payment-f9f8d647b-75hmx,cpu_usage,container_cpu_usage,0.010270398505297656
1776461803.63,payment,payment-f9f8d647b-75hmx,memory_usage,container_memory_working_set_bytes,110190592.0
1776461803.63,payment,payment-f9f8d647b-tv6l5,cpu_usage,container_cpu_usage,0.008519855531437817
1776461803.63,payment,payment-f9f8d647b-tv6l5,memory_usage,container_memory_working_set_bytes,99213312.0
1776461803.63,payment,payment::service,pod_restart_count,k8s_container_restarts,39.0
1776461803.63,payment,payment::service,pod_running_count,k8s_container_ready,3.0
1776461803.63,product-catalog,otel-demo.product-catalog-784544475c-7crs7.product-catalog,dependency_error_ratio,trace_client_error_ratio,0.0
1776461803.63,product-catalog,otel-demo.product-catalog-784544475c-7crs7.product-catalog,error_ratio,trace_server_error_ratio,0.0
1776461803.63,product-catalog,otel-demo.product-catalog-784544475c-7crs7.product-catalog,request_count,trace_server_count,0.0
1776461803.63,product-catalog,otel-demo.product-catalog-784544475c-8skc7.product-catalog,dependency_error_ratio,trace_client_error_ratio,0.0
1776461803.63,product-catalog,otel-demo.product-catalog-784544475c-8skc7.product-catalog,error_ratio,trace_server_error_ratio,0.0
1776461803.63,product-catalog,otel-demo.product-catalog-784544475c-8skc7.product-catalog,request_count,trace_server_count,0.0
1776461803.63,product-catalog,otel-demo.product-catalog-784544475c-stwzc.product-catalog,dependency_error_ratio,trace_client_error_ratio,0.0
1776461803.63,product-catalog,otel-demo.product-catalog-784544475c-stwzc.product-catalog,error_ratio,trace_server_error_ratio,0.0
1776461803.63,product-catalog,otel-demo.product-catalog-784544475c-stwzc.product-catalog,request_count,trace_server_count,0.0
1776461803.63,product-catalog,product-catalog-784544475c-7crs7,cpu_usage,container_cpu_usage,0.011094956851581357
1776461803.63,product-catalog,product-catalog-784544475c-7crs7,memory_usage,container_memory_working_set_bytes,16699392.0
1776461803.63,product-catalog,product-catalog-784544475c-8skc7,cpu_usage,container_cpu_usage,0.21379646858545232
1776461803.63,product-catalog,product-catalog-784544475c-8skc7,memory_usage,container_memory_working_set_bytes,16707584.0
1776461803.63,product-catalog,product-catalog-784544475c-stwzc,cpu_usage,container_cpu_usage,0.05604563015980916
1776461803.63,product-catalog,product-catalog-784544475c-stwzc,memory_usage,container_memory_working_set_bytes,22548480.0
1776461803.63,product-catalog,product-catalog::service,pod_restart_count,k8s_container_restarts,35.0
1776461803.63,product-catalog,product-catalog::service,pod_running_count,k8s_container_ready,3.0
1776461803.63,recommendation,otel-demo.recommendation-5b46f7469c-g2rgb.recommendation,dependency_error_ratio,trace_client_error_ratio,0.0
1776461803.63,recommendation,otel-demo.recommendation-5b46f7469c-rjwxq.recommendation,dependency_error_ratio,trace_client_error_ratio,0.0
1776461803.63,recommendation,otel-demo.recommendation-5b46f7469c-rjwxq.recommendation,error_ratio,trace_server_error_ratio,0.0
1776461803.63,recommendation,otel-demo.recommendation-5b46f7469c-rjwxq.recommendation,request_count,trace_server_count,0.0
1776461803.63,recommendation,otel-demo.recommendation-5b46f7469c-t2fm9.recommendation,dependency_error_ratio,trace_client_error_ratio,0.0
1776461803.63,recommendation,otel-demo.recommendation-5b46f7469c-t2fm9.recommendation,error_ratio,trace_server_error_ratio,0.0
1776461803.63,recommendation,otel-demo.recommendation-5b46f7469c-t2fm9.recommendation,request_count,trace_server_count,0.0
1776461803.63,recommendation,recommendation-5b46f7469c-g2rgb,cpu_usage,container_cpu_usage,0.018455322787515
1776461803.63,recommendation,recommendation-5b46f7469c-g2rgb,memory_usage,container_memory_working_set_bytes,46886912.0
1776461803.63,recommendation,recommendation-5b46f7469c-rjwxq,cpu_usage,container_cpu_usage,0.014584850547457102
1776461803.63,recommendation,recommendation-5b46f7469c-rjwxq,memory_usage,container_memory_working_set_bytes,48250880.0
1776461803.63,recommendation,recommendation-5b46f7469c-t2fm9,cpu_usage,container_cpu_usage,0.05464759815748905
1776461803.63,recommendation,recommendation-5b46f7469c-t2fm9,memory_usage,container_memory_working_set_bytes,54390784.0
1776461803.63,recommendation,recommendation::service,pod_restart_count,k8s_container_restarts,3.0
1776461803.63,recommendation,recommendation::service,pod_running_count,k8s_container_ready,3.0
1776461813.63,ad,3a8b9295-6ae2-4e8a-b9b0-a607d7fec0a4,dependency_error_ratio,trace_client_error_ratio,0.0
1776461813.63,ad,3a8b9295-6ae2-4e8a-b9b0-a607d7fec0a4,error_ratio,trace_server_error_ratio,0.0
1776461813.63,ad,3a8b9295-6ae2-4e8a-b9b0-a607d7fec0a4,request_count,trace_server_count,0.0
1776461813.63,ad,5680c7ee-584c-4353-b6d2-93bc605a0324,dependency_error_ratio,trace_client_error_ratio,0.0
1776461813.63,ad,5680c7ee-584c-4353-b6d2-93bc605a0324,error_ratio,trace_server_error_ratio,0.0
1776461813.63,ad,5680c7ee-584c-4353-b6d2-93bc605a0324,request_count,trace_server_count,0.0
1776461813.63,ad,9f9a3c1c-bd3f-40ea-8764-b59f1ebd2204,dependency_error_ratio,trace_client_error_ratio,0.0
1776461813.63,ad,ad-7fb5b4f859-52ks9,cpu_usage,container_cpu_usage,0.002666997180307326
1776461813.63,ad,ad-7fb5b4f859-52ks9,memory_usage,container_memory_working_set_bytes,260464640.0
1776461813.63,ad,ad-7fb5b4f859-rd4zw,cpu_usage,container_cpu_usage,0.0014932056696068488
1776461813.63,ad,ad-7fb5b4f859-rd4zw,memory_usage,container_memory_working_set_bytes,238317568.0
1776461813.63,ad,ad-7fb5b4f859-zsstr,cpu_usage,container_cpu_usage,0.005199574515733225
1776461813.63,ad,ad-7fb5b4f859-zsstr,memory_usage,container_memory_working_set_bytes,261808128.0
1776461813.63,ad,ad::service,pod_restart_count,k8s_container_restarts,3.0
1776461813.63,ad,ad::service,pod_running_count,k8s_container_ready,3.0
1776461813.63,cart,cart-7c7496d7f-th7mc,cpu_usage,container_cpu_usage,0.039501107877957006
1776461813.63,cart,cart-7c7496d7f-th7mc,memory_usage,container_memory_working_set_bytes,63635456.0
1776461813.63,cart,cart::service,pod_restart_count,k8s_container_restarts,1.0
1776461813.63,cart,cart::service,pod_running_count,k8s_container_ready,1.0
1776461813.63,cart,f1f3afac-3031-4c18-925a-048232421d89,dependency_error_ratio,trace_client_error_ratio,0.0
1776461813.63,cart,f1f3afac-3031-4c18-925a-048232421d89,error_ratio,trace_server_error_ratio,0.0
1776461813.63,cart,f1f3afac-3031-4c18-925a-048232421d89,request_count,trace_server_count,0.0
1776461813.63,checkout,4755bdbd-5ad9-49fa-acb7-3a7dcb6a9277,dependency_error_ratio,trace_client_error_ratio,0.0
1776461813.63,checkout,4755bdbd-5ad9-49fa-acb7-3a7dcb6a9277,error_ratio,trace_server_error_ratio,0.0
1776461813.63,checkout,4755bdbd-5ad9-49fa-acb7-3a7dcb6a9277,request_count,trace_server_count,0.0
1776461813.63,checkout,bb49e6b9-109a-41b8-be66-ab2a38272474,dependency_error_ratio,trace_client_error_ratio,0.0
1776461813.63,checkout,bb49e6b9-109a-41b8-be66-ab2a38272474,error_ratio,trace_server_error_ratio,0.0
1776461813.63,checkout,bb49e6b9-109a-41b8-be66-ab2a38272474,request_count,trace_server_count,0.0
1776461813.63,checkout,bc5804df-6f63-4261-8788-8ecfe5481366,dependency_error_ratio,trace_client_error_ratio,0.0
1776461813.63,checkout,bc5804df-6f63-4261-8788-8ecfe5481366,error_ratio,trace_server_error_ratio,0.0
1776461813.63,checkout,bc5804df-6f63-4261-8788-8ecfe5481366,request_count,trace_server_count,0.0
1776461813.63,checkout,checkout-7f4ccfc547-6crwh,cpu_usage,container_cpu_usage,0.08780430461306511
1776461813.63,checkout,checkout-7f4ccfc547-6crwh,memory_usage,container_memory_working_set_bytes,16650240.0
1776461813.63,checkout,checkout-7f4ccfc547-ftx2n,cpu_usage,container_cpu_usage,0.000509413502346365
1776461813.63,checkout,checkout-7f4ccfc547-ftx2n,memory_usage,container_memory_working_set_bytes,12111872.0
1776461813.63,checkout,checkout-7f4ccfc547-qlfgr,cpu_usage,container_cpu_usage,0.026910216566744635
1776461813.63,checkout,checkout-7f4ccfc547-qlfgr,memory_usage,container_memory_working_set_bytes,15134720.0
1776461813.63,checkout,checkout::service,pod_restart_count,k8s_container_restarts,45.0
1776461813.63,checkout,checkout::service,pod_running_count,k8s_container_ready,3.0
1776461813.63,email,email-5dcf48b665-66zvj,cpu_usage,container_cpu_usage,0.0030743574566830354
1776461813.63,email,email-5dcf48b665-66zvj,memory_usage,container_memory_working_set_bytes,59723776.0
1776461813.63,email,email-5dcf48b665-9xxmx,cpu_usage,container_cpu_usage,0.003665086782376863
1776461813.63,email,email-5dcf48b665-9xxmx,memory_usage,container_memory_working_set_bytes,56209408.0
1776461813.63,email,email-5dcf48b665-n4zf2,cpu_usage,container_cpu_usage,0.004136429823045558
1776461813.63,email,email-5dcf48b665-n4zf2,memory_usage,container_memory_working_set_bytes,54837248.0
1776461813.63,email,email::service,pod_restart_count,k8s_container_restarts,9.0
1776461813.63,email,email::service,pod_running_count,k8s_container_ready,3.0
1776461813.63,email,otel-demo.email-5dcf48b665-66zvj.email,error_ratio,trace_server_error_ratio,0.0
1776461813.63,email,otel-demo.email-5dcf48b665-66zvj.email,request_count,trace_server_count,0.0
1776461813.63,email,otel-demo.email-5dcf48b665-9xxmx.email,error_ratio,trace_server_error_ratio,0.0
1776461813.63,email,otel-demo.email-5dcf48b665-9xxmx.email,request_count,trace_server_count,0.0
1776461813.63,email,otel-demo.email-5dcf48b665-n4zf2.email,error_ratio,trace_server_error_ratio,0.0
1776461813.63,email,otel-demo.email-5dcf48b665-n4zf2.email,request_count,trace_server_count,0.0
1776461813.63,frontend,frontend-b78bf7696-6bjdg,cpu_usage,container_cpu_usage,0.07899384863923058
1776461813.63,frontend,frontend-b78bf7696-6bjdg,memory_usage,container_memory_working_set_bytes,118730752.0
1776461813.63,frontend,frontend-b78bf7696-77ldd,cpu_usage,container_cpu_usage,0.09284385688690593
1776461813.63,frontend,frontend-b78bf7696-77ldd,memory_usage,container_memory_working_set_bytes,105328640.0
1776461813.63,frontend,frontend-b78bf7696-p9kqx,cpu_usage,container_cpu_usage,0.06745363027409124
1776461813.63,frontend,frontend-b78bf7696-p9kqx,memory_usage,container_memory_working_set_bytes,116359168.0
1776461813.63,frontend,frontend::service,pod_restart_count,k8s_container_restarts,3.0
1776461813.63,frontend,frontend::service,pod_running_count,k8s_container_ready,3.0
1776461813.63,frontend,otel-demo.frontend-b78bf7696-6bjdg.frontend,dependency_error_ratio,trace_client_error_ratio,0.0
1776461813.63,frontend,otel-demo.frontend-b78bf7696-6bjdg.frontend,error_ratio,trace_server_error_ratio,0.0
1776461813.63,frontend,otel-demo.frontend-b78bf7696-6bjdg.frontend,http_5xx_ratio,http_server_5xx_ratio,0.0
1776461813.63,frontend,otel-demo.frontend-b78bf7696-6bjdg.frontend,request_count,trace_server_count,0.0
1776461813.63,frontend,otel-demo.frontend-b78bf7696-77ldd.frontend,dependency_error_ratio,trace_client_error_ratio,0.0
1776461813.63,frontend,otel-demo.frontend-b78bf7696-77ldd.frontend,error_ratio,trace_server_error_ratio,0.0
1776461813.63,frontend,otel-demo.frontend-b78bf7696-77ldd.frontend,http_5xx_ratio,http_server_5xx_ratio,0.0
1776461813.63,frontend,otel-demo.frontend-b78bf7696-77ldd.frontend,request_count,trace_server_count,0.0
1776461813.63,frontend,otel-demo.frontend-b78bf7696-p9kqx.frontend,dependency_error_ratio,trace_client_error_ratio,0.0
1776461813.63,frontend,otel-demo.frontend-b78bf7696-p9kqx.frontend,error_ratio,trace_server_error_ratio,0.0
1776461813.63,frontend,otel-demo.frontend-b78bf7696-p9kqx.frontend,http_5xx_ratio,http_server_5xx_ratio,0.0
1776461813.63,frontend,otel-demo.frontend-b78bf7696-p9kqx.frontend,request_count,trace_server_count,0.0
1776461813.63,kafka,kafka-66df8bdf76-zjcbb,cpu_usage,container_cpu_usage,0.015030329034472323
1776461813.63,kafka,kafka-66df8bdf76-zjcbb,memory_usage,container_memory_working_set_bytes,665239552.0
1776461813.63,kafka,kafka::service,pod_restart_count,k8s_container_restarts,9.0
1776461813.63,kafka,kafka::service,pod_running_count,k8s_container_ready,1.0
1776461813.63,kafka,kafka::service,queue_lag,queue_size_ratio,0.0
1776461813.63,payment,otel-demo.payment-f9f8d647b-74h8z.payment,dependency_error_ratio,trace_client_error_ratio,0.0
1776461813.63,payment,otel-demo.payment-f9f8d647b-74h8z.payment,error_ratio,trace_server_error_ratio,0.0
1776461813.63,payment,otel-demo.payment-f9f8d647b-74h8z.payment,request_count,trace_server_count,0.0
1776461813.63,payment,otel-demo.payment-f9f8d647b-75hmx.payment,dependency_error_ratio,trace_client_error_ratio,0.0
1776461813.63,payment,otel-demo.payment-f9f8d647b-75hmx.payment,error_ratio,trace_server_error_ratio,0.0
1776461813.63,payment,otel-demo.payment-f9f8d647b-75hmx.payment,request_count,trace_server_count,0.0
1776461813.63,payment,otel-demo.payment-f9f8d647b-tv6l5.payment,dependency_error_ratio,trace_client_error_ratio,0.0
1776461813.63,payment,otel-demo.payment-f9f8d647b-tv6l5.payment,error_ratio,trace_server_error_ratio,0.0
1776461813.63,payment,otel-demo.payment-f9f8d647b-tv6l5.payment,request_count,trace_server_count,0.0
1776461813.63,payment,payment-f9f8d647b-74h8z,cpu_usage,container_cpu_usage,0.009383426885018142
1776461813.63,payment,payment-f9f8d647b-74h8z,memory_usage,container_memory_working_set_bytes,109686784.0
1776461813.63,payment,payment-f9f8d647b-75hmx,cpu_usage,container_cpu_usage,0.011483881799865479
1776461813.63,payment,payment-f9f8d647b-75hmx,memory_usage,container_memory_working_set_bytes,110190592.0
1776461813.63,payment,payment-f9f8d647b-tv6l5,cpu_usage,container_cpu_usage,0.008122455917682774
1776461813.63,payment,payment-f9f8d647b-tv6l5,memory_usage,container_memory_working_set_bytes,99213312.0
1776461813.63,payment,payment::service,pod_restart_count,k8s_container_restarts,39.0
1776461813.63,payment,payment::service,pod_running_count,k8s_container_ready,3.0
1776461813.63,product-catalog,otel-demo.product-catalog-784544475c-7crs7.product-catalog,dependency_error_ratio,trace_client_error_ratio,0.0
1776461813.63,product-catalog,otel-demo.product-catalog-784544475c-7crs7.product-catalog,error_ratio,trace_server_error_ratio,0.0
1776461813.63,product-catalog,otel-demo.product-catalog-784544475c-7crs7.product-catalog,request_count,trace_server_count,0.0
1776461813.63,product-catalog,otel-demo.product-catalog-784544475c-8skc7.product-catalog,dependency_error_ratio,trace_client_error_ratio,0.0
1776461813.63,product-catalog,otel-demo.product-catalog-784544475c-8skc7.product-catalog,error_ratio,trace_server_error_ratio,0.0
1776461813.63,product-catalog,otel-demo.product-catalog-784544475c-8skc7.product-catalog,request_count,trace_server_count,0.0
1776461813.63,product-catalog,otel-demo.product-catalog-784544475c-stwzc.product-catalog,dependency_error_ratio,trace_client_error_ratio,0.0
1776461813.63,product-catalog,otel-demo.product-catalog-784544475c-stwzc.product-catalog,error_ratio,trace_server_error_ratio,0.0
1776461813.63,product-catalog,otel-demo.product-catalog-784544475c-stwzc.product-catalog,request_count,trace_server_count,0.0
1776461813.63,product-catalog,product-catalog-784544475c-7crs7,cpu_usage,container_cpu_usage,0.017224063205417597
1776461813.63,product-catalog,product-catalog-784544475c-7crs7,memory_usage,container_memory_working_set_bytes,16617472.0
1776461813.63,product-catalog,product-catalog-784544475c-8skc7,cpu_usage,container_cpu_usage,0.2963159977046876
1776461813.63,product-catalog,product-catalog-784544475c-8skc7,memory_usage,container_memory_working_set_bytes,16707584.0
1776461813.63,product-catalog,product-catalog-784544475c-stwzc,cpu_usage,container_cpu_usage,0.0011003861168128381
1776461813.63,product-catalog,product-catalog-784544475c-stwzc,memory_usage,container_memory_working_set_bytes,28934144.0
1776461813.63,product-catalog,product-catalog::service,pod_restart_count,k8s_container_restarts,35.0
1776461813.63,product-catalog,product-catalog::service,pod_running_count,k8s_container_ready,3.0
1776461813.63,recommendation,otel-demo.recommendation-5b46f7469c-g2rgb.recommendation,dependency_error_ratio,trace_client_error_ratio,0.0
1776461813.63,recommendation,otel-demo.recommendation-5b46f7469c-rjwxq.recommendation,dependency_error_ratio,trace_client_error_ratio,0.0
1776461813.63,recommendation,otel-demo.recommendation-5b46f7469c-rjwxq.recommendation,error_ratio,trace_server_error_ratio,0.0
1776461813.63,recommendation,otel-demo.recommendation-5b46f7469c-rjwxq.recommendation,request_count,trace_server_count,0.0
1776461813.63,recommendation,otel-demo.recommendation-5b46f7469c-t2fm9.recommendation,dependency_error_ratio,trace_client_error_ratio,0.0
1776461813.63,recommendation,otel-demo.recommendation-5b46f7469c-t2fm9.recommendation,error_ratio,trace_server_error_ratio,0.0
1776461813.63,recommendation,otel-demo.recommendation-5b46f7469c-t2fm9.recommendation,request_count,trace_server_count,0.0
1776461813.63,recommendation,recommendation-5b46f7469c-g2rgb,cpu_usage,container_cpu_usage,0.018685157897122395
1776461813.63,recommendation,recommendation-5b46f7469c-g2rgb,memory_usage,container_memory_working_set_bytes,46886912.0
1776461813.63,recommendation,recommendation-5b46f7469c-rjwxq,cpu_usage,container_cpu_usage,0.036544509060596156
1776461813.63,recommendation,recommendation-5b46f7469c-rjwxq,memory_usage,container_memory_working_set_bytes,47964160.0
1776461813.63,recommendation,recommendation-5b46f7469c-t2fm9,cpu_usage,container_cpu_usage,0.06317708976987818
1776461813.63,recommendation,recommendation-5b46f7469c-t2fm9,memory_usage,container_memory_working_set_bytes,54390784.0
1776461813.63,recommendation,recommendation::service,pod_restart_count,k8s_container_restarts,3.0
1776461813.63,recommendation,recommendation::service,pod_running_count,k8s_container_ready,3.0
1776461823.63,ad,3a8b9295-6ae2-4e8a-b9b0-a607d7fec0a4,dependency_error_ratio,trace_client_error_ratio,0.0
1776461823.63,ad,3a8b9295-6ae2-4e8a-b9b0-a607d7fec0a4,error_ratio,trace_server_error_ratio,0.0
1776461823.63,ad,3a8b9295-6ae2-4e8a-b9b0-a607d7fec0a4,request_count,trace_server_count,0.0
1776461823.63,ad,5680c7ee-584c-4353-b6d2-93bc605a0324,dependency_error_ratio,trace_client_error_ratio,0.0
1776461823.63,ad,5680c7ee-584c-4353-b6d2-93bc605a0324,error_ratio,trace_server_error_ratio,0.0
1776461823.63,ad,5680c7ee-584c-4353-b6d2-93bc605a0324,request_count,trace_server_count,0.0
1776461823.63,ad,9f9a3c1c-bd3f-40ea-8764-b59f1ebd2204,dependency_error_ratio,trace_client_error_ratio,0.0
1776461823.63,ad,ad-7fb5b4f859-52ks9,cpu_usage,container_cpu_usage,0.004709951735230444
1776461823.63,ad,ad-7fb5b4f859-52ks9,memory_usage,container_memory_working_set_bytes,260493312.0
1776461823.63,ad,ad-7fb5b4f859-rd4zw,cpu_usage,container_cpu_usage,0.0015745783871817475
1776461823.63,ad,ad-7fb5b4f859-rd4zw,memory_usage,container_memory_working_set_bytes,238317568.0
1776461823.63,ad,ad-7fb5b4f859-zsstr,cpu_usage,container_cpu_usage,0.005893013295265106
1776461823.63,ad,ad-7fb5b4f859-zsstr,memory_usage,container_memory_working_set_bytes,261808128.0
1776461823.63,ad,ad::service,pod_restart_count,k8s_container_restarts,3.0
1776461823.63,ad,ad::service,pod_running_count,k8s_container_ready,3.0
1776461823.63,cart,cart-7c7496d7f-th7mc,cpu_usage,container_cpu_usage,0.039501107877957006
1776461823.63,cart,cart-7c7496d7f-th7mc,memory_usage,container_memory_working_set_bytes,63635456.0
1776461823.63,cart,cart::service,pod_restart_count,k8s_container_restarts,1.0
1776461823.63,cart,cart::service,pod_running_count,k8s_container_ready,1.0
1776461823.63,cart,f1f3afac-3031-4c18-925a-048232421d89,dependency_error_ratio,trace_client_error_ratio,0.0
1776461823.63,cart,f1f3afac-3031-4c18-925a-048232421d89,error_ratio,trace_server_error_ratio,0.0
1776461823.63,cart,f1f3afac-3031-4c18-925a-048232421d89,request_count,trace_server_count,0.0
1776461823.63,checkout,4755bdbd-5ad9-49fa-acb7-3a7dcb6a9277,dependency_error_ratio,trace_client_error_ratio,0.0
1776461823.63,checkout,4755bdbd-5ad9-49fa-acb7-3a7dcb6a9277,error_ratio,trace_server_error_ratio,0.0
1776461823.63,checkout,4755bdbd-5ad9-49fa-acb7-3a7dcb6a9277,request_count,trace_server_count,0.0
1776461823.63,checkout,bb49e6b9-109a-41b8-be66-ab2a38272474,dependency_error_ratio,trace_client_error_ratio,0.0
1776461823.63,checkout,bb49e6b9-109a-41b8-be66-ab2a38272474,error_ratio,trace_server_error_ratio,0.0
1776461823.63,checkout,bb49e6b9-109a-41b8-be66-ab2a38272474,request_count,trace_server_count,0.0
1776461823.63,checkout,bc5804df-6f63-4261-8788-8ecfe5481366,dependency_error_ratio,trace_client_error_ratio,0.0
1776461823.63,checkout,bc5804df-6f63-4261-8788-8ecfe5481366,error_ratio,trace_server_error_ratio,0.0
1776461823.63,checkout,bc5804df-6f63-4261-8788-8ecfe5481366,request_count,trace_server_count,0.0
1776461823.63,checkout,checkout-7f4ccfc547-6crwh,cpu_usage,container_cpu_usage,0.08780430461306511
1776461823.63,checkout,checkout-7f4ccfc547-6crwh,memory_usage,container_memory_working_set_bytes,16650240.0
1776461823.63,checkout,checkout-7f4ccfc547-ftx2n,cpu_usage,container_cpu_usage,0.0005434238945094921
1776461823.63,checkout,checkout-7f4ccfc547-ftx2n,memory_usage,container_memory_working_set_bytes,12107776.0
1776461823.63,checkout,checkout-7f4ccfc547-qlfgr,cpu_usage,container_cpu_usage,0.04238040642340082
1776461823.63,checkout,checkout-7f4ccfc547-qlfgr,memory_usage,container_memory_working_set_bytes,15589376.0
1776461823.63,checkout,checkout::service,pod_restart_count,k8s_container_restarts,45.0
1776461823.63,checkout,checkout::service,pod_running_count,k8s_container_ready,3.0
1776461823.63,email,email-5dcf48b665-66zvj,cpu_usage,container_cpu_usage,0.0033324703737469727
1776461823.63,email,email-5dcf48b665-66zvj,memory_usage,container_memory_working_set_bytes,59613184.0
1776461823.63,email,email-5dcf48b665-9xxmx,cpu_usage,container_cpu_usage,0.003665086782376863
1776461823.63,email,email-5dcf48b665-9xxmx,memory_usage,container_memory_working_set_bytes,56209408.0
1776461823.63,email,email-5dcf48b665-n4zf2,cpu_usage,container_cpu_usage,0.006106194690265668
1776461823.63,email,email-5dcf48b665-n4zf2,memory_usage,container_memory_working_set_bytes,54792192.0
1776461823.63,email,email::service,pod_restart_count,k8s_container_restarts,9.0
1776461823.63,email,email::service,pod_running_count,k8s_container_ready,3.0
1776461823.63,email,otel-demo.email-5dcf48b665-66zvj.email,error_ratio,trace_server_error_ratio,0.0
1776461823.63,email,otel-demo.email-5dcf48b665-66zvj.email,request_count,trace_server_count,0.0
1776461823.63,email,otel-demo.email-5dcf48b665-9xxmx.email,error_ratio,trace_server_error_ratio,0.0
1776461823.63,email,otel-demo.email-5dcf48b665-9xxmx.email,request_count,trace_server_count,0.0
1776461823.63,email,otel-demo.email-5dcf48b665-n4zf2.email,error_ratio,trace_server_error_ratio,0.0
1776461823.63,email,otel-demo.email-5dcf48b665-n4zf2.email,request_count,trace_server_count,0.0
1776461823.63,frontend,frontend-b78bf7696-6bjdg,cpu_usage,container_cpu_usage,0.11327653473618833
1776461823.63,frontend,frontend-b78bf7696-6bjdg,memory_usage,container_memory_working_set_bytes,118571008.0
1776461823.63,frontend,frontend-b78bf7696-77ldd,cpu_usage,container_cpu_usage,0.10536968930928094
1776461823.63,frontend,frontend-b78bf7696-77ldd,memory_usage,container_memory_working_set_bytes,105512960.0
1776461823.63,frontend,frontend-b78bf7696-p9kqx,cpu_usage,container_cpu_usage,0.06911847480648392
1776461823.63,frontend,frontend-b78bf7696-p9kqx,memory_usage,container_memory_working_set_bytes,116359168.0
1776461823.63,frontend,frontend::service,pod_restart_count,k8s_container_restarts,3.0
1776461823.63,frontend,frontend::service,pod_running_count,k8s_container_ready,3.0
1776461823.63,frontend,otel-demo.frontend-b78bf7696-6bjdg.frontend,dependency_error_ratio,trace_client_error_ratio,0.0
1776461823.63,frontend,otel-demo.frontend-b78bf7696-6bjdg.frontend,error_ratio,trace_server_error_ratio,0.0
1776461823.63,frontend,otel-demo.frontend-b78bf7696-6bjdg.frontend,http_5xx_ratio,http_server_5xx_ratio,0.0
1776461823.63,frontend,otel-demo.frontend-b78bf7696-6bjdg.frontend,request_count,trace_server_count,0.0
1776461823.63,frontend,otel-demo.frontend-b78bf7696-77ldd.frontend,dependency_error_ratio,trace_client_error_ratio,0.0
1776461823.63,frontend,otel-demo.frontend-b78bf7696-77ldd.frontend,error_ratio,trace_server_error_ratio,0.0
1776461823.63,frontend,otel-demo.frontend-b78bf7696-77ldd.frontend,http_5xx_ratio,http_server_5xx_ratio,0.0
1776461823.63,frontend,otel-demo.frontend-b78bf7696-77ldd.frontend,request_count,trace_server_count,0.0
1776461823.63,frontend,otel-demo.frontend-b78bf7696-p9kqx.frontend,dependency_error_ratio,trace_client_error_ratio,0.0
1776461823.63,frontend,otel-demo.frontend-b78bf7696-p9kqx.frontend,error_ratio,trace_server_error_ratio,0.0
1776461823.63,frontend,otel-demo.frontend-b78bf7696-p9kqx.frontend,http_5xx_ratio,http_server_5xx_ratio,0.0
1776461823.63,frontend,otel-demo.frontend-b78bf7696-p9kqx.frontend,request_count,trace_server_count,0.0
1776461823.63,kafka,kafka-66df8bdf76-zjcbb,cpu_usage,container_cpu_usage,0.015704045900225668
1776461823.63,kafka,kafka-66df8bdf76-zjcbb,memory_usage,container_memory_working_set_bytes,665264128.0
1776461823.63,kafka,kafka::service,pod_restart_count,k8s_container_restarts,9.0
1776461823.63,kafka,kafka::service,pod_running_count,k8s_container_ready,1.0
1776461823.63,kafka,kafka::service,queue_lag,queue_size_ratio,0.0
1776461823.63,payment,otel-demo.payment-f9f8d647b-74h8z.payment,dependency_error_ratio,trace_client_error_ratio,0.0
1776461823.63,payment,otel-demo.payment-f9f8d647b-74h8z.payment,error_ratio,trace_server_error_ratio,0.0
1776461823.63,payment,otel-demo.payment-f9f8d647b-74h8z.payment,request_count,trace_server_count,0.0
1776461823.63,payment,otel-demo.payment-f9f8d647b-75hmx.payment,dependency_error_ratio,trace_client_error_ratio,0.0
1776461823.63,payment,otel-demo.payment-f9f8d647b-75hmx.payment,error_ratio,trace_server_error_ratio,0.0
1776461823.63,payment,otel-demo.payment-f9f8d647b-75hmx.payment,request_count,trace_server_count,0.0
1776461823.63,payment,otel-demo.payment-f9f8d647b-tv6l5.payment,dependency_error_ratio,trace_client_error_ratio,0.0
1776461823.63,payment,otel-demo.payment-f9f8d647b-tv6l5.payment,error_ratio,trace_server_error_ratio,0.0
1776461823.63,payment,otel-demo.payment-f9f8d647b-tv6l5.payment,request_count,trace_server_count,0.0
1776461823.63,payment,payment-f9f8d647b-74h8z,cpu_usage,container_cpu_usage,0.010771286501430484
1776461823.63,payment,payment-f9f8d647b-74h8z,memory_usage,container_memory_working_set_bytes,109694976.0
1776461823.63,payment,payment-f9f8d647b-75hmx,cpu_usage,container_cpu_usage,0.014269459278267163
1776461823.63,payment,payment-f9f8d647b-75hmx,memory_usage,container_memory_working_set_bytes,110198784.0
1776461823.63,payment,payment-f9f8d647b-tv6l5,cpu_usage,container_cpu_usage,0.00916989122091926
1776461823.63,payment,payment-f9f8d647b-tv6l5,memory_usage,container_memory_working_set_bytes,99213312.0
1776461823.63,payment,payment::service,pod_restart_count,k8s_container_restarts,39.0
1776461823.63,payment,payment::service,pod_running_count,k8s_container_ready,3.0
1776461823.63,product-catalog,otel-demo.product-catalog-784544475c-7crs7.product-catalog,dependency_error_ratio,trace_client_error_ratio,0.0
1776461823.63,product-catalog,otel-demo.product-catalog-784544475c-7crs7.product-catalog,error_ratio,trace_server_error_ratio,0.0
1776461823.63,product-catalog,otel-demo.product-catalog-784544475c-7crs7.product-catalog,request_count,trace_server_count,0.0
1776461823.63,product-catalog,otel-demo.product-catalog-784544475c-8skc7.product-catalog,dependency_error_ratio,trace_client_error_ratio,0.0
1776461823.63,product-catalog,otel-demo.product-catalog-784544475c-8skc7.product-catalog,error_ratio,trace_server_error_ratio,0.0
1776461823.63,product-catalog,otel-demo.product-catalog-784544475c-8skc7.product-catalog,request_count,trace_server_count,0.0
1776461823.63,product-catalog,otel-demo.product-catalog-784544475c-stwzc.product-catalog,dependency_error_ratio,trace_client_error_ratio,0.0
1776461823.63,product-catalog,otel-demo.product-catalog-784544475c-stwzc.product-catalog,error_ratio,trace_server_error_ratio,0.0
1776461823.63,product-catalog,otel-demo.product-catalog-784544475c-stwzc.product-catalog,request_count,trace_server_count,0.0
1776461823.63,product-catalog,product-catalog-784544475c-7crs7,cpu_usage,container_cpu_usage,0.02190450566795809
1776461823.63,product-catalog,product-catalog-784544475c-7crs7,memory_usage,container_memory_working_set_bytes,15327232.0
1776461823.63,product-catalog,product-catalog-784544475c-8skc7,cpu_usage,container_cpu_usage,0.31504113478074064
1776461823.63,product-catalog,product-catalog-784544475c-8skc7,memory_usage,container_memory_working_set_bytes,16928768.0
1776461823.63,product-catalog,product-catalog-784544475c-stwzc,cpu_usage,container_cpu_usage,0.001761516924799403
1776461823.63,product-catalog,product-catalog-784544475c-stwzc,memory_usage,container_memory_working_set_bytes,28934144.0
1776461823.63,product-catalog,product-catalog::service,pod_restart_count,k8s_container_restarts,35.0
1776461823.63,product-catalog,product-catalog::service,pod_running_count,k8s_container_ready,3.0
1776461823.63,recommendation,otel-demo.recommendation-5b46f7469c-g2rgb.recommendation,dependency_error_ratio,trace_client_error_ratio,0.0
1776461823.63,recommendation,otel-demo.recommendation-5b46f7469c-rjwxq.recommendation,dependency_error_ratio,trace_client_error_ratio,0.0
1776461823.63,recommendation,otel-demo.recommendation-5b46f7469c-rjwxq.recommendation,error_ratio,trace_server_error_ratio,0.0
1776461823.63,recommendation,otel-demo.recommendation-5b46f7469c-rjwxq.recommendation,request_count,trace_server_count,0.0
1776461823.63,recommendation,otel-demo.recommendation-5b46f7469c-t2fm9.recommendation,dependency_error_ratio,trace_client_error_ratio,0.0
1776461823.63,recommendation,otel-demo.recommendation-5b46f7469c-t2fm9.recommendation,error_ratio,trace_server_error_ratio,0.0
1776461823.63,recommendation,otel-demo.recommendation-5b46f7469c-t2fm9.recommendation,request_count,trace_server_count,0.0
1776461823.63,recommendation,recommendation-5b46f7469c-g2rgb,cpu_usage,container_cpu_usage,0.018685157897122395
1776461823.63,recommendation,recommendation-5b46f7469c-g2rgb,memory_usage,container_memory_working_set_bytes,46886912.0
1776461823.63,recommendation,recommendation-5b46f7469c-rjwxq,cpu_usage,container_cpu_usage,0.04208735925896397
1776461823.63,recommendation,recommendation-5b46f7469c-rjwxq,memory_usage,container_memory_working_set_bytes,47931392.0
1776461823.63,recommendation,recommendation-5b46f7469c-t2fm9,cpu_usage,container_cpu_usage,0.07873965825469093
1776461823.63,recommendation,recommendation-5b46f7469c-t2fm9,memory_usage,container_memory_working_set_bytes,53780480.0
1776461823.63,recommendation,recommendation::service,pod_restart_count,k8s_container_restarts,3.0
1776461823.63,recommendation,recommendation::service,pod_running_count,k8s_container_ready,3.0
1776461833.63,ad,3a8b9295-6ae2-4e8a-b9b0-a607d7fec0a4,dependency_error_ratio,trace_client_error_ratio,0.0
1776461833.63,ad,3a8b9295-6ae2-4e8a-b9b0-a607d7fec0a4,error_ratio,trace_server_error_ratio,0.0
1776461833.63,ad,3a8b9295-6ae2-4e8a-b9b0-a607d7fec0a4,request_count,trace_server_count,0.0
1776461833.63,ad,5680c7ee-584c-4353-b6d2-93bc605a0324,dependency_error_ratio,trace_client_error_ratio,0.0
1776461833.63,ad,5680c7ee-584c-4353-b6d2-93bc605a0324,error_ratio,trace_server_error_ratio,0.0
1776461833.63,ad,5680c7ee-584c-4353-b6d2-93bc605a0324,request_count,trace_server_count,0.0
1776461833.63,ad,9f9a3c1c-bd3f-40ea-8764-b59f1ebd2204,dependency_error_ratio,trace_client_error_ratio,0.0
1776461833.63,ad,ad-7fb5b4f859-52ks9,cpu_usage,container_cpu_usage,0.005307093270481446
1776461833.63,ad,ad-7fb5b4f859-52ks9,memory_usage,container_memory_working_set_bytes,260493312.0
1776461833.63,ad,ad-7fb5b4f859-rd4zw,cpu_usage,container_cpu_usage,0.0011270161928899733
1776461833.63,ad,ad-7fb5b4f859-rd4zw,memory_usage,container_memory_working_set_bytes,238317568.0
1776461833.63,ad,ad-7fb5b4f859-zsstr,cpu_usage,container_cpu_usage,0.0032200276910752655
1776461833.63,ad,ad-7fb5b4f859-zsstr,memory_usage,container_memory_working_set_bytes,261808128.0
1776461833.63,ad,ad::service,pod_restart_count,k8s_container_restarts,3.0
1776461833.63,ad,ad::service,pod_running_count,k8s_container_ready,3.0
1776461833.63,cart,cart-7c7496d7f-th7mc,cpu_usage,container_cpu_usage,0.04679983457402789
1776461833.63,cart,cart-7c7496d7f-th7mc,memory_usage,container_memory_working_set_bytes,63528960.0
1776461833.63,cart,cart::service,pod_restart_count,k8s_container_restarts,1.0
1776461833.63,cart,cart::service,pod_running_count,k8s_container_ready,1.0
1776461833.63,cart,f1f3afac-3031-4c18-925a-048232421d89,dependency_error_ratio,trace_client_error_ratio,0.0
1776461833.63,cart,f1f3afac-3031-4c18-925a-048232421d89,error_ratio,trace_server_error_ratio,0.0
1776461833.63,cart,f1f3afac-3031-4c18-925a-048232421d89,request_count,trace_server_count,0.0
1776461833.63,checkout,4755bdbd-5ad9-49fa-acb7-3a7dcb6a9277,dependency_error_ratio,trace_client_error_ratio,0.0
1776461833.63,checkout,4755bdbd-5ad9-49fa-acb7-3a7dcb6a9277,error_ratio,trace_server_error_ratio,0.0
1776461833.63,checkout,4755bdbd-5ad9-49fa-acb7-3a7dcb6a9277,request_count,trace_server_count,0.0
1776461833.63,checkout,bb49e6b9-109a-41b8-be66-ab2a38272474,dependency_error_ratio,trace_client_error_ratio,0.0
1776461833.63,checkout,bb49e6b9-109a-41b8-be66-ab2a38272474,error_ratio,trace_server_error_ratio,0.0
1776461833.63,checkout,bb49e6b9-109a-41b8-be66-ab2a38272474,request_count,trace_server_count,0.0
1776461833.63,checkout,bc5804df-6f63-4261-8788-8ecfe5481366,dependency_error_ratio,trace_client_error_ratio,0.0
1776461833.63,checkout,bc5804df-6f63-4261-8788-8ecfe5481366,error_ratio,trace_server_error_ratio,0.0
1776461833.63,checkout,bc5804df-6f63-4261-8788-8ecfe5481366,request_count,trace_server_count,0.0
1776461833.63,checkout,checkout-7f4ccfc547-6crwh,cpu_usage,container_cpu_usage,0.12184044059467952
1776461833.63,checkout,checkout-7f4ccfc547-6crwh,memory_usage,container_memory_working_set_bytes,15798272.0
1776461833.63,checkout,checkout-7f4ccfc547-ftx2n,cpu_usage,container_cpu_usage,0.0005679756838905773
1776461833.63,checkout,checkout-7f4ccfc547-ftx2n,memory_usage,container_memory_working_set_bytes,12107776.0
1776461833.63,checkout,checkout-7f4ccfc547-qlfgr,cpu_usage,container_cpu_usage,0.05856862198690235
1776461833.63,checkout,checkout-7f4ccfc547-qlfgr,memory_usage,container_memory_working_set_bytes,15589376.0
1776461833.63,checkout,checkout::service,pod_restart_count,k8s_container_restarts,45.0
1776461833.63,checkout,checkout::service,pod_running_count,k8s_container_ready,3.0
1776461833.63,email,email-5dcf48b665-66zvj,cpu_usage,container_cpu_usage,0.004093184979137721
1776461833.63,email,email-5dcf48b665-66zvj,memory_usage,container_memory_working_set_bytes,59613184.0
1776461833.63,email,email-5dcf48b665-9xxmx,cpu_usage,container_cpu_usage,0.0048949100237953135
1776461833.63,email,email-5dcf48b665-9xxmx,memory_usage,container_memory_working_set_bytes,56160256.0
1776461833.63,email,email-5dcf48b665-n4zf2,cpu_usage,container_cpu_usage,0.007254711867233506
1776461833.63,email,email-5dcf48b665-n4zf2,memory_usage,container_memory_working_set_bytes,54792192.0
1776461833.63,email,email::service,pod_restart_count,k8s_container_restarts,9.0
1776461833.63,email,email::service,pod_running_count,k8s_container_ready,3.0
1776461833.63,email,otel-demo.email-5dcf48b665-66zvj.email,error_ratio,trace_server_error_ratio,0.0
1776461833.63,email,otel-demo.email-5dcf48b665-66zvj.email,request_count,trace_server_count,0.0
1776461833.63,email,otel-demo.email-5dcf48b665-9xxmx.email,error_ratio,trace_server_error_ratio,0.0
1776461833.63,email,otel-demo.email-5dcf48b665-9xxmx.email,request_count,trace_server_count,0.0
1776461833.63,email,otel-demo.email-5dcf48b665-n4zf2.email,error_ratio,trace_server_error_ratio,0.0
1776461833.63,email,otel-demo.email-5dcf48b665-n4zf2.email,request_count,trace_server_count,0.0
1776461833.63,frontend,frontend-b78bf7696-6bjdg,cpu_usage,container_cpu_usage,0.11327653473618833
1776461833.63,frontend,frontend-b78bf7696-6bjdg,memory_usage,container_memory_working_set_bytes,118571008.0
1776461833.63,frontend,frontend-b78bf7696-77ldd,cpu_usage,container_cpu_usage,0.12431844447912582
1776461833.63,frontend,frontend-b78bf7696-77ldd,memory_usage,container_memory_working_set_bytes,105811968.0
1776461833.63,frontend,frontend-b78bf7696-p9kqx,cpu_usage,container_cpu_usage,0.08208293063894895
1776461833.63,frontend,frontend-b78bf7696-p9kqx,memory_usage,container_memory_working_set_bytes,118341632.0
1776461833.63,frontend,frontend::service,pod_restart_count,k8s_container_restarts,3.0
1776461833.63,frontend,frontend::service,pod_running_count,k8s_container_ready,3.0
1776461833.63,frontend,otel-demo.frontend-b78bf7696-6bjdg.frontend,dependency_error_ratio,trace_client_error_ratio,0.0
1776461833.63,frontend,otel-demo.frontend-b78bf7696-6bjdg.frontend,error_ratio,trace_server_error_ratio,0.0
1776461833.63,frontend,otel-demo.frontend-b78bf7696-6bjdg.frontend,http_5xx_ratio,http_server_5xx_ratio,0.0
1776461833.63,frontend,otel-demo.frontend-b78bf7696-6bjdg.frontend,request_count,trace_server_count,0.0
1776461833.63,frontend,otel-demo.frontend-b78bf7696-77ldd.frontend,dependency_error_ratio,trace_client_error_ratio,0.0
1776461833.63,frontend,otel-demo.frontend-b78bf7696-77ldd.frontend,error_ratio,trace_server_error_ratio,0.0
1776461833.63,frontend,otel-demo.frontend-b78bf7696-77ldd.frontend,http_5xx_ratio,http_server_5xx_ratio,0.0
1776461833.63,frontend,otel-demo.frontend-b78bf7696-77ldd.frontend,request_count,trace_server_count,0.0
1776461833.63,frontend,otel-demo.frontend-b78bf7696-p9kqx.frontend,dependency_error_ratio,trace_client_error_ratio,0.0
1776461833.63,frontend,otel-demo.frontend-b78bf7696-p9kqx.frontend,error_ratio,trace_server_error_ratio,0.0
1776461833.63,frontend,otel-demo.frontend-b78bf7696-p9kqx.frontend,http_5xx_ratio,http_server_5xx_ratio,0.0
1776461833.63,frontend,otel-demo.frontend-b78bf7696-p9kqx.frontend,request_count,trace_server_count,0.0
1776461833.63,kafka,kafka-66df8bdf76-zjcbb,cpu_usage,container_cpu_usage,0.01570404590022566
1776461833.63,kafka,kafka-66df8bdf76-zjcbb,memory_usage,container_memory_working_set_bytes,665264128.0
1776461833.63,kafka,kafka::service,pod_restart_count,k8s_container_restarts,9.0
1776461833.63,kafka,kafka::service,pod_running_count,k8s_container_ready,1.0
1776461833.63,kafka,kafka::service,queue_lag,queue_size_ratio,0.0
1776461833.63,payment,otel-demo.payment-f9f8d647b-74h8z.payment,dependency_error_ratio,trace_client_error_ratio,0.0
1776461833.63,payment,otel-demo.payment-f9f8d647b-74h8z.payment,error_ratio,trace_server_error_ratio,0.0
1776461833.63,payment,otel-demo.payment-f9f8d647b-74h8z.payment,request_count,trace_server_count,0.0
1776461833.63,payment,otel-demo.payment-f9f8d647b-75hmx.payment,dependency_error_ratio,trace_client_error_ratio,0.0
1776461833.63,payment,otel-demo.payment-f9f8d647b-75hmx.payment,error_ratio,trace_server_error_ratio,0.0
1776461833.63,payment,otel-demo.payment-f9f8d647b-75hmx.payment,request_count,trace_server_count,0.0
1776461833.63,payment,otel-demo.payment-f9f8d647b-tv6l5.payment,dependency_error_ratio,trace_client_error_ratio,0.0
1776461833.63,payment,otel-demo.payment-f9f8d647b-tv6l5.payment,error_ratio,trace_server_error_ratio,0.0
1776461833.63,payment,otel-demo.payment-f9f8d647b-tv6l5.payment,request_count,trace_server_count,0.0
1776461833.63,payment,payment-f9f8d647b-74h8z,cpu_usage,container_cpu_usage,0.011531899048407365
1776461833.63,payment,payment-f9f8d647b-74h8z,memory_usage,container_memory_working_set_bytes,109694976.0
1776461833.63,payment,payment-f9f8d647b-75hmx,cpu_usage,container_cpu_usage,0.014269459278267163
1776461833.63,payment,payment-f9f8d647b-75hmx,memory_usage,container_memory_working_set_bytes,110198784.0
1776461833.63,payment,payment-f9f8d647b-tv6l5,cpu_usage,container_cpu_usage,0.00916989122091926
1776461833.63,payment,payment-f9f8d647b-tv6l5,memory_usage,container_memory_working_set_bytes,99213312.0
1776461833.63,payment,payment::service,pod_restart_count,k8s_container_restarts,39.0
1776461833.63,payment,payment::service,pod_running_count,k8s_container_ready,3.0
1776461833.63,product-catalog,otel-demo.product-catalog-784544475c-7crs7.product-catalog,dependency_error_ratio,trace_client_error_ratio,0.0
1776461833.63,product-catalog,otel-demo.product-catalog-784544475c-7crs7.product-catalog,error_ratio,trace_server_error_ratio,0.0
1776461833.63,product-catalog,otel-demo.product-catalog-784544475c-7crs7.product-catalog,request_count,trace_server_count,0.0
1776461833.63,product-catalog,otel-demo.product-catalog-784544475c-8skc7.product-catalog,dependency_error_ratio,trace_client_error_ratio,0.0
1776461833.63,product-catalog,otel-demo.product-catalog-784544475c-8skc7.product-catalog,error_ratio,trace_server_error_ratio,0.0
1776461833.63,product-catalog,otel-demo.product-catalog-784544475c-8skc7.product-catalog,request_count,trace_server_count,0.0
1776461833.63,product-catalog,otel-demo.product-catalog-784544475c-stwzc.product-catalog,dependency_error_ratio,trace_client_error_ratio,0.0
1776461833.63,product-catalog,otel-demo.product-catalog-784544475c-stwzc.product-catalog,error_ratio,trace_server_error_ratio,0.0
1776461833.63,product-catalog,otel-demo.product-catalog-784544475c-stwzc.product-catalog,request_count,trace_server_count,0.0
1776461833.63,product-catalog,product-catalog-784544475c-7crs7,cpu_usage,container_cpu_usage,0.02190450566795809
1776461833.63,product-catalog,product-catalog-784544475c-7crs7,memory_usage,container_memory_working_set_bytes,15327232.0
1776461833.63,product-catalog,product-catalog-784544475c-8skc7,cpu_usage,container_cpu_usage,0.34575286136927025
1776461833.63,product-catalog,product-catalog-784544475c-8skc7,memory_usage,container_memory_working_set_bytes,16928768.0
1776461833.63,product-catalog,product-catalog-784544475c-stwzc,cpu_usage,container_cpu_usage,0.0015503094669662818
1776461833.63,product-catalog,product-catalog-784544475c-stwzc,memory_usage,container_memory_working_set_bytes,29745152.0
1776461833.63,product-catalog,product-catalog::service,pod_restart_count,k8s_container_restarts,35.0
1776461833.63,product-catalog,product-catalog::service,pod_running_count,k8s_container_ready,3.0
1776461833.63,recommendation,otel-demo.recommendation-5b46f7469c-g2rgb.recommendation,dependency_error_ratio,trace_client_error_ratio,0.0
1776461833.63,recommendation,otel-demo.recommendation-5b46f7469c-rjwxq.recommendation,dependency_error_ratio,trace_client_error_ratio,0.0
1776461833.63,recommendation,otel-demo.recommendation-5b46f7469c-rjwxq.recommendation,error_ratio,trace_server_error_ratio,0.0
1776461833.63,recommendation,otel-demo.recommendation-5b46f7469c-rjwxq.recommendation,request_count,trace_server_count,0.0
1776461833.63,recommendation,otel-demo.recommendation-5b46f7469c-t2fm9.recommendation,dependency_error_ratio,trace_client_error_ratio,0.0
1776461833.63,recommendation,otel-demo.recommendation-5b46f7469c-t2fm9.recommendation,error_ratio,trace_server_error_ratio,0.0
1776461833.63,recommendation,otel-demo.recommendation-5b46f7469c-t2fm9.recommendation,request_count,trace_server_count,0.0
1776461833.63,recommendation,recommendation-5b46f7469c-g2rgb,cpu_usage,container_cpu_usage,0.013080071503422287
1776461833.63,recommendation,recommendation-5b46f7469c-g2rgb,memory_usage,container_memory_working_set_bytes,46886912.0
1776461833.63,recommendation,recommendation-5b46f7469c-rjwxq,cpu_usage,container_cpu_usage,0.048323108096700186
1776461833.63,recommendation,recommendation-5b46f7469c-rjwxq,memory_usage,container_memory_working_set_bytes,47931392.0
1776461833.63,recommendation,recommendation-5b46f7469c-t2fm9,cpu_usage,container_cpu_usage,0.09888070657039247
1776461833.63,recommendation,recommendation-5b46f7469c-t2fm9,memory_usage,container_memory_working_set_bytes,53780480.0
1776461833.63,recommendation,recommendation::service,pod_restart_count,k8s_container_restarts,3.0
1776461833.63,recommendation,recommendation::service,pod_running_count,k8s_container_ready,3.0
1776461843.63,ad,3a8b9295-6ae2-4e8a-b9b0-a607d7fec0a4,dependency_error_ratio,trace_client_error_ratio,0.0
1776461843.63,ad,3a8b9295-6ae2-4e8a-b9b0-a607d7fec0a4,error_ratio,trace_server_error_ratio,0.0
1776461843.63,ad,3a8b9295-6ae2-4e8a-b9b0-a607d7fec0a4,request_count,trace_server_count,0.0
1776461843.63,ad,5680c7ee-584c-4353-b6d2-93bc605a0324,dependency_error_ratio,trace_client_error_ratio,0.0
1776461843.63,ad,5680c7ee-584c-4353-b6d2-93bc605a0324,error_ratio,trace_server_error_ratio,0.0
1776461843.63,ad,5680c7ee-584c-4353-b6d2-93bc605a0324,request_count,trace_server_count,0.0
1776461843.63,ad,9f9a3c1c-bd3f-40ea-8764-b59f1ebd2204,dependency_error_ratio,trace_client_error_ratio,0.0
1776461843.63,ad,ad-7fb5b4f859-52ks9,cpu_usage,container_cpu_usage,0.005209669954935967
1776461843.63,ad,ad-7fb5b4f859-52ks9,memory_usage,container_memory_working_set_bytes,260558848.0
1776461843.63,ad,ad-7fb5b4f859-rd4zw,cpu_usage,container_cpu_usage,0.0013200904171519175
1776461843.63,ad,ad-7fb5b4f859-rd4zw,memory_usage,container_memory_working_set_bytes,238317568.0
1776461843.63,ad,ad-7fb5b4f859-zsstr,cpu_usage,container_cpu_usage,0.003701468058722472
1776461843.63,ad,ad-7fb5b4f859-zsstr,memory_usage,container_memory_working_set_bytes,261812224.0
1776461843.63,ad,ad::service,pod_restart_count,k8s_container_restarts,3.0
1776461843.63,ad,ad::service,pod_running_count,k8s_container_ready,3.0
1776461843.63,cart,cart-7c7496d7f-th7mc,cpu_usage,container_cpu_usage,0.04679983457402789
1776461843.63,cart,cart-7c7496d7f-th7mc,memory_usage,container_memory_working_set_bytes,63528960.0
1776461843.63,cart,cart::service,pod_restart_count,k8s_container_restarts,1.0
1776461843.63,cart,cart::service,pod_running_count,k8s_container_ready,1.0
1776461843.63,cart,f1f3afac-3031-4c18-925a-048232421d89,dependency_error_ratio,trace_client_error_ratio,0.0
1776461843.63,cart,f1f3afac-3031-4c18-925a-048232421d89,error_ratio,trace_server_error_ratio,0.0
1776461843.63,cart,f1f3afac-3031-4c18-925a-048232421d89,request_count,trace_server_count,0.0
1776461843.63,checkout,4755bdbd-5ad9-49fa-acb7-3a7dcb6a9277,dependency_error_ratio,trace_client_error_ratio,0.0
1776461843.63,checkout,4755bdbd-5ad9-49fa-acb7-3a7dcb6a9277,error_ratio,trace_server_error_ratio,0.0
1776461843.63,checkout,4755bdbd-5ad9-49fa-acb7-3a7dcb6a9277,request_count,trace_server_count,0.0
1776461843.63,checkout,bb49e6b9-109a-41b8-be66-ab2a38272474,dependency_error_ratio,trace_client_error_ratio,0.0
1776461843.63,checkout,bb49e6b9-109a-41b8-be66-ab2a38272474,error_ratio,trace_server_error_ratio,0.0
1776461843.63,checkout,bb49e6b9-109a-41b8-be66-ab2a38272474,request_count,trace_server_count,0.0
1776461843.63,checkout,bc5804df-6f63-4261-8788-8ecfe5481366,dependency_error_ratio,trace_client_error_ratio,0.0
1776461843.63,checkout,bc5804df-6f63-4261-8788-8ecfe5481366,error_ratio,trace_server_error_ratio,0.0
1776461843.63,checkout,bc5804df-6f63-4261-8788-8ecfe5481366,request_count,trace_server_count,0.0
1776461843.63,checkout,checkout-7f4ccfc547-6crwh,cpu_usage,container_cpu_usage,0.1218536593253808
1776461843.63,checkout,checkout-7f4ccfc547-6crwh,memory_usage,container_memory_working_set_bytes,15798272.0
1776461843.63,checkout,checkout-7f4ccfc547-ftx2n,cpu_usage,container_cpu_usage,0.0005771904248801064
1776461843.63,checkout,checkout-7f4ccfc547-ftx2n,memory_usage,container_memory_working_set_bytes,12111872.0
1776461843.63,checkout,checkout-7f4ccfc547-qlfgr,cpu_usage,container_cpu_usage,0.055017424877238784
1776461843.63,checkout,checkout-7f4ccfc547-qlfgr,memory_usage,container_memory_working_set_bytes,15462400.0
1776461843.63,checkout,checkout::service,pod_restart_count,k8s_container_restarts,45.0
1776461843.63,checkout,checkout::service,pod_running_count,k8s_container_ready,3.0
1776461843.63,email,email-5dcf48b665-66zvj,cpu_usage,container_cpu_usage,0.0031391930009084454
1776461843.63,email,email-5dcf48b665-66zvj,memory_usage,container_memory_working_set_bytes,59613184.0
1776461843.63,email,email-5dcf48b665-9xxmx,cpu_usage,container_cpu_usage,0.0053430122818355665
1776461843.63,email,email-5dcf48b665-9xxmx,memory_usage,container_memory_working_set_bytes,56160256.0
1776461843.63,email,email-5dcf48b665-n4zf2,cpu_usage,container_cpu_usage,0.008809765242213616
1776461843.63,email,email-5dcf48b665-n4zf2,memory_usage,container_memory_working_set_bytes,54829056.0
1776461843.63,email,email::service,pod_restart_count,k8s_container_restarts,9.0
1776461843.63,email,email::service,pod_running_count,k8s_container_ready,3.0
1776461843.63,email,otel-demo.email-5dcf48b665-66zvj.email,error_ratio,trace_server_error_ratio,0.0
1776461843.63,email,otel-demo.email-5dcf48b665-66zvj.email,request_count,trace_server_count,0.0
1776461843.63,email,otel-demo.email-5dcf48b665-9xxmx.email,error_ratio,trace_server_error_ratio,0.0
1776461843.63,email,otel-demo.email-5dcf48b665-9xxmx.email,request_count,trace_server_count,0.0
1776461843.63,email,otel-demo.email-5dcf48b665-n4zf2.email,error_ratio,trace_server_error_ratio,0.0
1776461843.63,email,otel-demo.email-5dcf48b665-n4zf2.email,request_count,trace_server_count,0.0
1776461843.63,frontend,frontend-b78bf7696-6bjdg,cpu_usage,container_cpu_usage,0.10480695077578828
1776461843.63,frontend,frontend-b78bf7696-6bjdg,memory_usage,container_memory_working_set_bytes,120115200.0
1776461843.63,frontend,frontend-b78bf7696-77ldd,cpu_usage,container_cpu_usage,0.1172584501091254
1776461843.63,frontend,frontend-b78bf7696-77ldd,memory_usage,container_memory_working_set_bytes,104550400.0
1776461843.63,frontend,frontend-b78bf7696-p9kqx,cpu_usage,container_cpu_usage,0.07782404030712839
1776461843.63,frontend,frontend-b78bf7696-p9kqx,memory_usage,container_memory_working_set_bytes,118009856.0
1776461843.63,frontend,frontend::service,pod_restart_count,k8s_container_restarts,3.0
1776461843.63,frontend,frontend::service,pod_running_count,k8s_container_ready,3.0
1776461843.63,frontend,otel-demo.frontend-b78bf7696-6bjdg.frontend,dependency_error_ratio,trace_client_error_ratio,0.0
1776461843.63,frontend,otel-demo.frontend-b78bf7696-6bjdg.frontend,error_ratio,trace_server_error_ratio,0.0
1776461843.63,frontend,otel-demo.frontend-b78bf7696-6bjdg.frontend,http_5xx_ratio,http_server_5xx_ratio,0.0
1776461843.63,frontend,otel-demo.frontend-b78bf7696-6bjdg.frontend,request_count,trace_server_count,0.0
1776461843.63,frontend,otel-demo.frontend-b78bf7696-77ldd.frontend,dependency_error_ratio,trace_client_error_ratio,0.0
1776461843.63,frontend,otel-demo.frontend-b78bf7696-77ldd.frontend,error_ratio,trace_server_error_ratio,0.0
1776461843.63,frontend,otel-demo.frontend-b78bf7696-77ldd.frontend,http_5xx_ratio,http_server_5xx_ratio,0.0
1776461843.63,frontend,otel-demo.frontend-b78bf7696-77ldd.frontend,request_count,trace_server_count,0.0
1776461843.63,frontend,otel-demo.frontend-b78bf7696-p9kqx.frontend,dependency_error_ratio,trace_client_error_ratio,0.0
1776461843.63,frontend,otel-demo.frontend-b78bf7696-p9kqx.frontend,error_ratio,trace_server_error_ratio,0.0
1776461843.63,frontend,otel-demo.frontend-b78bf7696-p9kqx.frontend,http_5xx_ratio,http_server_5xx_ratio,0.0
1776461843.63,frontend,otel-demo.frontend-b78bf7696-p9kqx.frontend,request_count,trace_server_count,0.0
1776461843.63,kafka,kafka-66df8bdf76-zjcbb,cpu_usage,container_cpu_usage,0.01620050747421279
1776461843.63,kafka,kafka-66df8bdf76-zjcbb,memory_usage,container_memory_working_set_bytes,665235456.0
1776461843.63,kafka,kafka::service,pod_restart_count,k8s_container_restarts,9.0
1776461843.63,kafka,kafka::service,pod_running_count,k8s_container_ready,1.0
1776461843.63,kafka,kafka::service,queue_lag,queue_size_ratio,0.0
1776461843.63,payment,otel-demo.payment-f9f8d647b-74h8z.payment,dependency_error_ratio,trace_client_error_ratio,0.0
1776461843.63,payment,otel-demo.payment-f9f8d647b-74h8z.payment,error_ratio,trace_server_error_ratio,0.0
1776461843.63,payment,otel-demo.payment-f9f8d647b-74h8z.payment,request_count,trace_server_count,0.0
1776461843.63,payment,otel-demo.payment-f9f8d647b-75hmx.payment,dependency_error_ratio,trace_client_error_ratio,0.0
1776461843.63,payment,otel-demo.payment-f9f8d647b-75hmx.payment,error_ratio,trace_server_error_ratio,0.0
1776461843.63,payment,otel-demo.payment-f9f8d647b-75hmx.payment,request_count,trace_server_count,0.0
1776461843.63,payment,otel-demo.payment-f9f8d647b-tv6l5.payment,dependency_error_ratio,trace_client_error_ratio,0.0
1776461843.63,payment,otel-demo.payment-f9f8d647b-tv6l5.payment,error_ratio,trace_server_error_ratio,0.0
1776461843.63,payment,otel-demo.payment-f9f8d647b-tv6l5.payment,request_count,trace_server_count,0.0
1776461843.63,payment,payment-f9f8d647b-74h8z,cpu_usage,container_cpu_usage,0.012155121601894966
1776461843.63,payment,payment-f9f8d647b-74h8z,memory_usage,container_memory_working_set_bytes,109699072.0
1776461843.63,payment,payment-f9f8d647b-75hmx,cpu_usage,container_cpu_usage,0.01398680131744627
1776461843.63,payment,payment-f9f8d647b-75hmx,memory_usage,container_memory_working_set_bytes,110194688.0
1776461843.63,payment,payment-f9f8d647b-tv6l5,cpu_usage,container_cpu_usage,0.009216824447766447
1776461843.63,payment,payment-f9f8d647b-tv6l5,memory_usage,container_memory_working_set_bytes,99213312.0
1776461843.63,payment,payment::service,pod_restart_count,k8s_container_restarts,39.0
1776461843.63,payment,payment::service,pod_running_count,k8s_container_ready,3.0
1776461843.63,product-catalog,otel-demo.product-catalog-784544475c-7crs7.product-catalog,dependency_error_ratio,trace_client_error_ratio,0.0
1776461843.63,product-catalog,otel-demo.product-catalog-784544475c-7crs7.product-catalog,error_ratio,trace_server_error_ratio,0.0
1776461843.63,product-catalog,otel-demo.product-catalog-784544475c-7crs7.product-catalog,request_count,trace_server_count,0.0
1776461843.63,product-catalog,otel-demo.product-catalog-784544475c-8skc7.product-catalog,dependency_error_ratio,trace_client_error_ratio,0.0
1776461843.63,product-catalog,otel-demo.product-catalog-784544475c-8skc7.product-catalog,error_ratio,trace_server_error_ratio,0.0
1776461843.63,product-catalog,otel-demo.product-catalog-784544475c-8skc7.product-catalog,request_count,trace_server_count,0.0
1776461843.63,product-catalog,otel-demo.product-catalog-784544475c-stwzc.product-catalog,dependency_error_ratio,trace_client_error_ratio,0.0
1776461843.63,product-catalog,otel-demo.product-catalog-784544475c-stwzc.product-catalog,error_ratio,trace_server_error_ratio,0.0
1776461843.63,product-catalog,otel-demo.product-catalog-784544475c-stwzc.product-catalog,request_count,trace_server_count,0.0
1776461843.63,product-catalog,product-catalog-784544475c-7crs7,cpu_usage,container_cpu_usage,0.025274236545516936
1776461843.63,product-catalog,product-catalog-784544475c-7crs7,memory_usage,container_memory_working_set_bytes,15945728.0
1776461843.63,product-catalog,product-catalog-784544475c-8skc7,cpu_usage,container_cpu_usage,0.32863390031645534
1776461843.63,product-catalog,product-catalog-784544475c-8skc7,memory_usage,container_memory_working_set_bytes,16257024.0
1776461843.63,product-catalog,product-catalog-784544475c-stwzc,cpu_usage,container_cpu_usage,0.0013863249999999999
1776461843.63,product-catalog,product-catalog-784544475c-stwzc,memory_usage,container_memory_working_set_bytes,29745152.0
1776461843.63,product-catalog,product-catalog::service,pod_restart_count,k8s_container_restarts,35.0
1776461843.63,product-catalog,product-catalog::service,pod_running_count,k8s_container_ready,3.0
1776461843.63,recommendation,otel-demo.recommendation-5b46f7469c-g2rgb.recommendation,dependency_error_ratio,trace_client_error_ratio,0.0
1776461843.63,recommendation,otel-demo.recommendation-5b46f7469c-rjwxq.recommendation,dependency_error_ratio,trace_client_error_ratio,0.0
1776461843.63,recommendation,otel-demo.recommendation-5b46f7469c-rjwxq.recommendation,error_ratio,trace_server_error_ratio,0.0
1776461843.63,recommendation,otel-demo.recommendation-5b46f7469c-rjwxq.recommendation,request_count,trace_server_count,0.0
1776461843.63,recommendation,otel-demo.recommendation-5b46f7469c-t2fm9.recommendation,dependency_error_ratio,trace_client_error_ratio,0.0
1776461843.63,recommendation,otel-demo.recommendation-5b46f7469c-t2fm9.recommendation,error_ratio,trace_server_error_ratio,0.0
1776461843.63,recommendation,otel-demo.recommendation-5b46f7469c-t2fm9.recommendation,request_count,trace_server_count,0.0
1776461843.63,recommendation,recommendation-5b46f7469c-g2rgb,cpu_usage,container_cpu_usage,0.009017032009777083
1776461843.63,recommendation,recommendation-5b46f7469c-g2rgb,memory_usage,container_memory_working_set_bytes,46886912.0
1776461843.63,recommendation,recommendation-5b46f7469c-rjwxq,cpu_usage,container_cpu_usage,0.04083057122708095
1776461843.63,recommendation,recommendation-5b46f7469c-rjwxq,memory_usage,container_memory_working_set_bytes,47898624.0
1776461843.63,recommendation,recommendation-5b46f7469c-t2fm9,cpu_usage,container_cpu_usage,0.07560524089189843
1776461843.63,recommendation,recommendation-5b46f7469c-t2fm9,memory_usage,container_memory_working_set_bytes,53784576.0
1776461843.63,recommendation,recommendation::service,pod_restart_count,k8s_container_restarts,3.0
1776461843.63,recommendation,recommendation::service,pod_running_count,k8s_container_ready,3.0
1776461853.63,ad,3a8b9295-6ae2-4e8a-b9b0-a607d7fec0a4,dependency_error_ratio,trace_client_error_ratio,0.0
1776461853.63,ad,3a8b9295-6ae2-4e8a-b9b0-a607d7fec0a4,error_ratio,trace_server_error_ratio,0.0
1776461853.63,ad,3a8b9295-6ae2-4e8a-b9b0-a607d7fec0a4,request_count,trace_server_count,0.0
1776461853.63,ad,5680c7ee-584c-4353-b6d2-93bc605a0324,dependency_error_ratio,trace_client_error_ratio,0.0
1776461853.63,ad,5680c7ee-584c-4353-b6d2-93bc605a0324,error_ratio,trace_server_error_ratio,0.0
1776461853.63,ad,5680c7ee-584c-4353-b6d2-93bc605a0324,request_count,trace_server_count,0.0
1776461853.63,ad,9f9a3c1c-bd3f-40ea-8764-b59f1ebd2204,dependency_error_ratio,trace_client_error_ratio,0.0
1776461853.63,ad,ad-7fb5b4f859-52ks9,cpu_usage,container_cpu_usage,0.004526508799406167
1776461853.63,ad,ad-7fb5b4f859-52ks9,memory_usage,container_memory_working_set_bytes,260558848.0
1776461853.63,ad,ad-7fb5b4f859-rd4zw,cpu_usage,container_cpu_usage,0.0015114097259240386
1776461853.63,ad,ad-7fb5b4f859-rd4zw,memory_usage,container_memory_working_set_bytes,238325760.0
1776461853.63,ad,ad-7fb5b4f859-zsstr,cpu_usage,container_cpu_usage,0.0039801198365120374
1776461853.63,ad,ad-7fb5b4f859-zsstr,memory_usage,container_memory_working_set_bytes,261812224.0
1776461853.63,ad,ad::service,pod_restart_count,k8s_container_restarts,3.0
1776461853.63,ad,ad::service,pod_running_count,k8s_container_ready,3.0
1776461853.63,cart,cart-7c7496d7f-th7mc,cpu_usage,container_cpu_usage,0.05455593892631179
1776461853.63,cart,cart-7c7496d7f-th7mc,memory_usage,container_memory_working_set_bytes,63492096.0
1776461853.63,cart,cart::service,pod_restart_count,k8s_container_restarts,1.0
1776461853.63,cart,cart::service,pod_running_count,k8s_container_ready,1.0
1776461853.63,cart,f1f3afac-3031-4c18-925a-048232421d89,dependency_error_ratio,trace_client_error_ratio,0.0
1776461853.63,cart,f1f3afac-3031-4c18-925a-048232421d89,error_ratio,trace_server_error_ratio,0.0
1776461853.63,cart,f1f3afac-3031-4c18-925a-048232421d89,request_count,trace_server_count,0.0
1776461853.63,checkout,4755bdbd-5ad9-49fa-acb7-3a7dcb6a9277,dependency_error_ratio,trace_client_error_ratio,0.0
1776461853.63,checkout,4755bdbd-5ad9-49fa-acb7-3a7dcb6a9277,error_ratio,trace_server_error_ratio,0.0
1776461853.63,checkout,4755bdbd-5ad9-49fa-acb7-3a7dcb6a9277,request_count,trace_server_count,0.0
1776461853.63,checkout,bb49e6b9-109a-41b8-be66-ab2a38272474,dependency_error_ratio,trace_client_error_ratio,0.0
1776461853.63,checkout,bb49e6b9-109a-41b8-be66-ab2a38272474,error_ratio,trace_server_error_ratio,0.0
1776461853.63,checkout,bb49e6b9-109a-41b8-be66-ab2a38272474,request_count,trace_server_count,0.0
1776461853.63,checkout,bc5804df-6f63-4261-8788-8ecfe5481366,dependency_error_ratio,trace_client_error_ratio,0.0
1776461853.63,checkout,bc5804df-6f63-4261-8788-8ecfe5481366,error_ratio,trace_server_error_ratio,0.0
1776461853.63,checkout,bc5804df-6f63-4261-8788-8ecfe5481366,request_count,trace_server_count,0.0
1776461853.63,checkout,checkout-7f4ccfc547-6crwh,cpu_usage,container_cpu_usage,0.1324560023830815
1776461853.63,checkout,checkout-7f4ccfc547-6crwh,memory_usage,container_memory_working_set_bytes,15888384.0
1776461853.63,checkout,checkout-7f4ccfc547-ftx2n,cpu_usage,container_cpu_usage,0.0005576613793320939
1776461853.63,checkout,checkout-7f4ccfc547-ftx2n,memory_usage,container_memory_working_set_bytes,12111872.0
1776461853.63,checkout,checkout-7f4ccfc547-qlfgr,cpu_usage,container_cpu_usage,0.061303265068301055
1776461853.63,checkout,checkout-7f4ccfc547-qlfgr,memory_usage,container_memory_working_set_bytes,17330176.0
1776461853.63,checkout,checkout::service,pod_restart_count,k8s_container_restarts,45.0
1776461853.63,checkout,checkout::service,pod_running_count,k8s_container_ready,3.0
1776461853.63,email,email-5dcf48b665-66zvj,cpu_usage,container_cpu_usage,0.0026131863336840027
1776461853.63,email,email-5dcf48b665-66zvj,memory_usage,container_memory_working_set_bytes,59613184.0
1776461853.63,email,email-5dcf48b665-9xxmx,cpu_usage,container_cpu_usage,0.005670297645994539
1776461853.63,email,email-5dcf48b665-9xxmx,memory_usage,container_memory_working_set_bytes,56250368.0
1776461853.63,email,email-5dcf48b665-n4zf2,cpu_usage,container_cpu_usage,0.010300025923220803
1776461853.63,email,email-5dcf48b665-n4zf2,memory_usage,container_memory_working_set_bytes,54571008.0
1776461853.63,email,email::service,pod_restart_count,k8s_container_restarts,9.0
1776461853.63,email,email::service,pod_running_count,k8s_container_ready,3.0
1776461853.63,email,otel-demo.email-5dcf48b665-66zvj.email,error_ratio,trace_server_error_ratio,0.0
1776461853.63,email,otel-demo.email-5dcf48b665-66zvj.email,request_count,trace_server_count,0.0
1776461853.63,email,otel-demo.email-5dcf48b665-9xxmx.email,error_ratio,trace_server_error_ratio,0.0
1776461853.63,email,otel-demo.email-5dcf48b665-9xxmx.email,request_count,trace_server_count,0.0
1776461853.63,email,otel-demo.email-5dcf48b665-n4zf2.email,error_ratio,trace_server_error_ratio,0.0
1776461853.63,email,otel-demo.email-5dcf48b665-n4zf2.email,request_count,trace_server_count,0.0
1776461853.63,frontend,frontend-b78bf7696-6bjdg,cpu_usage,container_cpu_usage,0.12536578837512846
1776461853.63,frontend,frontend-b78bf7696-6bjdg,memory_usage,container_memory_working_set_bytes,117305344.0
1776461853.63,frontend,frontend-b78bf7696-77ldd,cpu_usage,container_cpu_usage,0.11443172909129264
1776461853.63,frontend,frontend-b78bf7696-77ldd,memory_usage,container_memory_working_set_bytes,104550400.0
1776461853.63,frontend,frontend-b78bf7696-p9kqx,cpu_usage,container_cpu_usage,0.07782404030712839
1776461853.63,frontend,frontend-b78bf7696-p9kqx,memory_usage,container_memory_working_set_bytes,118009856.0
1776461853.63,frontend,frontend::service,pod_restart_count,k8s_container_restarts,3.0
1776461853.63,frontend,frontend::service,pod_running_count,k8s_container_ready,3.0
1776461853.63,frontend,otel-demo.frontend-b78bf7696-6bjdg.frontend,dependency_error_ratio,trace_client_error_ratio,0.0
1776461853.63,frontend,otel-demo.frontend-b78bf7696-6bjdg.frontend,error_ratio,trace_server_error_ratio,0.0
1776461853.63,frontend,otel-demo.frontend-b78bf7696-6bjdg.frontend,http_5xx_ratio,http_server_5xx_ratio,0.0
1776461853.63,frontend,otel-demo.frontend-b78bf7696-6bjdg.frontend,request_count,trace_server_count,0.0
1776461853.63,frontend,otel-demo.frontend-b78bf7696-77ldd.frontend,dependency_error_ratio,trace_client_error_ratio,0.0
1776461853.63,frontend,otel-demo.frontend-b78bf7696-77ldd.frontend,error_ratio,trace_server_error_ratio,0.0
1776461853.63,frontend,otel-demo.frontend-b78bf7696-77ldd.frontend,http_5xx_ratio,http_server_5xx_ratio,0.0
1776461853.63,frontend,otel-demo.frontend-b78bf7696-77ldd.frontend,request_count,trace_server_count,0.0
1776461853.63,frontend,otel-demo.frontend-b78bf7696-p9kqx.frontend,dependency_error_ratio,trace_client_error_ratio,0.0
1776461853.63,frontend,otel-demo.frontend-b78bf7696-p9kqx.frontend,error_ratio,trace_server_error_ratio,0.0
1776461853.63,frontend,otel-demo.frontend-b78bf7696-p9kqx.frontend,http_5xx_ratio,http_server_5xx_ratio,0.0
1776461853.63,frontend,otel-demo.frontend-b78bf7696-p9kqx.frontend,request_count,trace_server_count,0.0
1776461853.63,kafka,kafka-66df8bdf76-zjcbb,cpu_usage,container_cpu_usage,0.01627818247522704
1776461853.63,kafka,kafka-66df8bdf76-zjcbb,memory_usage,container_memory_working_set_bytes,665272320.0
1776461853.63,kafka,kafka::service,pod_restart_count,k8s_container_restarts,9.0
1776461853.63,kafka,kafka::service,pod_running_count,k8s_container_ready,1.0
1776461853.63,kafka,kafka::service,queue_lag,queue_size_ratio,0.0
1776461853.63,payment,otel-demo.payment-f9f8d647b-74h8z.payment,dependency_error_ratio,trace_client_error_ratio,0.0
1776461853.63,payment,otel-demo.payment-f9f8d647b-74h8z.payment,error_ratio,trace_server_error_ratio,0.0
1776461853.63,payment,otel-demo.payment-f9f8d647b-74h8z.payment,request_count,trace_server_count,0.0
1776461853.63,payment,otel-demo.payment-f9f8d647b-75hmx.payment,dependency_error_ratio,trace_client_error_ratio,0.0
1776461853.63,payment,otel-demo.payment-f9f8d647b-75hmx.payment,error_ratio,trace_server_error_ratio,0.0
1776461853.63,payment,otel-demo.payment-f9f8d647b-75hmx.payment,request_count,trace_server_count,0.0
1776461853.63,payment,otel-demo.payment-f9f8d647b-tv6l5.payment,dependency_error_ratio,trace_client_error_ratio,0.0
1776461853.63,payment,otel-demo.payment-f9f8d647b-tv6l5.payment,error_ratio,trace_server_error_ratio,0.0
1776461853.63,payment,otel-demo.payment-f9f8d647b-tv6l5.payment,request_count,trace_server_count,0.0
1776461853.63,payment,payment-f9f8d647b-74h8z,cpu_usage,container_cpu_usage,0.011439588005017154
1776461853.63,payment,payment-f9f8d647b-74h8z,memory_usage,container_memory_working_set_bytes,109694976.0
1776461853.63,payment,payment-f9f8d647b-75hmx,cpu_usage,container_cpu_usage,0.01398680131744627
1776461853.63,payment,payment-f9f8d647b-75hmx,memory_usage,container_memory_working_set_bytes,110194688.0
1776461853.63,payment,payment-f9f8d647b-tv6l5,cpu_usage,container_cpu_usage,0.009216824447766447
1776461853.63,payment,payment-f9f8d647b-tv6l5,memory_usage,container_memory_working_set_bytes,99213312.0
1776461853.63,payment,payment::service,pod_restart_count,k8s_container_restarts,39.0
1776461853.63,payment,payment::service,pod_running_count,k8s_container_ready,3.0
1776461853.63,product-catalog,otel-demo.product-catalog-784544475c-7crs7.product-catalog,dependency_error_ratio,trace_client_error_ratio,0.0
1776461853.63,product-catalog,otel-demo.product-catalog-784544475c-7crs7.product-catalog,error_ratio,trace_server_error_ratio,0.0
1776461853.63,product-catalog,otel-demo.product-catalog-784544475c-7crs7.product-catalog,request_count,trace_server_count,0.0
1776461853.63,product-catalog,otel-demo.product-catalog-784544475c-8skc7.product-catalog,dependency_error_ratio,trace_client_error_ratio,0.0
1776461853.63,product-catalog,otel-demo.product-catalog-784544475c-8skc7.product-catalog,error_ratio,trace_server_error_ratio,0.0
1776461853.63,product-catalog,otel-demo.product-catalog-784544475c-8skc7.product-catalog,request_count,trace_server_count,0.0
1776461853.63,product-catalog,otel-demo.product-catalog-784544475c-stwzc.product-catalog,dependency_error_ratio,trace_client_error_ratio,0.0
1776461853.63,product-catalog,otel-demo.product-catalog-784544475c-stwzc.product-catalog,error_ratio,trace_server_error_ratio,0.0
1776461853.63,product-catalog,otel-demo.product-catalog-784544475c-stwzc.product-catalog,request_count,trace_server_count,0.0
1776461853.63,product-catalog,product-catalog-784544475c-7crs7,cpu_usage,container_cpu_usage,0.024136790114389586
1776461853.63,product-catalog,product-catalog-784544475c-7crs7,memory_usage,container_memory_working_set_bytes,16117760.0
1776461853.63,product-catalog,product-catalog-784544475c-8skc7,cpu_usage,container_cpu_usage,0.3656080364821894
1776461853.63,product-catalog,product-catalog-784544475c-8skc7,memory_usage,container_memory_working_set_bytes,16519168.0
1776461853.63,product-catalog,product-catalog-784544475c-stwzc,cpu_usage,container_cpu_usage,0.0015300689220235143
1776461853.63,product-catalog,product-catalog-784544475c-stwzc,memory_usage,container_memory_working_set_bytes,30220288.0
1776461853.63,product-catalog,product-catalog::service,pod_restart_count,k8s_container_restarts,35.0
1776461853.63,product-catalog,product-catalog::service,pod_running_count,k8s_container_ready,3.0
1776461853.63,recommendation,otel-demo.recommendation-5b46f7469c-g2rgb.recommendation,dependency_error_ratio,trace_client_error_ratio,0.0
1776461853.63,recommendation,otel-demo.recommendation-5b46f7469c-rjwxq.recommendation,dependency_error_ratio,trace_client_error_ratio,0.0
1776461853.63,recommendation,otel-demo.recommendation-5b46f7469c-rjwxq.recommendation,error_ratio,trace_server_error_ratio,0.0
1776461853.63,recommendation,otel-demo.recommendation-5b46f7469c-rjwxq.recommendation,request_count,trace_server_count,0.0
1776461853.63,recommendation,otel-demo.recommendation-5b46f7469c-t2fm9.recommendation,dependency_error_ratio,trace_client_error_ratio,0.0
1776461853.63,recommendation,otel-demo.recommendation-5b46f7469c-t2fm9.recommendation,error_ratio,trace_server_error_ratio,0.0
1776461853.63,recommendation,otel-demo.recommendation-5b46f7469c-t2fm9.recommendation,request_count,trace_server_count,0.0
1776461853.63,recommendation,recommendation-5b46f7469c-g2rgb,cpu_usage,container_cpu_usage,0.00981102135855511
1776461853.63,recommendation,recommendation-5b46f7469c-g2rgb,memory_usage,container_memory_working_set_bytes,46891008.0
1776461853.63,recommendation,recommendation-5b46f7469c-rjwxq,cpu_usage,container_cpu_usage,0.028485331577894558
1776461853.63,recommendation,recommendation-5b46f7469c-rjwxq,memory_usage,container_memory_working_set_bytes,47898624.0
1776461853.63,recommendation,recommendation-5b46f7469c-t2fm9,cpu_usage,container_cpu_usage,0.0703604301160456
1776461853.63,recommendation,recommendation-5b46f7469c-t2fm9,memory_usage,container_memory_working_set_bytes,52752384.0
1776461853.63,recommendation,recommendation::service,pod_restart_count,k8s_container_restarts,3.0
1776461853.63,recommendation,recommendation::service,pod_running_count,k8s_container_ready,3.0
1776461863.63,ad,3a8b9295-6ae2-4e8a-b9b0-a607d7fec0a4,dependency_error_ratio,trace_client_error_ratio,0.0
1776461863.63,ad,3a8b9295-6ae2-4e8a-b9b0-a607d7fec0a4,error_ratio,trace_server_error_ratio,0.0
1776461863.63,ad,3a8b9295-6ae2-4e8a-b9b0-a607d7fec0a4,request_count,trace_server_count,0.0
1776461863.63,ad,5680c7ee-584c-4353-b6d2-93bc605a0324,dependency_error_ratio,trace_client_error_ratio,0.0
1776461863.63,ad,5680c7ee-584c-4353-b6d2-93bc605a0324,error_ratio,trace_server_error_ratio,0.0
1776461863.63,ad,5680c7ee-584c-4353-b6d2-93bc605a0324,request_count,trace_server_count,0.0
1776461863.63,ad,9f9a3c1c-bd3f-40ea-8764-b59f1ebd2204,dependency_error_ratio,trace_client_error_ratio,0.0
1776461863.63,ad,ad-7fb5b4f859-52ks9,cpu_usage,container_cpu_usage,0.0024991842917899574
1776461863.63,ad,ad-7fb5b4f859-52ks9,memory_usage,container_memory_working_set_bytes,260558848.0
1776461863.63,ad,ad-7fb5b4f859-rd4zw,cpu_usage,container_cpu_usage,0.001484419083855996
1776461863.63,ad,ad-7fb5b4f859-rd4zw,memory_usage,container_memory_working_set_bytes,238325760.0
1776461863.63,ad,ad-7fb5b4f859-zsstr,cpu_usage,container_cpu_usage,0.0038267101343315616
1776461863.63,ad,ad-7fb5b4f859-zsstr,memory_usage,container_memory_working_set_bytes,261812224.0
1776461863.63,ad,ad::service,pod_restart_count,k8s_container_restarts,3.0
1776461863.63,ad,ad::service,pod_running_count,k8s_container_ready,3.0
1776461863.63,cart,cart-7c7496d7f-th7mc,cpu_usage,container_cpu_usage,0.05188840914166305
1776461863.63,cart,cart-7c7496d7f-th7mc,memory_usage,container_memory_working_set_bytes,63406080.0
1776461863.63,cart,cart::service,pod_restart_count,k8s_container_restarts,1.0
1776461863.63,cart,cart::service,pod_running_count,k8s_container_ready,1.0
1776461863.63,cart,f1f3afac-3031-4c18-925a-048232421d89,dependency_error_ratio,trace_client_error_ratio,0.0
1776461863.63,cart,f1f3afac-3031-4c18-925a-048232421d89,error_ratio,trace_server_error_ratio,0.0
1776461863.63,cart,f1f3afac-3031-4c18-925a-048232421d89,request_count,trace_server_count,0.0
1776461863.63,checkout,4755bdbd-5ad9-49fa-acb7-3a7dcb6a9277,dependency_error_ratio,trace_client_error_ratio,0.0
1776461863.63,checkout,4755bdbd-5ad9-49fa-acb7-3a7dcb6a9277,error_ratio,trace_server_error_ratio,0.0
1776461863.63,checkout,4755bdbd-5ad9-49fa-acb7-3a7dcb6a9277,request_count,trace_server_count,0.0
1776461863.63,checkout,bb49e6b9-109a-41b8-be66-ab2a38272474,dependency_error_ratio,trace_client_error_ratio,0.0
1776461863.63,checkout,bb49e6b9-109a-41b8-be66-ab2a38272474,error_ratio,trace_server_error_ratio,0.0
1776461863.63,checkout,bb49e6b9-109a-41b8-be66-ab2a38272474,request_count,trace_server_count,0.0
1776461863.63,checkout,bc5804df-6f63-4261-8788-8ecfe5481366,dependency_error_ratio,trace_client_error_ratio,0.0
1776461863.63,checkout,bc5804df-6f63-4261-8788-8ecfe5481366,error_ratio,trace_server_error_ratio,0.0
1776461863.63,checkout,bc5804df-6f63-4261-8788-8ecfe5481366,request_count,trace_server_count,0.0
1776461863.63,checkout,checkout-7f4ccfc547-6crwh,cpu_usage,container_cpu_usage,0.13111430078949443
1776461863.63,checkout,checkout-7f4ccfc547-6crwh,memory_usage,container_memory_working_set_bytes,15904768.0
1776461863.63,checkout,checkout-7f4ccfc547-ftx2n,cpu_usage,container_cpu_usage,0.0005397190400535186
1776461863.63,checkout,checkout-7f4ccfc547-ftx2n,memory_usage,container_memory_working_set_bytes,12111872.0
1776461863.63,checkout,checkout-7f4ccfc547-qlfgr,cpu_usage,container_cpu_usage,0.061303265068301055
1776461863.63,checkout,checkout-7f4ccfc547-qlfgr,memory_usage,container_memory_working_set_bytes,17330176.0
1776461863.63,checkout,checkout::service,pod_restart_count,k8s_container_restarts,45.0
1776461863.63,checkout,checkout::service,pod_running_count,k8s_container_ready,3.0
1776461863.63,email,email-5dcf48b665-66zvj,cpu_usage,container_cpu_usage,0.0020586548054536725
1776461863.63,email,email-5dcf48b665-66zvj,memory_usage,container_memory_working_set_bytes,59781120.0
1776461863.63,email,email-5dcf48b665-9xxmx,cpu_usage,container_cpu_usage,0.005923393045311113
1776461863.63,email,email-5dcf48b665-9xxmx,memory_usage,container_memory_working_set_bytes,56545280.0
1776461863.63,email,email-5dcf48b665-n4zf2,cpu_usage,container_cpu_usage,0.008713678875129199
1776461863.63,email,email-5dcf48b665-n4zf2,memory_usage,container_memory_working_set_bytes,54571008.0
1776461863.63,email,email::service,pod_restart_count,k8s_container_restarts,9.0
1776461863.63,email,email::service,pod_running_count,k8s_container_ready,3.0
1776461863.63,email,otel-demo.email-5dcf48b665-66zvj.email,error_ratio,trace_server_error_ratio,0.0
1776461863.63,email,otel-demo.email-5dcf48b665-66zvj.email,request_count,trace_server_count,0.0
1776461863.63,email,otel-demo.email-5dcf48b665-9xxmx.email,error_ratio,trace_server_error_ratio,0.0
1776461863.63,email,otel-demo.email-5dcf48b665-9xxmx.email,request_count,trace_server_count,0.0
1776461863.63,email,otel-demo.email-5dcf48b665-n4zf2.email,error_ratio,trace_server_error_ratio,0.0
1776461863.63,email,otel-demo.email-5dcf48b665-n4zf2.email,request_count,trace_server_count,0.0
1776461863.63,frontend,frontend-b78bf7696-6bjdg,cpu_usage,container_cpu_usage,0.10429214758757041
1776461863.63,frontend,frontend-b78bf7696-6bjdg,memory_usage,container_memory_working_set_bytes,117305344.0
1776461863.63,frontend,frontend-b78bf7696-77ldd,cpu_usage,container_cpu_usage,0.07819506548487565
1776461863.63,frontend,frontend-b78bf7696-77ldd,memory_usage,container_memory_working_set_bytes,106135552.0
1776461863.63,frontend,frontend-b78bf7696-p9kqx,cpu_usage,container_cpu_usage,0.06253658583864341
1776461863.63,frontend,frontend-b78bf7696-p9kqx,memory_usage,container_memory_working_set_bytes,117604352.0
1776461863.63,frontend,frontend::service,pod_restart_count,k8s_container_restarts,3.0
1776461863.63,frontend,frontend::service,pod_running_count,k8s_container_ready,3.0
1776461863.63,frontend,otel-demo.frontend-b78bf7696-6bjdg.frontend,dependency_error_ratio,trace_client_error_ratio,0.0
1776461863.63,frontend,otel-demo.frontend-b78bf7696-6bjdg.frontend,error_ratio,trace_server_error_ratio,0.0
1776461863.63,frontend,otel-demo.frontend-b78bf7696-6bjdg.frontend,http_5xx_ratio,http_server_5xx_ratio,0.0
1776461863.63,frontend,otel-demo.frontend-b78bf7696-6bjdg.frontend,request_count,trace_server_count,0.0
1776461863.63,frontend,otel-demo.frontend-b78bf7696-77ldd.frontend,dependency_error_ratio,trace_client_error_ratio,0.0
1776461863.63,frontend,otel-demo.frontend-b78bf7696-77ldd.frontend,error_ratio,trace_server_error_ratio,0.0
1776461863.63,frontend,otel-demo.frontend-b78bf7696-77ldd.frontend,http_5xx_ratio,http_server_5xx_ratio,0.0
1776461863.63,frontend,otel-demo.frontend-b78bf7696-77ldd.frontend,request_count,trace_server_count,0.0
1776461863.63,frontend,otel-demo.frontend-b78bf7696-p9kqx.frontend,dependency_error_ratio,trace_client_error_ratio,0.0
1776461863.63,frontend,otel-demo.frontend-b78bf7696-p9kqx.frontend,error_ratio,trace_server_error_ratio,0.0
1776461863.63,frontend,otel-demo.frontend-b78bf7696-p9kqx.frontend,http_5xx_ratio,http_server_5xx_ratio,0.0
1776461863.63,frontend,otel-demo.frontend-b78bf7696-p9kqx.frontend,request_count,trace_server_count,0.0
1776461863.63,kafka,kafka-66df8bdf76-zjcbb,cpu_usage,container_cpu_usage,0.015930130240960485
1776461863.63,kafka,kafka-66df8bdf76-zjcbb,memory_usage,container_memory_working_set_bytes,665272320.0
1776461863.63,kafka,kafka::service,pod_restart_count,k8s_container_restarts,9.0
1776461863.63,kafka,kafka::service,pod_running_count,k8s_container_ready,1.0
1776461863.63,kafka,kafka::service,queue_lag,queue_size_ratio,0.0
1776461863.63,payment,otel-demo.payment-f9f8d647b-74h8z.payment,dependency_error_ratio,trace_client_error_ratio,0.0
1776461863.63,payment,otel-demo.payment-f9f8d647b-74h8z.payment,error_ratio,trace_server_error_ratio,0.0
1776461863.63,payment,otel-demo.payment-f9f8d647b-74h8z.payment,request_count,trace_server_count,0.0
1776461863.63,payment,otel-demo.payment-f9f8d647b-75hmx.payment,dependency_error_ratio,trace_client_error_ratio,0.0
1776461863.63,payment,otel-demo.payment-f9f8d647b-75hmx.payment,error_ratio,trace_server_error_ratio,0.0
1776461863.63,payment,otel-demo.payment-f9f8d647b-75hmx.payment,request_count,trace_server_count,0.0
1776461863.63,payment,otel-demo.payment-f9f8d647b-tv6l5.payment,dependency_error_ratio,trace_client_error_ratio,0.0
1776461863.63,payment,otel-demo.payment-f9f8d647b-tv6l5.payment,error_ratio,trace_server_error_ratio,0.0
1776461863.63,payment,otel-demo.payment-f9f8d647b-tv6l5.payment,request_count,trace_server_count,0.0
1776461863.63,payment,payment-f9f8d647b-74h8z,cpu_usage,container_cpu_usage,0.010406587457617461
1776461863.63,payment,payment-f9f8d647b-74h8z,memory_usage,container_memory_working_set_bytes,109694976.0
1776461863.63,payment,payment-f9f8d647b-75hmx,cpu_usage,container_cpu_usage,0.012535085465863328
1776461863.63,payment,payment-f9f8d647b-75hmx,memory_usage,container_memory_working_set_bytes,110194688.0
1776461863.63,payment,payment-f9f8d647b-tv6l5,cpu_usage,container_cpu_usage,0.008197799803943
1776461863.63,payment,payment-f9f8d647b-tv6l5,memory_usage,container_memory_working_set_bytes,99213312.0
1776461863.63,payment,payment::service,pod_restart_count,k8s_container_restarts,39.0
1776461863.63,payment,payment::service,pod_running_count,k8s_container_ready,3.0
1776461863.63,product-catalog,otel-demo.product-catalog-784544475c-7crs7.product-catalog,dependency_error_ratio,trace_client_error_ratio,0.0
1776461863.63,product-catalog,otel-demo.product-catalog-784544475c-7crs7.product-catalog,error_ratio,trace_server_error_ratio,0.0
1776461863.63,product-catalog,otel-demo.product-catalog-784544475c-7crs7.product-catalog,request_count,trace_server_count,0.0
1776461863.63,product-catalog,otel-demo.product-catalog-784544475c-8skc7.product-catalog,dependency_error_ratio,trace_client_error_ratio,0.0
1776461863.63,product-catalog,otel-demo.product-catalog-784544475c-8skc7.product-catalog,error_ratio,trace_server_error_ratio,0.0
1776461863.63,product-catalog,otel-demo.product-catalog-784544475c-8skc7.product-catalog,request_count,trace_server_count,0.0
1776461863.63,product-catalog,otel-demo.product-catalog-784544475c-stwzc.product-catalog,dependency_error_ratio,trace_client_error_ratio,0.0
1776461863.63,product-catalog,otel-demo.product-catalog-784544475c-stwzc.product-catalog,error_ratio,trace_server_error_ratio,0.0
1776461863.63,product-catalog,otel-demo.product-catalog-784544475c-stwzc.product-catalog,request_count,trace_server_count,0.0
1776461863.63,product-catalog,product-catalog-784544475c-7crs7,cpu_usage,container_cpu_usage,0.023121299473804625
1776461863.63,product-catalog,product-catalog-784544475c-7crs7,memory_usage,container_memory_working_set_bytes,16117760.0
1776461863.63,product-catalog,product-catalog-784544475c-8skc7,cpu_usage,container_cpu_usage,0.3709226286350219
1776461863.63,product-catalog,product-catalog-784544475c-8skc7,memory_usage,container_memory_working_set_bytes,16519168.0
1776461863.63,product-catalog,product-catalog-784544475c-stwzc,cpu_usage,container_cpu_usage,0.0006976912130158663
1776461863.63,product-catalog,product-catalog-784544475c-stwzc,memory_usage,container_memory_working_set_bytes,30199808.0
1776461863.63,product-catalog,product-catalog::service,pod_restart_count,k8s_container_restarts,35.0
1776461863.63,product-catalog,product-catalog::service,pod_running_count,k8s_container_ready,3.0
1776461863.63,recommendation,otel-demo.recommendation-5b46f7469c-g2rgb.recommendation,dependency_error_ratio,trace_client_error_ratio,0.0
1776461863.63,recommendation,otel-demo.recommendation-5b46f7469c-rjwxq.recommendation,dependency_error_ratio,trace_client_error_ratio,0.0
1776461863.63,recommendation,otel-demo.recommendation-5b46f7469c-rjwxq.recommendation,error_ratio,trace_server_error_ratio,0.0
1776461863.63,recommendation,otel-demo.recommendation-5b46f7469c-rjwxq.recommendation,request_count,trace_server_count,0.0
1776461863.63,recommendation,otel-demo.recommendation-5b46f7469c-t2fm9.recommendation,dependency_error_ratio,trace_client_error_ratio,0.0
1776461863.63,recommendation,otel-demo.recommendation-5b46f7469c-t2fm9.recommendation,error_ratio,trace_server_error_ratio,0.0
1776461863.63,recommendation,otel-demo.recommendation-5b46f7469c-t2fm9.recommendation,request_count,trace_server_count,0.0
1776461863.63,recommendation,recommendation-5b46f7469c-g2rgb,cpu_usage,container_cpu_usage,0.014064243123678502
1776461863.63,recommendation,recommendation-5b46f7469c-g2rgb,memory_usage,container_memory_working_set_bytes,46891008.0
1776461863.63,recommendation,recommendation-5b46f7469c-rjwxq,cpu_usage,container_cpu_usage,0.027698460323726016
1776461863.63,recommendation,recommendation-5b46f7469c-rjwxq,memory_usage,container_memory_working_set_bytes,47923200.0
1776461863.63,recommendation,recommendation-5b46f7469c-t2fm9,cpu_usage,container_cpu_usage,0.06176016717569276
1776461863.63,recommendation,recommendation-5b46f7469c-t2fm9,memory_usage,container_memory_working_set_bytes,52752384.0
1776461863.63,recommendation,recommendation::service,pod_restart_count,k8s_container_restarts,3.0
1776461863.63,recommendation,recommendation::service,pod_running_count,k8s_container_ready,3.0
1776461873.63,ad,3a8b9295-6ae2-4e8a-b9b0-a607d7fec0a4,dependency_error_ratio,trace_client_error_ratio,0.0
1776461873.63,ad,3a8b9295-6ae2-4e8a-b9b0-a607d7fec0a4,error_ratio,trace_server_error_ratio,0.0
1776461873.63,ad,3a8b9295-6ae2-4e8a-b9b0-a607d7fec0a4,request_count,trace_server_count,0.0
1776461873.63,ad,5680c7ee-584c-4353-b6d2-93bc605a0324,dependency_error_ratio,trace_client_error_ratio,0.0
1776461873.63,ad,5680c7ee-584c-4353-b6d2-93bc605a0324,error_ratio,trace_server_error_ratio,0.0
1776461873.63,ad,5680c7ee-584c-4353-b6d2-93bc605a0324,request_count,trace_server_count,0.0
1776461873.63,ad,9f9a3c1c-bd3f-40ea-8764-b59f1ebd2204,dependency_error_ratio,trace_client_error_ratio,0.0
1776461873.63,ad,ad-7fb5b4f859-52ks9,cpu_usage,container_cpu_usage,0.001985622746362886
1776461873.63,ad,ad-7fb5b4f859-52ks9,memory_usage,container_memory_working_set_bytes,260558848.0
1776461873.63,ad,ad-7fb5b4f859-rd4zw,cpu_usage,container_cpu_usage,0.0013385479671156341
1776461873.63,ad,ad-7fb5b4f859-rd4zw,memory_usage,container_memory_working_set_bytes,238325760.0
1776461873.63,ad,ad-7fb5b4f859-zsstr,cpu_usage,container_cpu_usage,0.0037451859776148
1776461873.63,ad,ad-7fb5b4f859-zsstr,memory_usage,container_memory_working_set_bytes,261935104.0
1776461873.63,ad,ad::service,pod_restart_count,k8s_container_restarts,3.0
1776461873.63,ad,ad::service,pod_running_count,k8s_container_ready,3.0
1776461873.63,cart,cart-7c7496d7f-th7mc,cpu_usage,container_cpu_usage,0.052712593753501596
1776461873.63,cart,cart-7c7496d7f-th7mc,memory_usage,container_memory_working_set_bytes,63344640.0
1776461873.63,cart,cart::service,pod_restart_count,k8s_container_restarts,1.0
1776461873.63,cart,cart::service,pod_running_count,k8s_container_ready,1.0
1776461873.63,cart,f1f3afac-3031-4c18-925a-048232421d89,dependency_error_ratio,trace_client_error_ratio,0.0
1776461873.63,cart,f1f3afac-3031-4c18-925a-048232421d89,error_ratio,trace_server_error_ratio,0.0
1776461873.63,cart,f1f3afac-3031-4c18-925a-048232421d89,request_count,trace_server_count,0.0
1776461873.63,checkout,4755bdbd-5ad9-49fa-acb7-3a7dcb6a9277,dependency_error_ratio,trace_client_error_ratio,0.0
1776461873.63,checkout,4755bdbd-5ad9-49fa-acb7-3a7dcb6a9277,error_ratio,trace_server_error_ratio,0.0
1776461873.63,checkout,4755bdbd-5ad9-49fa-acb7-3a7dcb6a9277,request_count,trace_server_count,0.0
1776461873.63,checkout,bb49e6b9-109a-41b8-be66-ab2a38272474,dependency_error_ratio,trace_client_error_ratio,0.0
1776461873.63,checkout,bb49e6b9-109a-41b8-be66-ab2a38272474,error_ratio,trace_server_error_ratio,0.0
1776461873.63,checkout,bb49e6b9-109a-41b8-be66-ab2a38272474,request_count,trace_server_count,0.0
1776461873.63,checkout,bc5804df-6f63-4261-8788-8ecfe5481366,dependency_error_ratio,trace_client_error_ratio,0.0
1776461873.63,checkout,bc5804df-6f63-4261-8788-8ecfe5481366,error_ratio,trace_server_error_ratio,0.0
1776461873.63,checkout,bc5804df-6f63-4261-8788-8ecfe5481366,request_count,trace_server_count,0.0
1776461873.63,checkout,checkout-7f4ccfc547-6crwh,cpu_usage,container_cpu_usage,0.13506798112979168
1776461873.63,checkout,checkout-7f4ccfc547-6crwh,memory_usage,container_memory_working_set_bytes,15904768.0
1776461873.63,checkout,checkout-7f4ccfc547-ftx2n,cpu_usage,container_cpu_usage,0.0004828942967873926
1776461873.63,checkout,checkout-7f4ccfc547-ftx2n,memory_usage,container_memory_working_set_bytes,12111872.0
1776461873.63,checkout,checkout-7f4ccfc547-qlfgr,cpu_usage,container_cpu_usage,0.04796136949227923
1776461873.63,checkout,checkout-7f4ccfc547-qlfgr,memory_usage,container_memory_working_set_bytes,14639104.0
1776461873.63,checkout,checkout::service,pod_restart_count,k8s_container_restarts,45.0
1776461873.63,checkout,checkout::service,pod_running_count,k8s_container_ready,3.0
1776461873.63,email,email-5dcf48b665-66zvj,cpu_usage,container_cpu_usage,0.0013697187498649343
1776461873.63,email,email-5dcf48b665-66zvj,memory_usage,container_memory_working_set_bytes,59781120.0
1776461873.63,email,email-5dcf48b665-9xxmx,cpu_usage,container_cpu_usage,0.005210066061330244
1776461873.63,email,email-5dcf48b665-9xxmx,memory_usage,container_memory_working_set_bytes,56545280.0
1776461873.63,email,email-5dcf48b665-n4zf2,cpu_usage,container_cpu_usage,0.00876082357303347
1776461873.63,email,email-5dcf48b665-n4zf2,memory_usage,container_memory_working_set_bytes,54714368.0
1776461873.63,email,email::service,pod_restart_count,k8s_container_restarts,9.0
1776461873.63,email,email::service,pod_running_count,k8s_container_ready,3.0
1776461873.63,email,otel-demo.email-5dcf48b665-66zvj.email,error_ratio,trace_server_error_ratio,0.0
1776461873.63,email,otel-demo.email-5dcf48b665-66zvj.email,request_count,trace_server_count,0.0
1776461873.63,email,otel-demo.email-5dcf48b665-9xxmx.email,error_ratio,trace_server_error_ratio,0.0
1776461873.63,email,otel-demo.email-5dcf48b665-9xxmx.email,request_count,trace_server_count,0.0
1776461873.63,email,otel-demo.email-5dcf48b665-n4zf2.email,error_ratio,trace_server_error_ratio,0.0
1776461873.63,email,otel-demo.email-5dcf48b665-n4zf2.email,request_count,trace_server_count,0.0
1776461873.63,frontend,frontend-b78bf7696-6bjdg,cpu_usage,container_cpu_usage,0.13696677638798224
1776461873.63,frontend,frontend-b78bf7696-6bjdg,memory_usage,container_memory_working_set_bytes,119336960.0
1776461873.63,frontend,frontend-b78bf7696-77ldd,cpu_usage,container_cpu_usage,0.07819506548487565
1776461873.63,frontend,frontend-b78bf7696-77ldd,memory_usage,container_memory_working_set_bytes,106135552.0
1776461873.63,frontend,frontend-b78bf7696-p9kqx,cpu_usage,container_cpu_usage,0.0590942704772552
1776461873.63,frontend,frontend-b78bf7696-p9kqx,memory_usage,container_memory_working_set_bytes,117604352.0
1776461873.63,frontend,frontend::service,pod_restart_count,k8s_container_restarts,3.0
1776461873.63,frontend,frontend::service,pod_running_count,k8s_container_ready,3.0
1776461873.63,frontend,otel-demo.frontend-b78bf7696-6bjdg.frontend,dependency_error_ratio,trace_client_error_ratio,0.0
1776461873.63,frontend,otel-demo.frontend-b78bf7696-6bjdg.frontend,error_ratio,trace_server_error_ratio,0.0
1776461873.63,frontend,otel-demo.frontend-b78bf7696-6bjdg.frontend,http_5xx_ratio,http_server_5xx_ratio,0.0
1776461873.63,frontend,otel-demo.frontend-b78bf7696-6bjdg.frontend,request_count,trace_server_count,0.0
1776461873.63,frontend,otel-demo.frontend-b78bf7696-77ldd.frontend,dependency_error_ratio,trace_client_error_ratio,0.0
1776461873.63,frontend,otel-demo.frontend-b78bf7696-77ldd.frontend,error_ratio,trace_server_error_ratio,0.0
1776461873.63,frontend,otel-demo.frontend-b78bf7696-77ldd.frontend,http_5xx_ratio,http_server_5xx_ratio,0.0
1776461873.63,frontend,otel-demo.frontend-b78bf7696-77ldd.frontend,request_count,trace_server_count,0.0
1776461873.63,frontend,otel-demo.frontend-b78bf7696-p9kqx.frontend,dependency_error_ratio,trace_client_error_ratio,0.0
1776461873.63,frontend,otel-demo.frontend-b78bf7696-p9kqx.frontend,error_ratio,trace_server_error_ratio,0.0
1776461873.63,frontend,otel-demo.frontend-b78bf7696-p9kqx.frontend,http_5xx_ratio,http_server_5xx_ratio,0.0
1776461873.63,frontend,otel-demo.frontend-b78bf7696-p9kqx.frontend,request_count,trace_server_count,0.0
1776461873.63,kafka,kafka-66df8bdf76-zjcbb,cpu_usage,container_cpu_usage,0.014636094890511769
1776461873.63,kafka,kafka-66df8bdf76-zjcbb,memory_usage,container_memory_working_set_bytes,665309184.0
1776461873.63,kafka,kafka::service,pod_restart_count,k8s_container_restarts,9.0
1776461873.63,kafka,kafka::service,pod_running_count,k8s_container_ready,1.0
1776461873.63,kafka,kafka::service,queue_lag,queue_size_ratio,0.0
1776461873.63,payment,otel-demo.payment-f9f8d647b-74h8z.payment,dependency_error_ratio,trace_client_error_ratio,0.0
1776461873.63,payment,otel-demo.payment-f9f8d647b-74h8z.payment,error_ratio,trace_server_error_ratio,0.0
1776461873.63,payment,otel-demo.payment-f9f8d647b-74h8z.payment,request_count,trace_server_count,0.0
1776461873.63,payment,otel-demo.payment-f9f8d647b-75hmx.payment,dependency_error_ratio,trace_client_error_ratio,0.0
1776461873.63,payment,otel-demo.payment-f9f8d647b-75hmx.payment,error_ratio,trace_server_error_ratio,0.0
1776461873.63,payment,otel-demo.payment-f9f8d647b-75hmx.payment,request_count,trace_server_count,0.0
1776461873.63,payment,otel-demo.payment-f9f8d647b-tv6l5.payment,dependency_error_ratio,trace_client_error_ratio,0.0
1776461873.63,payment,otel-demo.payment-f9f8d647b-tv6l5.payment,error_ratio,trace_server_error_ratio,0.0
1776461873.63,payment,otel-demo.payment-f9f8d647b-tv6l5.payment,request_count,trace_server_count,0.0
1776461873.63,payment,payment-f9f8d647b-74h8z,cpu_usage,container_cpu_usage,0.009952854445743056
1776461873.63,payment,payment-f9f8d647b-74h8z,memory_usage,container_memory_working_set_bytes,109699072.0
1776461873.63,payment,payment-f9f8d647b-75hmx,cpu_usage,container_cpu_usage,0.011480767783214505
1776461873.63,payment,payment-f9f8d647b-75hmx,memory_usage,container_memory_working_set_bytes,110194688.0
1776461873.63,payment,payment-f9f8d647b-tv6l5,cpu_usage,container_cpu_usage,0.008197799803943
1776461873.63,payment,payment-f9f8d647b-tv6l5,memory_usage,container_memory_working_set_bytes,99213312.0
1776461873.63,payment,payment::service,pod_restart_count,k8s_container_restarts,39.0
1776461873.63,payment,payment::service,pod_running_count,k8s_container_ready,3.0
1776461873.63,product-catalog,otel-demo.product-catalog-784544475c-7crs7.product-catalog,dependency_error_ratio,trace_client_error_ratio,0.0
1776461873.63,product-catalog,otel-demo.product-catalog-784544475c-7crs7.product-catalog,error_ratio,trace_server_error_ratio,0.0
1776461873.63,product-catalog,otel-demo.product-catalog-784544475c-7crs7.product-catalog,request_count,trace_server_count,0.0
1776461873.63,product-catalog,otel-demo.product-catalog-784544475c-8skc7.product-catalog,dependency_error_ratio,trace_client_error_ratio,0.0
1776461873.63,product-catalog,otel-demo.product-catalog-784544475c-8skc7.product-catalog,error_ratio,trace_server_error_ratio,0.0
1776461873.63,product-catalog,otel-demo.product-catalog-784544475c-8skc7.product-catalog,request_count,trace_server_count,0.0
1776461873.63,product-catalog,otel-demo.product-catalog-784544475c-stwzc.product-catalog,dependency_error_ratio,trace_client_error_ratio,0.0
1776461873.63,product-catalog,otel-demo.product-catalog-784544475c-stwzc.product-catalog,error_ratio,trace_server_error_ratio,0.0
1776461873.63,product-catalog,otel-demo.product-catalog-784544475c-stwzc.product-catalog,request_count,trace_server_count,0.0
1776461873.63,product-catalog,product-catalog-784544475c-7crs7,cpu_usage,container_cpu_usage,0.021698011945036136
1776461873.63,product-catalog,product-catalog-784544475c-7crs7,memory_usage,container_memory_working_set_bytes,15364096.0
1776461873.63,product-catalog,product-catalog-784544475c-8skc7,cpu_usage,container_cpu_usage,0.3498253573522605
1776461873.63,product-catalog,product-catalog-784544475c-8skc7,memory_usage,container_memory_working_set_bytes,15495168.0
1776461873.63,product-catalog,product-catalog-784544475c-stwzc,cpu_usage,container_cpu_usage,0.000554902179365699
1776461873.63,product-catalog,product-catalog-784544475c-stwzc,memory_usage,container_memory_working_set_bytes,30199808.0
1776461873.63,product-catalog,product-catalog::service,pod_restart_count,k8s_container_restarts,37.0
1776461873.63,product-catalog,product-catalog::service,pod_running_count,k8s_container_ready,3.0
1776461873.63,recommendation,otel-demo.recommendation-5b46f7469c-g2rgb.recommendation,dependency_error_ratio,trace_client_error_ratio,0.0
1776461873.63,recommendation,otel-demo.recommendation-5b46f7469c-rjwxq.recommendation,dependency_error_ratio,trace_client_error_ratio,0.0
1776461873.63,recommendation,otel-demo.recommendation-5b46f7469c-rjwxq.recommendation,error_ratio,trace_server_error_ratio,0.0
1776461873.63,recommendation,otel-demo.recommendation-5b46f7469c-rjwxq.recommendation,request_count,trace_server_count,0.0
1776461873.63,recommendation,otel-demo.recommendation-5b46f7469c-t2fm9.recommendation,dependency_error_ratio,trace_client_error_ratio,0.0
1776461873.63,recommendation,otel-demo.recommendation-5b46f7469c-t2fm9.recommendation,error_ratio,trace_server_error_ratio,0.0
1776461873.63,recommendation,otel-demo.recommendation-5b46f7469c-t2fm9.recommendation,request_count,trace_server_count,0.0
1776461873.63,recommendation,recommendation-5b46f7469c-g2rgb,cpu_usage,container_cpu_usage,0.0158327283255004
1776461873.63,recommendation,recommendation-5b46f7469c-g2rgb,memory_usage,container_memory_working_set_bytes,46891008.0
1776461873.63,recommendation,recommendation-5b46f7469c-rjwxq,cpu_usage,container_cpu_usage,0.02727863877749769
1776461873.63,recommendation,recommendation-5b46f7469c-rjwxq,memory_usage,container_memory_working_set_bytes,47923200.0
1776461873.63,recommendation,recommendation-5b46f7469c-t2fm9,cpu_usage,container_cpu_usage,0.06421788262465049
1776461873.63,recommendation,recommendation-5b46f7469c-t2fm9,memory_usage,container_memory_working_set_bytes,52867072.0
1776461873.63,recommendation,recommendation::service,pod_restart_count,k8s_container_restarts,3.0
1776461873.63,recommendation,recommendation::service,pod_running_count,k8s_container_ready,3.0
1776461883.63,ad,3a8b9295-6ae2-4e8a-b9b0-a607d7fec0a4,dependency_error_ratio,trace_client_error_ratio,0.0
1776461883.63,ad,3a8b9295-6ae2-4e8a-b9b0-a607d7fec0a4,error_ratio,trace_server_error_ratio,0.0
1776461883.63,ad,3a8b9295-6ae2-4e8a-b9b0-a607d7fec0a4,request_count,trace_server_count,0.0
1776461883.63,ad,5680c7ee-584c-4353-b6d2-93bc605a0324,dependency_error_ratio,trace_client_error_ratio,0.0
1776461883.63,ad,5680c7ee-584c-4353-b6d2-93bc605a0324,error_ratio,trace_server_error_ratio,0.0
1776461883.63,ad,5680c7ee-584c-4353-b6d2-93bc605a0324,request_count,trace_server_count,0.0
1776461883.63,ad,9f9a3c1c-bd3f-40ea-8764-b59f1ebd2204,dependency_error_ratio,trace_client_error_ratio,0.0
1776461883.63,ad,ad-7fb5b4f859-52ks9,cpu_usage,container_cpu_usage,0.0020214605929134238
1776461883.63,ad,ad-7fb5b4f859-52ks9,memory_usage,container_memory_working_set_bytes,260558848.0
1776461883.63,ad,ad-7fb5b4f859-rd4zw,cpu_usage,container_cpu_usage,0.0013754046668043613
1776461883.63,ad,ad-7fb5b4f859-rd4zw,memory_usage,container_memory_working_set_bytes,238325760.0
1776461883.63,ad,ad-7fb5b4f859-zsstr,cpu_usage,container_cpu_usage,0.004400502034103377
1776461883.63,ad,ad-7fb5b4f859-zsstr,memory_usage,container_memory_working_set_bytes,261935104.0
1776461883.63,ad,ad::service,pod_restart_count,k8s_container_restarts,3.0
1776461883.63,ad,ad::service,pod_running_count,k8s_container_ready,3.0
1776461883.63,cart,cart-7c7496d7f-th7mc,cpu_usage,container_cpu_usage,0.052712593753501596
1776461883.63,cart,cart-7c7496d7f-th7mc,memory_usage,container_memory_working_set_bytes,63344640.0
1776461883.63,cart,cart::service,pod_restart_count,k8s_container_restarts,1.0
1776461883.63,cart,cart::service,pod_running_count,k8s_container_ready,1.0
1776461883.63,cart,f1f3afac-3031-4c18-925a-048232421d89,dependency_error_ratio,trace_client_error_ratio,0.0
1776461883.63,cart,f1f3afac-3031-4c18-925a-048232421d89,error_ratio,trace_server_error_ratio,0.0
1776461883.63,cart,f1f3afac-3031-4c18-925a-048232421d89,request_count,trace_server_count,0.0
1776461883.63,checkout,4755bdbd-5ad9-49fa-acb7-3a7dcb6a9277,dependency_error_ratio,trace_client_error_ratio,0.0
1776461883.63,checkout,4755bdbd-5ad9-49fa-acb7-3a7dcb6a9277,error_ratio,trace_server_error_ratio,0.0
1776461883.63,checkout,4755bdbd-5ad9-49fa-acb7-3a7dcb6a9277,request_count,trace_server_count,0.0
1776461883.63,checkout,bb49e6b9-109a-41b8-be66-ab2a38272474,dependency_error_ratio,trace_client_error_ratio,0.0
1776461883.63,checkout,bb49e6b9-109a-41b8-be66-ab2a38272474,error_ratio,trace_server_error_ratio,0.0
1776461883.63,checkout,bb49e6b9-109a-41b8-be66-ab2a38272474,request_count,trace_server_count,0.0
1776461883.63,checkout,bc5804df-6f63-4261-8788-8ecfe5481366,dependency_error_ratio,trace_client_error_ratio,0.0
1776461883.63,checkout,bc5804df-6f63-4261-8788-8ecfe5481366,error_ratio,trace_server_error_ratio,0.0
1776461883.63,checkout,bc5804df-6f63-4261-8788-8ecfe5481366,request_count,trace_server_count,0.0
1776461883.63,checkout,checkout-7f4ccfc547-6crwh,cpu_usage,container_cpu_usage,0.13690672894782166
1776461883.63,checkout,checkout-7f4ccfc547-6crwh,memory_usage,container_memory_working_set_bytes,15712256.0
1776461883.63,checkout,checkout-7f4ccfc547-ftx2n,cpu_usage,container_cpu_usage,0.0004304441215490433
1776461883.63,checkout,checkout-7f4ccfc547-ftx2n,memory_usage,container_memory_working_set_bytes,12111872.0
1776461883.63,checkout,checkout-7f4ccfc547-qlfgr,cpu_usage,container_cpu_usage,0.043614442916092816
1776461883.63,checkout,checkout-7f4ccfc547-qlfgr,memory_usage,container_memory_working_set_bytes,14639104.0
1776461883.63,checkout,checkout::service,pod_restart_count,k8s_container_restarts,45.0
1776461883.63,checkout,checkout::service,pod_running_count,k8s_container_ready,3.0
1776461883.63,email,email-5dcf48b665-66zvj,cpu_usage,container_cpu_usage,0.0044479314514004244
1776461883.63,email,email-5dcf48b665-66zvj,memory_usage,container_memory_working_set_bytes,59510784.0
1776461883.63,email,email-5dcf48b665-9xxmx,cpu_usage,container_cpu_usage,0.005805392481267726
1776461883.63,email,email-5dcf48b665-9xxmx,memory_usage,container_memory_working_set_bytes,56586240.0
1776461883.63,email,email-5dcf48b665-n4zf2,cpu_usage,container_cpu_usage,0.006769851639552351
1776461883.63,email,email-5dcf48b665-n4zf2,memory_usage,container_memory_working_set_bytes,54984704.0
1776461883.63,email,email::service,pod_restart_count,k8s_container_restarts,9.0
1776461883.63,email,email::service,pod_running_count,k8s_container_ready,3.0
1776461883.63,email,otel-demo.email-5dcf48b665-66zvj.email,error_ratio,trace_server_error_ratio,0.0
1776461883.63,email,otel-demo.email-5dcf48b665-66zvj.email,request_count,trace_server_count,0.0
1776461883.63,email,otel-demo.email-5dcf48b665-9xxmx.email,error_ratio,trace_server_error_ratio,0.0
1776461883.63,email,otel-demo.email-5dcf48b665-9xxmx.email,request_count,trace_server_count,0.0
1776461883.63,email,otel-demo.email-5dcf48b665-n4zf2.email,error_ratio,trace_server_error_ratio,0.0
1776461883.63,email,otel-demo.email-5dcf48b665-n4zf2.email,request_count,trace_server_count,0.0
1776461883.63,frontend,frontend-b78bf7696-6bjdg,cpu_usage,container_cpu_usage,0.1541732943469747
1776461883.63,frontend,frontend-b78bf7696-6bjdg,memory_usage,container_memory_working_set_bytes,118550528.0
1776461883.63,frontend,frontend-b78bf7696-77ldd,cpu_usage,container_cpu_usage,0.06491347187388029
1776461883.63,frontend,frontend-b78bf7696-77ldd,memory_usage,container_memory_working_set_bytes,105570304.0
1776461883.63,frontend,frontend-b78bf7696-p9kqx,cpu_usage,container_cpu_usage,0.05899838871312701
1776461883.63,frontend,frontend-b78bf7696-p9kqx,memory_usage,container_memory_working_set_bytes,117194752.0
1776461883.63,frontend,frontend::service,pod_restart_count,k8s_container_restarts,3.0
1776461883.63,frontend,frontend::service,pod_running_count,k8s_container_ready,3.0
1776461883.63,frontend,otel-demo.frontend-b78bf7696-6bjdg.frontend,dependency_error_ratio,trace_client_error_ratio,0.0
1776461883.63,frontend,otel-demo.frontend-b78bf7696-6bjdg.frontend,error_ratio,trace_server_error_ratio,0.0
1776461883.63,frontend,otel-demo.frontend-b78bf7696-6bjdg.frontend,http_5xx_ratio,http_server_5xx_ratio,0.0
1776461883.63,frontend,otel-demo.frontend-b78bf7696-6bjdg.frontend,request_count,trace_server_count,0.0
1776461883.63,frontend,otel-demo.frontend-b78bf7696-77ldd.frontend,dependency_error_ratio,trace_client_error_ratio,0.0
1776461883.63,frontend,otel-demo.frontend-b78bf7696-77ldd.frontend,error_ratio,trace_server_error_ratio,0.0
1776461883.63,frontend,otel-demo.frontend-b78bf7696-77ldd.frontend,http_5xx_ratio,http_server_5xx_ratio,0.0
1776461883.63,frontend,otel-demo.frontend-b78bf7696-77ldd.frontend,request_count,trace_server_count,0.0
1776461883.63,frontend,otel-demo.frontend-b78bf7696-p9kqx.frontend,dependency_error_ratio,trace_client_error_ratio,0.0
1776461883.63,frontend,otel-demo.frontend-b78bf7696-p9kqx.frontend,error_ratio,trace_server_error_ratio,0.0
1776461883.63,frontend,otel-demo.frontend-b78bf7696-p9kqx.frontend,http_5xx_ratio,http_server_5xx_ratio,0.0
1776461883.63,frontend,otel-demo.frontend-b78bf7696-p9kqx.frontend,request_count,trace_server_count,0.0
1776461883.63,kafka,kafka-66df8bdf76-zjcbb,cpu_usage,container_cpu_usage,0.014233925756835828
1776461883.63,kafka,kafka-66df8bdf76-zjcbb,memory_usage,container_memory_working_set_bytes,665309184.0
1776461883.63,kafka,kafka::service,pod_restart_count,k8s_container_restarts,9.0
1776461883.63,kafka,kafka::service,pod_running_count,k8s_container_ready,1.0
1776461883.63,kafka,kafka::service,queue_lag,queue_size_ratio,0.0
1776461883.63,payment,otel-demo.payment-f9f8d647b-74h8z.payment,dependency_error_ratio,trace_client_error_ratio,0.0
1776461883.63,payment,otel-demo.payment-f9f8d647b-74h8z.payment,error_ratio,trace_server_error_ratio,0.0
1776461883.63,payment,otel-demo.payment-f9f8d647b-74h8z.payment,request_count,trace_server_count,0.0
1776461883.63,payment,otel-demo.payment-f9f8d647b-75hmx.payment,dependency_error_ratio,trace_client_error_ratio,0.0
1776461883.63,payment,otel-demo.payment-f9f8d647b-75hmx.payment,error_ratio,trace_server_error_ratio,0.0
1776461883.63,payment,otel-demo.payment-f9f8d647b-75hmx.payment,request_count,trace_server_count,0.0
1776461883.63,payment,otel-demo.payment-f9f8d647b-tv6l5.payment,dependency_error_ratio,trace_client_error_ratio,0.0
1776461883.63,payment,otel-demo.payment-f9f8d647b-tv6l5.payment,error_ratio,trace_server_error_ratio,0.0
1776461883.63,payment,otel-demo.payment-f9f8d647b-tv6l5.payment,request_count,trace_server_count,0.0
1776461883.63,payment,payment-f9f8d647b-74h8z,cpu_usage,container_cpu_usage,0.009473732793962268
1776461883.63,payment,payment-f9f8d647b-74h8z,memory_usage,container_memory_working_set_bytes,109699072.0
1776461883.63,payment,payment-f9f8d647b-75hmx,cpu_usage,container_cpu_usage,0.012662394987897507
1776461883.63,payment,payment-f9f8d647b-75hmx,memory_usage,container_memory_working_set_bytes,110198784.0
1776461883.63,payment,payment-f9f8d647b-tv6l5,cpu_usage,container_cpu_usage,0.0072898229475493025
1776461883.63,payment,payment-f9f8d647b-tv6l5,memory_usage,container_memory_working_set_bytes,99213312.0
1776461883.63,payment,payment::service,pod_restart_count,k8s_container_restarts,39.0
1776461883.63,payment,payment::service,pod_running_count,k8s_container_ready,3.0
1776461883.63,product-catalog,otel-demo.product-catalog-784544475c-7crs7.product-catalog,dependency_error_ratio,trace_client_error_ratio,0.0
1776461883.63,product-catalog,otel-demo.product-catalog-784544475c-7crs7.product-catalog,error_ratio,trace_server_error_ratio,0.0
1776461883.63,product-catalog,otel-demo.product-catalog-784544475c-7crs7.product-catalog,request_count,trace_server_count,0.0
1776461883.63,product-catalog,otel-demo.product-catalog-784544475c-8skc7.product-catalog,dependency_error_ratio,trace_client_error_ratio,0.0
1776461883.63,product-catalog,otel-demo.product-catalog-784544475c-8skc7.product-catalog,error_ratio,trace_server_error_ratio,0.0
1776461883.63,product-catalog,otel-demo.product-catalog-784544475c-8skc7.product-catalog,request_count,trace_server_count,0.0
1776461883.63,product-catalog,otel-demo.product-catalog-784544475c-stwzc.product-catalog,dependency_error_ratio,trace_client_error_ratio,0.0
1776461883.63,product-catalog,otel-demo.product-catalog-784544475c-stwzc.product-catalog,error_ratio,trace_server_error_ratio,0.0
1776461883.63,product-catalog,otel-demo.product-catalog-784544475c-stwzc.product-catalog,request_count,trace_server_count,0.0
1776461883.63,product-catalog,product-catalog-784544475c-7crs7,cpu_usage,container_cpu_usage,0.02059916207582982
1776461883.63,product-catalog,product-catalog-784544475c-7crs7,memory_usage,container_memory_working_set_bytes,16056320.0
1776461883.63,product-catalog,product-catalog-784544475c-8skc7,cpu_usage,container_cpu_usage,0.37872049190458723
1776461883.63,product-catalog,product-catalog-784544475c-8skc7,memory_usage,container_memory_working_set_bytes,15495168.0
1776461883.63,product-catalog,product-catalog-784544475c-stwzc,cpu_usage,container_cpu_usage,0.0006563133151051401
1776461883.63,product-catalog,product-catalog-784544475c-stwzc,memory_usage,container_memory_working_set_bytes,30883840.0
1776461883.63,product-catalog,product-catalog::service,pod_restart_count,k8s_container_restarts,37.0
1776461883.63,product-catalog,product-catalog::service,pod_running_count,k8s_container_ready,3.0
1776461883.63,recommendation,otel-demo.recommendation-5b46f7469c-g2rgb.recommendation,dependency_error_ratio,trace_client_error_ratio,0.0
1776461883.63,recommendation,otel-demo.recommendation-5b46f7469c-rjwxq.recommendation,dependency_error_ratio,trace_client_error_ratio,0.0
1776461883.63,recommendation,otel-demo.recommendation-5b46f7469c-rjwxq.recommendation,error_ratio,trace_server_error_ratio,0.0
1776461883.63,recommendation,otel-demo.recommendation-5b46f7469c-rjwxq.recommendation,request_count,trace_server_count,0.0
1776461883.63,recommendation,otel-demo.recommendation-5b46f7469c-t2fm9.recommendation,dependency_error_ratio,trace_client_error_ratio,0.0
1776461883.63,recommendation,otel-demo.recommendation-5b46f7469c-t2fm9.recommendation,error_ratio,trace_server_error_ratio,0.0
1776461883.63,recommendation,otel-demo.recommendation-5b46f7469c-t2fm9.recommendation,request_count,trace_server_count,0.0
1776461883.63,recommendation,recommendation-5b46f7469c-g2rgb,cpu_usage,container_cpu_usage,0.0158327283255004
1776461883.63,recommendation,recommendation-5b46f7469c-g2rgb,memory_usage,container_memory_working_set_bytes,46891008.0
1776461883.63,recommendation,recommendation-5b46f7469c-rjwxq,cpu_usage,container_cpu_usage,0.023994512823621267
1776461883.63,recommendation,recommendation-5b46f7469c-rjwxq,memory_usage,container_memory_working_set_bytes,47865856.0
1776461883.63,recommendation,recommendation-5b46f7469c-t2fm9,cpu_usage,container_cpu_usage,0.05677003952569042
1776461883.63,recommendation,recommendation-5b46f7469c-t2fm9,memory_usage,container_memory_working_set_bytes,52527104.0
1776461883.63,recommendation,recommendation::service,pod_restart_count,k8s_container_restarts,3.0
1776461883.63,recommendation,recommendation::service,pod_running_count,k8s_container_ready,3.0
1776461893.63,ad,3a8b9295-6ae2-4e8a-b9b0-a607d7fec0a4,dependency_error_ratio,trace_client_error_ratio,0.0
1776461893.63,ad,3a8b9295-6ae2-4e8a-b9b0-a607d7fec0a4,error_ratio,trace_server_error_ratio,0.0
1776461893.63,ad,3a8b9295-6ae2-4e8a-b9b0-a607d7fec0a4,request_count,trace_server_count,0.0
1776461893.63,ad,5680c7ee-584c-4353-b6d2-93bc605a0324,dependency_error_ratio,trace_client_error_ratio,0.0
1776461893.63,ad,5680c7ee-584c-4353-b6d2-93bc605a0324,error_ratio,trace_server_error_ratio,0.0
1776461893.63,ad,5680c7ee-584c-4353-b6d2-93bc605a0324,request_count,trace_server_count,0.0
1776461893.63,ad,9f9a3c1c-bd3f-40ea-8764-b59f1ebd2204,dependency_error_ratio,trace_client_error_ratio,0.0
1776461893.63,ad,ad-7fb5b4f859-52ks9,cpu_usage,container_cpu_usage,0.0021520772338176433
1776461893.63,ad,ad-7fb5b4f859-52ks9,memory_usage,container_memory_working_set_bytes,260558848.0
1776461893.63,ad,ad-7fb5b4f859-rd4zw,cpu_usage,container_cpu_usage,0.000962930677544677
1776461893.63,ad,ad-7fb5b4f859-rd4zw,memory_usage,container_memory_working_set_bytes,238325760.0
1776461893.63,ad,ad-7fb5b4f859-zsstr,cpu_usage,container_cpu_usage,0.004400502034103377
1776461893.63,ad,ad-7fb5b4f859-zsstr,memory_usage,container_memory_working_set_bytes,261935104.0
1776461893.63,ad,ad::service,pod_restart_count,k8s_container_restarts,3.0
1776461893.63,ad,ad::service,pod_running_count,k8s_container_ready,3.0
1776461893.63,cart,cart-7c7496d7f-th7mc,cpu_usage,container_cpu_usage,0.05677467184604873
1776461893.63,cart,cart-7c7496d7f-th7mc,memory_usage,container_memory_working_set_bytes,63090688.0
1776461893.63,cart,cart::service,pod_restart_count,k8s_container_restarts,1.0
1776461893.63,cart,cart::service,pod_running_count,k8s_container_ready,1.0
1776461893.63,cart,f1f3afac-3031-4c18-925a-048232421d89,dependency_error_ratio,trace_client_error_ratio,0.0
1776461893.63,cart,f1f3afac-3031-4c18-925a-048232421d89,error_ratio,trace_server_error_ratio,0.0
1776461893.63,cart,f1f3afac-3031-4c18-925a-048232421d89,request_count,trace_server_count,0.0
1776461893.63,checkout,4755bdbd-5ad9-49fa-acb7-3a7dcb6a9277,dependency_error_ratio,trace_client_error_ratio,0.0
1776461893.63,checkout,4755bdbd-5ad9-49fa-acb7-3a7dcb6a9277,error_ratio,trace_server_error_ratio,0.0
1776461893.63,checkout,4755bdbd-5ad9-49fa-acb7-3a7dcb6a9277,request_count,trace_server_count,0.0
1776461893.63,checkout,bb49e6b9-109a-41b8-be66-ab2a38272474,dependency_error_ratio,trace_client_error_ratio,0.0
1776461893.63,checkout,bb49e6b9-109a-41b8-be66-ab2a38272474,error_ratio,trace_server_error_ratio,0.0
1776461893.63,checkout,bb49e6b9-109a-41b8-be66-ab2a38272474,request_count,trace_server_count,0.0
1776461893.63,checkout,bc5804df-6f63-4261-8788-8ecfe5481366,dependency_error_ratio,trace_client_error_ratio,0.0
1776461893.63,checkout,bc5804df-6f63-4261-8788-8ecfe5481366,error_ratio,trace_server_error_ratio,0.0
1776461893.63,checkout,bc5804df-6f63-4261-8788-8ecfe5481366,request_count,trace_server_count,0.0
1776461893.63,checkout,checkout-7f4ccfc547-6crwh,cpu_usage,container_cpu_usage,0.10997905564743003
1776461893.63,checkout,checkout-7f4ccfc547-6crwh,memory_usage,container_memory_working_set_bytes,14835712.0
1776461893.63,checkout,checkout-7f4ccfc547-ftx2n,cpu_usage,container_cpu_usage,0.0005051763501810803
1776461893.63,checkout,checkout-7f4ccfc547-ftx2n,memory_usage,container_memory_working_set_bytes,12255232.0
1776461893.63,checkout,checkout-7f4ccfc547-qlfgr,cpu_usage,container_cpu_usage,0.046069708368882016
1776461893.63,checkout,checkout-7f4ccfc547-qlfgr,memory_usage,container_memory_working_set_bytes,14688256.0
1776461893.63,checkout,checkout::service,pod_restart_count,k8s_container_restarts,45.0
1776461893.63,checkout,checkout::service,pod_running_count,k8s_container_ready,3.0
1776461893.63,email,email-5dcf48b665-66zvj,cpu_usage,container_cpu_usage,0.006479297902268172
1776461893.63,email,email-5dcf48b665-66zvj,memory_usage,container_memory_working_set_bytes,59478016.0
1776461893.63,email,email-5dcf48b665-9xxmx,cpu_usage,container_cpu_usage,0.004620565046897403
1776461893.63,email,email-5dcf48b665-9xxmx,memory_usage,container_memory_working_set_bytes,56586240.0
1776461893.63,email,email-5dcf48b665-n4zf2,cpu_usage,container_cpu_usage,0.006769851639552351
1776461893.63,email,email-5dcf48b665-n4zf2,memory_usage,container_memory_working_set_bytes,54984704.0
1776461893.63,email,email::service,pod_restart_count,k8s_container_restarts,9.0
1776461893.63,email,email::service,pod_running_count,k8s_container_ready,3.0
1776461893.63,email,otel-demo.email-5dcf48b665-66zvj.email,error_ratio,trace_server_error_ratio,0.0
1776461893.63,email,otel-demo.email-5dcf48b665-66zvj.email,request_count,trace_server_count,0.0
1776461893.63,email,otel-demo.email-5dcf48b665-9xxmx.email,error_ratio,trace_server_error_ratio,0.0
1776461893.63,email,otel-demo.email-5dcf48b665-9xxmx.email,request_count,trace_server_count,0.0
1776461893.63,email,otel-demo.email-5dcf48b665-n4zf2.email,error_ratio,trace_server_error_ratio,0.0
1776461893.63,email,otel-demo.email-5dcf48b665-n4zf2.email,request_count,trace_server_count,0.0
1776461893.63,frontend,frontend-b78bf7696-6bjdg,cpu_usage,container_cpu_usage,0.1541732943469747
1776461893.63,frontend,frontend-b78bf7696-6bjdg,memory_usage,container_memory_working_set_bytes,118550528.0
1776461893.63,frontend,frontend-b78bf7696-77ldd,cpu_usage,container_cpu_usage,0.07233814749781137
1776461893.63,frontend,frontend-b78bf7696-77ldd,memory_usage,container_memory_working_set_bytes,104525824.0
1776461893.63,frontend,frontend-b78bf7696-p9kqx,cpu_usage,container_cpu_usage,0.06297562413596466
1776461893.63,frontend,frontend-b78bf7696-p9kqx,memory_usage,container_memory_working_set_bytes,118226944.0
1776461893.63,frontend,frontend::service,pod_restart_count,k8s_container_restarts,3.0
1776461893.63,frontend,frontend::service,pod_running_count,k8s_container_ready,3.0
1776461893.63,frontend,otel-demo.frontend-b78bf7696-6bjdg.frontend,dependency_error_ratio,trace_client_error_ratio,0.0
1776461893.63,frontend,otel-demo.frontend-b78bf7696-6bjdg.frontend,error_ratio,trace_server_error_ratio,0.0
1776461893.63,frontend,otel-demo.frontend-b78bf7696-6bjdg.frontend,http_5xx_ratio,http_server_5xx_ratio,0.0
1776461893.63,frontend,otel-demo.frontend-b78bf7696-6bjdg.frontend,request_count,trace_server_count,0.0
1776461893.63,frontend,otel-demo.frontend-b78bf7696-77ldd.frontend,dependency_error_ratio,trace_client_error_ratio,0.0
1776461893.63,frontend,otel-demo.frontend-b78bf7696-77ldd.frontend,error_ratio,trace_server_error_ratio,0.0
1776461893.63,frontend,otel-demo.frontend-b78bf7696-77ldd.frontend,http_5xx_ratio,http_server_5xx_ratio,0.0
1776461893.63,frontend,otel-demo.frontend-b78bf7696-77ldd.frontend,request_count,trace_server_count,0.0
1776461893.63,frontend,otel-demo.frontend-b78bf7696-p9kqx.frontend,dependency_error_ratio,trace_client_error_ratio,0.0
1776461893.63,frontend,otel-demo.frontend-b78bf7696-p9kqx.frontend,error_ratio,trace_server_error_ratio,0.0
1776461893.63,frontend,otel-demo.frontend-b78bf7696-p9kqx.frontend,http_5xx_ratio,http_server_5xx_ratio,0.0
1776461893.63,frontend,otel-demo.frontend-b78bf7696-p9kqx.frontend,request_count,trace_server_count,0.0
1776461893.63,kafka,kafka-66df8bdf76-zjcbb,cpu_usage,container_cpu_usage,0.014200969228808003
1776461893.63,kafka,kafka-66df8bdf76-zjcbb,memory_usage,container_memory_working_set_bytes,665313280.0
1776461893.63,kafka,kafka::service,pod_restart_count,k8s_container_restarts,9.0
1776461893.63,kafka,kafka::service,pod_running_count,k8s_container_ready,1.0
1776461893.63,kafka,kafka::service,queue_lag,queue_size_ratio,0.0
1776461893.63,payment,otel-demo.payment-f9f8d647b-74h8z.payment,dependency_error_ratio,trace_client_error_ratio,0.0
1776461893.63,payment,otel-demo.payment-f9f8d647b-74h8z.payment,error_ratio,trace_server_error_ratio,0.0
1776461893.63,payment,otel-demo.payment-f9f8d647b-74h8z.payment,request_count,trace_server_count,0.0
1776461893.63,payment,otel-demo.payment-f9f8d647b-75hmx.payment,dependency_error_ratio,trace_client_error_ratio,0.0
1776461893.63,payment,otel-demo.payment-f9f8d647b-75hmx.payment,error_ratio,trace_server_error_ratio,0.0
1776461893.63,payment,otel-demo.payment-f9f8d647b-75hmx.payment,request_count,trace_server_count,0.0
1776461893.63,payment,otel-demo.payment-f9f8d647b-tv6l5.payment,dependency_error_ratio,trace_client_error_ratio,0.0
1776461893.63,payment,otel-demo.payment-f9f8d647b-tv6l5.payment,error_ratio,trace_server_error_ratio,0.0
1776461893.63,payment,otel-demo.payment-f9f8d647b-tv6l5.payment,request_count,trace_server_count,0.0
1776461893.63,payment,payment-f9f8d647b-74h8z,cpu_usage,container_cpu_usage,0.009714280065637399
1776461893.63,payment,payment-f9f8d647b-74h8z,memory_usage,container_memory_working_set_bytes,109694976.0
1776461893.63,payment,payment-f9f8d647b-75hmx,cpu_usage,container_cpu_usage,0.012662394987897507
1776461893.63,payment,payment-f9f8d647b-75hmx,memory_usage,container_memory_working_set_bytes,110198784.0
1776461893.63,payment,payment-f9f8d647b-tv6l5,cpu_usage,container_cpu_usage,0.0072333489442281415
1776461893.63,payment,payment-f9f8d647b-tv6l5,memory_usage,container_memory_working_set_bytes,99213312.0
1776461893.63,payment,payment::service,pod_restart_count,k8s_container_restarts,39.0
1776461893.63,payment,payment::service,pod_running_count,k8s_container_ready,3.0
1776461893.63,product-catalog,otel-demo.product-catalog-784544475c-7crs7.product-catalog,dependency_error_ratio,trace_client_error_ratio,0.0
1776461893.63,product-catalog,otel-demo.product-catalog-784544475c-7crs7.product-catalog,error_ratio,trace_server_error_ratio,0.0
1776461893.63,product-catalog,otel-demo.product-catalog-784544475c-7crs7.product-catalog,request_count,trace_server_count,0.0
1776461893.63,product-catalog,otel-demo.product-catalog-784544475c-8skc7.product-catalog,dependency_error_ratio,trace_client_error_ratio,0.0
1776461893.63,product-catalog,otel-demo.product-catalog-784544475c-8skc7.product-catalog,error_ratio,trace_server_error_ratio,0.0
1776461893.63,product-catalog,otel-demo.product-catalog-784544475c-8skc7.product-catalog,request_count,trace_server_count,0.0
1776461893.63,product-catalog,otel-demo.product-catalog-784544475c-stwzc.product-catalog,dependency_error_ratio,trace_client_error_ratio,0.0
1776461893.63,product-catalog,otel-demo.product-catalog-784544475c-stwzc.product-catalog,error_ratio,trace_server_error_ratio,0.0
1776461893.63,product-catalog,otel-demo.product-catalog-784544475c-stwzc.product-catalog,request_count,trace_server_count,0.0
1776461893.63,product-catalog,product-catalog-784544475c-7crs7,cpu_usage,container_cpu_usage,0.02059916207582982
1776461893.63,product-catalog,product-catalog-784544475c-7crs7,memory_usage,container_memory_working_set_bytes,16056320.0
1776461893.63,product-catalog,product-catalog-784544475c-8skc7,cpu_usage,container_cpu_usage,0.28827563393592975
1776461893.63,product-catalog,product-catalog-784544475c-8skc7,memory_usage,container_memory_working_set_bytes,14852096.0
1776461893.63,product-catalog,product-catalog-784544475c-stwzc,cpu_usage,container_cpu_usage,0.0006551347329752852
1776461893.63,product-catalog,product-catalog-784544475c-stwzc,memory_usage,container_memory_working_set_bytes,31383552.0
1776461893.63,product-catalog,product-catalog::service,pod_restart_count,k8s_container_restarts,37.0
1776461893.63,product-catalog,product-catalog::service,pod_running_count,k8s_container_ready,3.0
1776461893.63,recommendation,otel-demo.recommendation-5b46f7469c-g2rgb.recommendation,dependency_error_ratio,trace_client_error_ratio,0.0
1776461893.63,recommendation,otel-demo.recommendation-5b46f7469c-rjwxq.recommendation,dependency_error_ratio,trace_client_error_ratio,0.0
1776461893.63,recommendation,otel-demo.recommendation-5b46f7469c-rjwxq.recommendation,error_ratio,trace_server_error_ratio,0.0
1776461893.63,recommendation,otel-demo.recommendation-5b46f7469c-rjwxq.recommendation,request_count,trace_server_count,0.0
1776461893.63,recommendation,otel-demo.recommendation-5b46f7469c-t2fm9.recommendation,dependency_error_ratio,trace_client_error_ratio,0.0
1776461893.63,recommendation,otel-demo.recommendation-5b46f7469c-t2fm9.recommendation,error_ratio,trace_server_error_ratio,0.0
1776461893.63,recommendation,otel-demo.recommendation-5b46f7469c-t2fm9.recommendation,request_count,trace_server_count,0.0
1776461893.63,recommendation,recommendation-5b46f7469c-g2rgb,cpu_usage,container_cpu_usage,0.015516416274714987
1776461893.63,recommendation,recommendation-5b46f7469c-g2rgb,memory_usage,container_memory_working_set_bytes,46891008.0
1776461893.63,recommendation,recommendation-5b46f7469c-rjwxq,cpu_usage,container_cpu_usage,0.023060276045488572
1776461893.63,recommendation,recommendation-5b46f7469c-rjwxq,memory_usage,container_memory_working_set_bytes,47882240.0
1776461893.63,recommendation,recommendation-5b46f7469c-t2fm9,cpu_usage,container_cpu_usage,0.04792383116534307
1776461893.63,recommendation,recommendation-5b46f7469c-t2fm9,memory_usage,container_memory_working_set_bytes,52588544.0
1776461893.63,recommendation,recommendation::service,pod_restart_count,k8s_container_restarts,3.0
1776461893.63,recommendation,recommendation::service,pod_running_count,k8s_container_ready,3.0
1776461903.63,ad,3a8b9295-6ae2-4e8a-b9b0-a607d7fec0a4,dependency_error_ratio,trace_client_error_ratio,1.0
1776461903.63,ad,3a8b9295-6ae2-4e8a-b9b0-a607d7fec0a4,error_ratio,trace_server_error_ratio,0.0
1776461903.63,ad,3a8b9295-6ae2-4e8a-b9b0-a607d7fec0a4,latency_p95,trace_server_latency_p95,4.849999999999999
1776461903.63,ad,3a8b9295-6ae2-4e8a-b9b0-a607d7fec0a4,request_count,trace_server_count,12.9
1776461903.63,ad,5680c7ee-584c-4353-b6d2-93bc605a0324,dependency_error_ratio,trace_client_error_ratio,1.0
1776461903.63,ad,5680c7ee-584c-4353-b6d2-93bc605a0324,error_ratio,trace_server_error_ratio,0.0
1776461903.63,ad,5680c7ee-584c-4353-b6d2-93bc605a0324,latency_p95,trace_server_latency_p95,3.357142857142857
1776461903.63,ad,5680c7ee-584c-4353-b6d2-93bc605a0324,request_count,trace_server_count,29.0
1776461903.63,ad,9f9a3c1c-bd3f-40ea-8764-b59f1ebd2204,dependency_error_ratio,trace_client_error_ratio,1.0
1776461903.63,ad,ad-7fb5b4f859-52ks9,cpu_usage,container_cpu_usage,0.002070639905788679
1776461903.63,ad,ad-7fb5b4f859-52ks9,memory_usage,container_memory_working_set_bytes,260558848.0
1776461903.63,ad,ad-7fb5b4f859-rd4zw,cpu_usage,container_cpu_usage,0.0011403306023894018
1776461903.63,ad,ad-7fb5b4f859-rd4zw,memory_usage,container_memory_working_set_bytes,238325760.0
1776461903.63,ad,ad-7fb5b4f859-zsstr,cpu_usage,container_cpu_usage,0.004079293971920924
1776461903.63,ad,ad-7fb5b4f859-zsstr,memory_usage,container_memory_working_set_bytes,261935104.0
1776461903.63,ad,ad::service,pod_restart_count,k8s_container_restarts,3.0
1776461903.63,ad,ad::service,pod_running_count,k8s_container_ready,3.0
1776461903.63,cart,cart-7c7496d7f-th7mc,cpu_usage,container_cpu_usage,0.04504644400945121
1776461903.63,cart,cart-7c7496d7f-th7mc,memory_usage,container_memory_working_set_bytes,63090688.0
1776461903.63,cart,cart::service,pod_restart_count,k8s_container_restarts,1.0
1776461903.63,cart,cart::service,pod_running_count,k8s_container_ready,1.0
1776461903.63,cart,f1f3afac-3031-4c18-925a-048232421d89,dependency_error_ratio,trace_client_error_ratio,0.0
1776461903.63,cart,f1f3afac-3031-4c18-925a-048232421d89,error_ratio,trace_server_error_ratio,0.0
1776461903.63,cart,f1f3afac-3031-4c18-925a-048232421d89,latency_p95,trace_server_latency_p95,4.963013698630133
1776461903.63,cart,f1f3afac-3031-4c18-925a-048232421d89,request_count,trace_server_count,211.7
1776461903.63,checkout,4755bdbd-5ad9-49fa-acb7-3a7dcb6a9277,dependency_error_ratio,trace_client_error_ratio,0.0
1776461903.63,checkout,4755bdbd-5ad9-49fa-acb7-3a7dcb6a9277,error_ratio,trace_server_error_ratio,0.0
1776461903.63,checkout,4755bdbd-5ad9-49fa-acb7-3a7dcb6a9277,latency_p95,trace_server_latency_p95,708.4210526315785
1776461903.63,checkout,4755bdbd-5ad9-49fa-acb7-3a7dcb6a9277,request_count,trace_server_count,24.7
1776461903.63,checkout,bb49e6b9-109a-41b8-be66-ab2a38272474,dependency_error_ratio,trace_client_error_ratio,0.0
1776461903.63,checkout,bb49e6b9-109a-41b8-be66-ab2a38272474,error_ratio,trace_server_error_ratio,0.0
1776461903.63,checkout,bb49e6b9-109a-41b8-be66-ab2a38272474,request_count,trace_server_count,0.0
1776461903.63,checkout,bc5804df-6f63-4261-8788-8ecfe5481366,dependency_error_ratio,trace_client_error_ratio,0.0
1776461903.63,checkout,bc5804df-6f63-4261-8788-8ecfe5481366,error_ratio,trace_server_error_ratio,0.0
1776461903.63,checkout,bc5804df-6f63-4261-8788-8ecfe5481366,latency_p95,trace_server_latency_p95,797.7777777777776
1776461903.63,checkout,bc5804df-6f63-4261-8788-8ecfe5481366,request_count,trace_server_count,6.1
1776461903.63,checkout,checkout-7f4ccfc547-6crwh,cpu_usage,container_cpu_usage,0.10938690144163173
1776461903.63,checkout,checkout-7f4ccfc547-6crwh,memory_usage,container_memory_working_set_bytes,14835712.0
1776461903.63,checkout,checkout-7f4ccfc547-ftx2n,cpu_usage,container_cpu_usage,0.0005055214370152595
1776461903.63,checkout,checkout-7f4ccfc547-ftx2n,memory_usage,container_memory_working_set_bytes,12255232.0
1776461903.63,checkout,checkout-7f4ccfc547-qlfgr,cpu_usage,container_cpu_usage,0.04792591574839902
1776461903.63,checkout,checkout-7f4ccfc547-qlfgr,memory_usage,container_memory_working_set_bytes,14688256.0
1776461903.63,checkout,checkout::service,pod_restart_count,k8s_container_restarts,45.0
1776461903.63,checkout,checkout::service,pod_running_count,k8s_container_ready,3.0
1776461903.63,email,email-5dcf48b665-66zvj,cpu_usage,container_cpu_usage,0.007241471967927988
1776461903.63,email,email-5dcf48b665-66zvj,memory_usage,container_memory_working_set_bytes,59478016.0
1776461903.63,email,email-5dcf48b665-9xxmx,cpu_usage,container_cpu_usage,0.005890261237034154
1776461903.63,email,email-5dcf48b665-9xxmx,memory_usage,container_memory_working_set_bytes,56385536.0
1776461903.63,email,email-5dcf48b665-n4zf2,cpu_usage,container_cpu_usage,0.00341625540961194
1776461903.63,email,email-5dcf48b665-n4zf2,memory_usage,container_memory_working_set_bytes,54976512.0
1776461903.63,email,email::service,pod_restart_count,k8s_container_restarts,9.0
1776461903.63,email,email::service,pod_running_count,k8s_container_ready,3.0
1776461903.63,email,otel-demo.email-5dcf48b665-66zvj.email,error_ratio,trace_server_error_ratio,0.0
1776461903.63,email,otel-demo.email-5dcf48b665-66zvj.email,latency_p95,trace_server_latency_p95,7.566666666666663
1776461903.63,email,otel-demo.email-5dcf48b665-66zvj.email,request_count,trace_server_count,13.9
1776461903.63,email,otel-demo.email-5dcf48b665-9xxmx.email,error_ratio,trace_server_error_ratio,0.0
1776461903.63,email,otel-demo.email-5dcf48b665-9xxmx.email,latency_p95,trace_server_latency_p95,21.999999999999982
1776461903.63,email,otel-demo.email-5dcf48b665-9xxmx.email,request_count,trace_server_count,8.4
1776461903.63,email,otel-demo.email-5dcf48b665-n4zf2.email,error_ratio,trace_server_error_ratio,0.0
1776461903.63,email,otel-demo.email-5dcf48b665-n4zf2.email,latency_p95,trace_server_latency_p95,19.33333333333328
1776461903.63,email,otel-demo.email-5dcf48b665-n4zf2.email,request_count,trace_server_count,9.2
1776461903.63,frontend,frontend-b78bf7696-6bjdg,cpu_usage,container_cpu_usage,0.1277954358552859
1776461903.63,frontend,frontend-b78bf7696-6bjdg,memory_usage,container_memory_working_set_bytes,119156736.0
1776461903.63,frontend,frontend-b78bf7696-77ldd,cpu_usage,container_cpu_usage,0.06313999999997578
1776461903.63,frontend,frontend-b78bf7696-77ldd,memory_usage,container_memory_working_set_bytes,104525824.0
1776461903.63,frontend,frontend-b78bf7696-p9kqx,cpu_usage,container_cpu_usage,0.060268520299867887
1776461903.63,frontend,frontend-b78bf7696-p9kqx,memory_usage,container_memory_working_set_bytes,118226944.0
1776461903.63,frontend,frontend::service,pod_restart_count,k8s_container_restarts,3.0
1776461903.63,frontend,frontend::service,pod_running_count,k8s_container_ready,3.0
1776461903.63,frontend,otel-demo.frontend-b78bf7696-6bjdg.frontend,dependency_error_ratio,trace_client_error_ratio,0.0
1776461903.63,frontend,otel-demo.frontend-b78bf7696-6bjdg.frontend,error_ratio,trace_server_error_ratio,0.0
1776461903.63,frontend,otel-demo.frontend-b78bf7696-6bjdg.frontend,http_5xx_ratio,http_server_5xx_ratio,0.03176726299949841
1776461903.63,frontend,otel-demo.frontend-b78bf7696-6bjdg.frontend,latency_p95,trace_server_latency_p95,48.877486910994755
1776461903.63,frontend,otel-demo.frontend-b78bf7696-6bjdg.frontend,request_count,trace_server_count,377.6
1776461903.63,frontend,otel-demo.frontend-b78bf7696-77ldd.frontend,dependency_error_ratio,trace_client_error_ratio,0.0
1776461903.63,frontend,otel-demo.frontend-b78bf7696-77ldd.frontend,error_ratio,trace_server_error_ratio,0.0
1776461903.63,frontend,otel-demo.frontend-b78bf7696-77ldd.frontend,http_5xx_ratio,http_server_5xx_ratio,0.025759219088937094
1776461903.63,frontend,otel-demo.frontend-b78bf7696-77ldd.frontend,latency_p95,trace_server_latency_p95,44.8732394366197
1776461903.63,frontend,otel-demo.frontend-b78bf7696-77ldd.frontend,request_count,trace_server_count,227.4
1776461903.63,frontend,otel-demo.frontend-b78bf7696-p9kqx.frontend,dependency_error_ratio,trace_client_error_ratio,0.0
1776461903.63,frontend,otel-demo.frontend-b78bf7696-p9kqx.frontend,error_ratio,trace_server_error_ratio,0.0
1776461903.63,frontend,otel-demo.frontend-b78bf7696-p9kqx.frontend,http_5xx_ratio,http_server_5xx_ratio,0.0365097588978186
1776461903.63,frontend,otel-demo.frontend-b78bf7696-p9kqx.frontend,latency_p95,trace_server_latency_p95,47.3524720893142
1776461903.63,frontend,otel-demo.frontend-b78bf7696-p9kqx.frontend,request_count,trace_server_count,261.0
1776461903.63,kafka,kafka-66df8bdf76-zjcbb,cpu_usage,container_cpu_usage,0.013249079595541561
1776461903.63,kafka,kafka-66df8bdf76-zjcbb,memory_usage,container_memory_working_set_bytes,665313280.0
1776461903.63,kafka,kafka::service,pod_restart_count,k8s_container_restarts,9.0
1776461903.63,kafka,kafka::service,pod_running_count,k8s_container_ready,1.0
1776461903.63,kafka,kafka::service,queue_lag,queue_size_ratio,0.0
1776461903.63,payment,otel-demo.payment-f9f8d647b-74h8z.payment,dependency_error_ratio,trace_client_error_ratio,0.0
1776461903.63,payment,otel-demo.payment-f9f8d647b-74h8z.payment,error_ratio,trace_server_error_ratio,0.0
1776461903.63,payment,otel-demo.payment-f9f8d647b-74h8z.payment,request_count,trace_server_count,0.0
1776461903.63,payment,otel-demo.payment-f9f8d647b-75hmx.payment,dependency_error_ratio,trace_client_error_ratio,0.0
1776461903.63,payment,otel-demo.payment-f9f8d647b-75hmx.payment,error_ratio,trace_server_error_ratio,0.0
1776461903.63,payment,otel-demo.payment-f9f8d647b-75hmx.payment,request_count,trace_server_count,0.0
1776461903.63,payment,otel-demo.payment-f9f8d647b-tv6l5.payment,dependency_error_ratio,trace_client_error_ratio,0.0
1776461903.63,payment,otel-demo.payment-f9f8d647b-tv6l5.payment,error_ratio,trace_server_error_ratio,0.0
1776461903.63,payment,otel-demo.payment-f9f8d647b-tv6l5.payment,request_count,trace_server_count,0.0
1776461903.63,payment,payment-f9f8d647b-74h8z,cpu_usage,container_cpu_usage,0.009650965972100422
1776461903.63,payment,payment-f9f8d647b-74h8z,memory_usage,container_memory_working_set_bytes,109694976.0
1776461903.63,payment,payment-f9f8d647b-75hmx,cpu_usage,container_cpu_usage,0.01023598787840595
1776461903.63,payment,payment-f9f8d647b-75hmx,memory_usage,container_memory_working_set_bytes,110202880.0
1776461903.63,payment,payment-f9f8d647b-tv6l5,cpu_usage,container_cpu_usage,0.006836056628368574
1776461903.63,payment,payment-f9f8d647b-tv6l5,memory_usage,container_memory_working_set_bytes,99213312.0
1776461903.63,payment,payment::service,pod_restart_count,k8s_container_restarts,39.0
1776461903.63,payment,payment::service,pod_running_count,k8s_container_ready,3.0
1776461903.63,product-catalog,otel-demo.product-catalog-784544475c-7crs7.product-catalog,dependency_error_ratio,trace_client_error_ratio,0.0
1776461903.63,product-catalog,otel-demo.product-catalog-784544475c-7crs7.product-catalog,error_ratio,trace_server_error_ratio,0.0
1776461903.63,product-catalog,otel-demo.product-catalog-784544475c-7crs7.product-catalog,request_count,trace_server_count,0.0
1776461903.63,product-catalog,otel-demo.product-catalog-784544475c-8skc7.product-catalog,dependency_error_ratio,trace_client_error_ratio,0.0
1776461903.63,product-catalog,otel-demo.product-catalog-784544475c-8skc7.product-catalog,error_ratio,trace_server_error_ratio,0.0
1776461903.63,product-catalog,otel-demo.product-catalog-784544475c-8skc7.product-catalog,request_count,trace_server_count,0.0
1776461903.63,product-catalog,otel-demo.product-catalog-784544475c-stwzc.product-catalog,dependency_error_ratio,trace_client_error_ratio,0.0
1776461903.63,product-catalog,otel-demo.product-catalog-784544475c-stwzc.product-catalog,error_ratio,trace_server_error_ratio,0.0
1776461903.63,product-catalog,otel-demo.product-catalog-784544475c-stwzc.product-catalog,request_count,trace_server_count,0.0
1776461903.63,product-catalog,product-catalog-784544475c-7crs7,cpu_usage,container_cpu_usage,0.02291283419116881
1776461903.63,product-catalog,product-catalog-784544475c-7crs7,memory_usage,container_memory_working_set_bytes,15044608.0
1776461903.63,product-catalog,product-catalog-784544475c-8skc7,cpu_usage,container_cpu_usage,0.16846540895299367
1776461903.63,product-catalog,product-catalog-784544475c-8skc7,memory_usage,container_memory_working_set_bytes,14852096.0
1776461903.63,product-catalog,product-catalog-784544475c-stwzc,cpu_usage,container_cpu_usage,0.0006551347329752852
1776461903.63,product-catalog,product-catalog-784544475c-stwzc,memory_usage,container_memory_working_set_bytes,31383552.0
1776461903.63,product-catalog,product-catalog::service,pod_restart_count,k8s_container_restarts,37.0
1776461903.63,product-catalog,product-catalog::service,pod_running_count,k8s_container_ready,3.0
1776461903.63,recommendation,otel-demo.recommendation-5b46f7469c-g2rgb.recommendation,dependency_error_ratio,trace_client_error_ratio,1.0
1776461903.63,recommendation,otel-demo.recommendation-5b46f7469c-rjwxq.recommendation,dependency_error_ratio,trace_client_error_ratio,0.008771929824561403
1776461903.63,recommendation,otel-demo.recommendation-5b46f7469c-rjwxq.recommendation,error_ratio,trace_server_error_ratio,0.0
1776461903.63,recommendation,otel-demo.recommendation-5b46f7469c-rjwxq.recommendation,latency_p95,trace_server_latency_p95,8.899999999999997
1776461903.63,recommendation,otel-demo.recommendation-5b46f7469c-rjwxq.recommendation,request_count,trace_server_count,11.3
1776461903.63,recommendation,otel-demo.recommendation-5b46f7469c-t2fm9.recommendation,dependency_error_ratio,trace_client_error_ratio,0.0037878787878787884
1776461903.63,recommendation,otel-demo.recommendation-5b46f7469c-t2fm9.recommendation,error_ratio,trace_server_error_ratio,0.0
1776461903.63,recommendation,otel-demo.recommendation-5b46f7469c-t2fm9.recommendation,latency_p95,trace_server_latency_p95,7.949999999999998
1776461903.63,recommendation,otel-demo.recommendation-5b46f7469c-t2fm9.recommendation,request_count,trace_server_count,26.3
1776461903.63,recommendation,recommendation-5b46f7469c-g2rgb,cpu_usage,container_cpu_usage,0.013520958289652309
1776461903.63,recommendation,recommendation-5b46f7469c-g2rgb,memory_usage,container_memory_working_set_bytes,46891008.0
1776461903.63,recommendation,recommendation-5b46f7469c-rjwxq,cpu_usage,container_cpu_usage,0.01835855338167667
1776461903.63,recommendation,recommendation-5b46f7469c-rjwxq,memory_usage,container_memory_working_set_bytes,47865856.0
1776461903.63,recommendation,recommendation-5b46f7469c-t2fm9,cpu_usage,container_cpu_usage,0.04747065277015545
1776461903.63,recommendation,recommendation-5b46f7469c-t2fm9,memory_usage,container_memory_working_set_bytes,52588544.0
1776461903.63,recommendation,recommendation::service,pod_restart_count,k8s_container_restarts,3.0
1776461903.63,recommendation,recommendation::service,pod_running_count,k8s_container_ready,3.0
1776461913.63,ad,3a8b9295-6ae2-4e8a-b9b0-a607d7fec0a4,dependency_error_ratio,trace_client_error_ratio,0.0
1776461913.63,ad,3a8b9295-6ae2-4e8a-b9b0-a607d7fec0a4,error_ratio,trace_server_error_ratio,0.0
1776461913.63,ad,3a8b9295-6ae2-4e8a-b9b0-a607d7fec0a4,request_count,trace_server_count,0.0
1776461913.63,ad,5680c7ee-584c-4353-b6d2-93bc605a0324,dependency_error_ratio,trace_client_error_ratio,0.0
1776461913.63,ad,5680c7ee-584c-4353-b6d2-93bc605a0324,error_ratio,trace_server_error_ratio,0.0
1776461913.63,ad,5680c7ee-584c-4353-b6d2-93bc605a0324,request_count,trace_server_count,0.0
1776461913.63,ad,9f9a3c1c-bd3f-40ea-8764-b59f1ebd2204,dependency_error_ratio,trace_client_error_ratio,0.0
1776461913.63,ad,ad-7fb5b4f859-52ks9,cpu_usage,container_cpu_usage,0.002358215391285464
1776461913.63,ad,ad-7fb5b4f859-52ks9,memory_usage,container_memory_working_set_bytes,260427776.0
1776461913.63,ad,ad-7fb5b4f859-rd4zw,cpu_usage,container_cpu_usage,0.001259680211377478
1776461913.63,ad,ad-7fb5b4f859-rd4zw,memory_usage,container_memory_working_set_bytes,238317568.0
1776461913.63,ad,ad-7fb5b4f859-zsstr,cpu_usage,container_cpu_usage,0.004250665102540257
1776461913.63,ad,ad-7fb5b4f859-zsstr,memory_usage,container_memory_working_set_bytes,261935104.0
1776461913.63,ad,ad::service,pod_restart_count,k8s_container_restarts,3.0
1776461913.63,ad,ad::service,pod_running_count,k8s_container_ready,3.0
1776461913.63,cart,cart-7c7496d7f-th7mc,cpu_usage,container_cpu_usage,0.06175997329327503
1776461913.63,cart,cart-7c7496d7f-th7mc,memory_usage,container_memory_working_set_bytes,63016960.0
1776461913.63,cart,cart::service,pod_restart_count,k8s_container_restarts,1.0
1776461913.63,cart,cart::service,pod_running_count,k8s_container_ready,1.0
1776461913.63,cart,f1f3afac-3031-4c18-925a-048232421d89,dependency_error_ratio,trace_client_error_ratio,0.0
1776461913.63,cart,f1f3afac-3031-4c18-925a-048232421d89,error_ratio,trace_server_error_ratio,0.0
1776461913.63,cart,f1f3afac-3031-4c18-925a-048232421d89,request_count,trace_server_count,0.0
1776461913.63,checkout,4755bdbd-5ad9-49fa-acb7-3a7dcb6a9277,dependency_error_ratio,trace_client_error_ratio,0.0
1776461913.63,checkout,4755bdbd-5ad9-49fa-acb7-3a7dcb6a9277,error_ratio,trace_server_error_ratio,0.0
1776461913.63,checkout,4755bdbd-5ad9-49fa-acb7-3a7dcb6a9277,request_count,trace_server_count,0.0
1776461913.63,checkout,bb49e6b9-109a-41b8-be66-ab2a38272474,dependency_error_ratio,trace_client_error_ratio,0.0
1776461913.63,checkout,bb49e6b9-109a-41b8-be66-ab2a38272474,error_ratio,trace_server_error_ratio,0.0
1776461913.63,checkout,bb49e6b9-109a-41b8-be66-ab2a38272474,request_count,trace_server_count,0.0
1776461913.63,checkout,bc5804df-6f63-4261-8788-8ecfe5481366,dependency_error_ratio,trace_client_error_ratio,0.0
1776461913.63,checkout,bc5804df-6f63-4261-8788-8ecfe5481366,error_ratio,trace_server_error_ratio,0.0
1776461913.63,checkout,bc5804df-6f63-4261-8788-8ecfe5481366,request_count,trace_server_count,0.0
1776461913.63,checkout,checkout-7f4ccfc547-6crwh,cpu_usage,container_cpu_usage,0.13084255319149024
1776461913.63,checkout,checkout-7f4ccfc547-6crwh,memory_usage,container_memory_working_set_bytes,15548416.0
1776461913.63,checkout,checkout-7f4ccfc547-ftx2n,cpu_usage,container_cpu_usage,0.0004916997942427874
1776461913.63,checkout,checkout-7f4ccfc547-ftx2n,memory_usage,container_memory_working_set_bytes,12255232.0
1776461913.63,checkout,checkout-7f4ccfc547-qlfgr,cpu_usage,container_cpu_usage,0.05031885567095063
1776461913.63,checkout,checkout-7f4ccfc547-qlfgr,memory_usage,container_memory_working_set_bytes,14643200.0
1776461913.63,checkout,checkout::service,pod_restart_count,k8s_container_restarts,45.0
1776461913.63,checkout,checkout::service,pod_running_count,k8s_container_ready,3.0
1776461913.63,email,email-5dcf48b665-66zvj,cpu_usage,container_cpu_usage,0.009690964443678264
1776461913.63,email,email-5dcf48b665-66zvj,memory_usage,container_memory_working_set_bytes,59953152.0
1776461913.63,email,email-5dcf48b665-9xxmx,cpu_usage,container_cpu_usage,0.0064855085672621314
1776461913.63,email,email-5dcf48b665-9xxmx,memory_usage,container_memory_working_set_bytes,56176640.0
1776461913.63,email,email-5dcf48b665-n4zf2,cpu_usage,container_cpu_usage,0.0007983943481048369
1776461913.63,email,email-5dcf48b665-n4zf2,memory_usage,container_memory_working_set_bytes,54976512.0
1776461913.63,email,email::service,pod_restart_count,k8s_container_restarts,9.0
1776461913.63,email,email::service,pod_running_count,k8s_container_ready,3.0
1776461913.63,email,otel-demo.email-5dcf48b665-66zvj.email,error_ratio,trace_server_error_ratio,0.0
1776461913.63,email,otel-demo.email-5dcf48b665-66zvj.email,request_count,trace_server_count,0.0
1776461913.63,email,otel-demo.email-5dcf48b665-9xxmx.email,error_ratio,trace_server_error_ratio,0.0
1776461913.63,email,otel-demo.email-5dcf48b665-9xxmx.email,request_count,trace_server_count,0.0
1776461913.63,email,otel-demo.email-5dcf48b665-n4zf2.email,error_ratio,trace_server_error_ratio,0.0
1776461913.63,email,otel-demo.email-5dcf48b665-n4zf2.email,request_count,trace_server_count,0.0
1776461913.63,frontend,frontend-b78bf7696-6bjdg,cpu_usage,container_cpu_usage,0.10887854297889997
1776461913.63,frontend,frontend-b78bf7696-6bjdg,memory_usage,container_memory_working_set_bytes,118263808.0
1776461913.63,frontend,frontend-b78bf7696-77ldd,cpu_usage,container_cpu_usage,0.0864068916469491
1776461913.63,frontend,frontend-b78bf7696-77ldd,memory_usage,container_memory_working_set_bytes,105586688.0
1776461913.63,frontend,frontend-b78bf7696-p9kqx,cpu_usage,container_cpu_usage,0.07646020436458596
1776461913.63,frontend,frontend-b78bf7696-p9kqx,memory_usage,container_memory_working_set_bytes,117755904.0
1776461913.63,frontend,frontend::service,pod_restart_count,k8s_container_restarts,3.0
1776461913.63,frontend,frontend::service,pod_running_count,k8s_container_ready,3.0
1776461913.63,frontend,otel-demo.frontend-b78bf7696-6bjdg.frontend,dependency_error_ratio,trace_client_error_ratio,0.0
1776461913.63,frontend,otel-demo.frontend-b78bf7696-6bjdg.frontend,error_ratio,trace_server_error_ratio,0.0
1776461913.63,frontend,otel-demo.frontend-b78bf7696-6bjdg.frontend,http_5xx_ratio,http_server_5xx_ratio,0.0
1776461913.63,frontend,otel-demo.frontend-b78bf7696-6bjdg.frontend,request_count,trace_server_count,0.0
1776461913.63,frontend,otel-demo.frontend-b78bf7696-77ldd.frontend,dependency_error_ratio,trace_client_error_ratio,0.0
1776461913.63,frontend,otel-demo.frontend-b78bf7696-77ldd.frontend,error_ratio,trace_server_error_ratio,0.0
1776461913.63,frontend,otel-demo.frontend-b78bf7696-77ldd.frontend,http_5xx_ratio,http_server_5xx_ratio,0.0
1776461913.63,frontend,otel-demo.frontend-b78bf7696-77ldd.frontend,request_count,trace_server_count,0.0
1776461913.63,frontend,otel-demo.frontend-b78bf7696-p9kqx.frontend,dependency_error_ratio,trace_client_error_ratio,0.0
1776461913.63,frontend,otel-demo.frontend-b78bf7696-p9kqx.frontend,error_ratio,trace_server_error_ratio,0.0
1776461913.63,frontend,otel-demo.frontend-b78bf7696-p9kqx.frontend,http_5xx_ratio,http_server_5xx_ratio,0.0
1776461913.63,frontend,otel-demo.frontend-b78bf7696-p9kqx.frontend,request_count,trace_server_count,0.0
1776461913.63,kafka,kafka-66df8bdf76-zjcbb,cpu_usage,container_cpu_usage,0.013665204751640571
1776461913.63,kafka,kafka-66df8bdf76-zjcbb,memory_usage,container_memory_working_set_bytes,665370624.0
1776461913.63,kafka,kafka::service,pod_restart_count,k8s_container_restarts,9.0
1776461913.63,kafka,kafka::service,pod_running_count,k8s_container_ready,1.0
1776461913.63,kafka,kafka::service,queue_lag,queue_size_ratio,0.0
1776461913.63,payment,otel-demo.payment-f9f8d647b-74h8z.payment,dependency_error_ratio,trace_client_error_ratio,0.0
1776461913.63,payment,otel-demo.payment-f9f8d647b-74h8z.payment,error_ratio,trace_server_error_ratio,0.0
1776461913.63,payment,otel-demo.payment-f9f8d647b-74h8z.payment,request_count,trace_server_count,0.0
1776461913.63,payment,otel-demo.payment-f9f8d647b-75hmx.payment,dependency_error_ratio,trace_client_error_ratio,0.0
1776461913.63,payment,otel-demo.payment-f9f8d647b-75hmx.payment,error_ratio,trace_server_error_ratio,0.0
1776461913.63,payment,otel-demo.payment-f9f8d647b-75hmx.payment,request_count,trace_server_count,0.0
1776461913.63,payment,otel-demo.payment-f9f8d647b-tv6l5.payment,dependency_error_ratio,trace_client_error_ratio,0.0
1776461913.63,payment,otel-demo.payment-f9f8d647b-tv6l5.payment,error_ratio,trace_server_error_ratio,0.0
1776461913.63,payment,otel-demo.payment-f9f8d647b-tv6l5.payment,request_count,trace_server_count,0.0
1776461913.63,payment,payment-f9f8d647b-74h8z,cpu_usage,container_cpu_usage,0.00819692518774643
1776461913.63,payment,payment-f9f8d647b-74h8z,memory_usage,container_memory_working_set_bytes,109699072.0
1776461913.63,payment,payment-f9f8d647b-75hmx,cpu_usage,container_cpu_usage,0.013943326927183263
1776461913.63,payment,payment-f9f8d647b-75hmx,memory_usage,container_memory_working_set_bytes,110202880.0
1776461913.63,payment,payment-f9f8d647b-tv6l5,cpu_usage,container_cpu_usage,0.006627486136783762
1776461913.63,payment,payment-f9f8d647b-tv6l5,memory_usage,container_memory_working_set_bytes,99213312.0
1776461913.63,payment,payment::service,pod_restart_count,k8s_container_restarts,39.0
1776461913.63,payment,payment::service,pod_running_count,k8s_container_ready,3.0
1776461913.63,product-catalog,otel-demo.product-catalog-784544475c-7crs7.product-catalog,dependency_error_ratio,trace_client_error_ratio,0.0
1776461913.63,product-catalog,otel-demo.product-catalog-784544475c-7crs7.product-catalog,error_ratio,trace_server_error_ratio,0.0
1776461913.63,product-catalog,otel-demo.product-catalog-784544475c-7crs7.product-catalog,request_count,trace_server_count,0.0
1776461913.63,product-catalog,otel-demo.product-catalog-784544475c-8skc7.product-catalog,dependency_error_ratio,trace_client_error_ratio,0.0
1776461913.63,product-catalog,otel-demo.product-catalog-784544475c-8skc7.product-catalog,error_ratio,trace_server_error_ratio,0.0
1776461913.63,product-catalog,otel-demo.product-catalog-784544475c-8skc7.product-catalog,request_count,trace_server_count,0.0
1776461913.63,product-catalog,otel-demo.product-catalog-784544475c-stwzc.product-catalog,dependency_error_ratio,trace_client_error_ratio,0.0
1776461913.63,product-catalog,otel-demo.product-catalog-784544475c-stwzc.product-catalog,error_ratio,trace_server_error_ratio,0.0
1776461913.63,product-catalog,otel-demo.product-catalog-784544475c-stwzc.product-catalog,request_count,trace_server_count,0.0
1776461913.63,product-catalog,product-catalog-784544475c-7crs7,cpu_usage,container_cpu_usage,0.02717692576031458
1776461913.63,product-catalog,product-catalog-784544475c-7crs7,memory_usage,container_memory_working_set_bytes,15044608.0
1776461913.63,product-catalog,product-catalog-784544475c-8skc7,cpu_usage,container_cpu_usage,0.1039221902017321
1776461913.63,product-catalog,product-catalog-784544475c-8skc7,memory_usage,container_memory_working_set_bytes,14835712.0
1776461913.63,product-catalog,product-catalog-784544475c-stwzc,cpu_usage,container_cpu_usage,0.0006316175159929492
1776461913.63,product-catalog,product-catalog-784544475c-stwzc,memory_usage,container_memory_working_set_bytes,31854592.0
1776461913.63,product-catalog,product-catalog::service,pod_restart_count,k8s_container_restarts,37.0
1776461913.63,product-catalog,product-catalog::service,pod_running_count,k8s_container_ready,3.0
1776461913.63,recommendation,otel-demo.recommendation-5b46f7469c-g2rgb.recommendation,dependency_error_ratio,trace_client_error_ratio,0.0
1776461913.63,recommendation,otel-demo.recommendation-5b46f7469c-rjwxq.recommendation,dependency_error_ratio,trace_client_error_ratio,0.0
1776461913.63,recommendation,otel-demo.recommendation-5b46f7469c-rjwxq.recommendation,error_ratio,trace_server_error_ratio,0.0
1776461913.63,recommendation,otel-demo.recommendation-5b46f7469c-rjwxq.recommendation,request_count,trace_server_count,0.0
1776461913.63,recommendation,otel-demo.recommendation-5b46f7469c-t2fm9.recommendation,dependency_error_ratio,trace_client_error_ratio,0.0
1776461913.63,recommendation,otel-demo.recommendation-5b46f7469c-t2fm9.recommendation,error_ratio,trace_server_error_ratio,0.0
1776461913.63,recommendation,otel-demo.recommendation-5b46f7469c-t2fm9.recommendation,request_count,trace_server_count,0.0
1776461913.63,recommendation,recommendation-5b46f7469c-g2rgb,cpu_usage,container_cpu_usage,0.010176038802156954
1776461913.63,recommendation,recommendation-5b46f7469c-g2rgb,memory_usage,container_memory_working_set_bytes,46891008.0
1776461913.63,recommendation,recommendation-5b46f7469c-rjwxq,cpu_usage,container_cpu_usage,0.01839668235251496
1776461913.63,recommendation,recommendation-5b46f7469c-rjwxq,memory_usage,container_memory_working_set_bytes,47865856.0
1776461913.63,recommendation,recommendation-5b46f7469c-t2fm9,cpu_usage,container_cpu_usage,0.03180202885919496
1776461913.63,recommendation,recommendation-5b46f7469c-t2fm9,memory_usage,container_memory_working_set_bytes,52658176.0
1776461913.63,recommendation,recommendation::service,pod_restart_count,k8s_container_restarts,3.0
1776461913.63,recommendation,recommendation::service,pod_running_count,k8s_container_ready,3.0
1776461923.63,ad,3a8b9295-6ae2-4e8a-b9b0-a607d7fec0a4,dependency_error_ratio,trace_client_error_ratio,0.0
1776461923.63,ad,3a8b9295-6ae2-4e8a-b9b0-a607d7fec0a4,error_ratio,trace_server_error_ratio,0.0
1776461923.63,ad,3a8b9295-6ae2-4e8a-b9b0-a607d7fec0a4,request_count,trace_server_count,0.0
1776461923.63,ad,5680c7ee-584c-4353-b6d2-93bc605a0324,dependency_error_ratio,trace_client_error_ratio,0.0
1776461923.63,ad,5680c7ee-584c-4353-b6d2-93bc605a0324,error_ratio,trace_server_error_ratio,0.0
1776461923.63,ad,5680c7ee-584c-4353-b6d2-93bc605a0324,request_count,trace_server_count,0.0
1776461923.63,ad,9f9a3c1c-bd3f-40ea-8764-b59f1ebd2204,dependency_error_ratio,trace_client_error_ratio,0.0
1776461923.63,ad,ad-7fb5b4f859-52ks9,cpu_usage,container_cpu_usage,0.0032996187293858454
1776461923.63,ad,ad-7fb5b4f859-52ks9,memory_usage,container_memory_working_set_bytes,260431872.0
1776461923.63,ad,ad-7fb5b4f859-rd4zw,cpu_usage,container_cpu_usage,0.001259680211377478
1776461923.63,ad,ad-7fb5b4f859-rd4zw,memory_usage,container_memory_working_set_bytes,238317568.0
1776461923.63,ad,ad-7fb5b4f859-zsstr,cpu_usage,container_cpu_usage,0.004250665102540257
1776461923.63,ad,ad-7fb5b4f859-zsstr,memory_usage,container_memory_working_set_bytes,261935104.0
1776461923.63,ad,ad::service,pod_restart_count,k8s_container_restarts,3.0
1776461923.63,ad,ad::service,pod_running_count,k8s_container_ready,3.0
1776461923.63,cart,cart-7c7496d7f-th7mc,cpu_usage,container_cpu_usage,0.060080158797192765
1776461923.63,cart,cart-7c7496d7f-th7mc,memory_usage,container_memory_working_set_bytes,62939136.0
1776461923.63,cart,cart::service,pod_restart_count,k8s_container_restarts,1.0
1776461923.63,cart,cart::service,pod_running_count,k8s_container_ready,1.0
1776461923.63,cart,f1f3afac-3031-4c18-925a-048232421d89,dependency_error_ratio,trace_client_error_ratio,0.0
1776461923.63,cart,f1f3afac-3031-4c18-925a-048232421d89,error_ratio,trace_server_error_ratio,0.0
1776461923.63,cart,f1f3afac-3031-4c18-925a-048232421d89,request_count,trace_server_count,0.0
1776461923.63,checkout,4755bdbd-5ad9-49fa-acb7-3a7dcb6a9277,dependency_error_ratio,trace_client_error_ratio,0.0
1776461923.63,checkout,4755bdbd-5ad9-49fa-acb7-3a7dcb6a9277,error_ratio,trace_server_error_ratio,0.0
1776461923.63,checkout,4755bdbd-5ad9-49fa-acb7-3a7dcb6a9277,request_count,trace_server_count,0.0
1776461923.63,checkout,bb49e6b9-109a-41b8-be66-ab2a38272474,dependency_error_ratio,trace_client_error_ratio,0.0
1776461923.63,checkout,bb49e6b9-109a-41b8-be66-ab2a38272474,error_ratio,trace_server_error_ratio,0.0
1776461923.63,checkout,bb49e6b9-109a-41b8-be66-ab2a38272474,request_count,trace_server_count,0.0
1776461923.63,checkout,bc5804df-6f63-4261-8788-8ecfe5481366,dependency_error_ratio,trace_client_error_ratio,0.0
1776461923.63,checkout,bc5804df-6f63-4261-8788-8ecfe5481366,error_ratio,trace_server_error_ratio,0.0
1776461923.63,checkout,bc5804df-6f63-4261-8788-8ecfe5481366,request_count,trace_server_count,0.0
1776461923.63,checkout,checkout-7f4ccfc547-6crwh,cpu_usage,container_cpu_usage,0.12493086763595025
1776461923.63,checkout,checkout-7f4ccfc547-6crwh,memory_usage,container_memory_working_set_bytes,15093760.0
1776461923.63,checkout,checkout-7f4ccfc547-ftx2n,cpu_usage,container_cpu_usage,0.0005538145165961931
1776461923.63,checkout,checkout-7f4ccfc547-ftx2n,memory_usage,container_memory_working_set_bytes,12255232.0
1776461923.63,checkout,checkout-7f4ccfc547-qlfgr,cpu_usage,container_cpu_usage,0.04341682569328873
1776461923.63,checkout,checkout-7f4ccfc547-qlfgr,memory_usage,container_memory_working_set_bytes,14712832.0
1776461923.63,checkout,checkout::service,pod_restart_count,k8s_container_restarts,45.0
1776461923.63,checkout,checkout::service,pod_running_count,k8s_container_ready,3.0
1776461923.63,email,email-5dcf48b665-66zvj,cpu_usage,container_cpu_usage,0.012308545517963456
1776461923.63,email,email-5dcf48b665-66zvj,memory_usage,container_memory_working_set_bytes,59613184.0
1776461923.63,email,email-5dcf48b665-9xxmx,cpu_usage,container_cpu_usage,0.007232053053329789
1776461923.63,email,email-5dcf48b665-9xxmx,memory_usage,container_memory_working_set_bytes,56176640.0
1776461923.63,email,email-5dcf48b665-n4zf2,cpu_usage,container_cpu_usage,0.0009428018188534017
1776461923.63,email,email-5dcf48b665-n4zf2,memory_usage,container_memory_working_set_bytes,54947840.0
1776461923.63,email,email::service,pod_restart_count,k8s_container_restarts,9.0
1776461923.63,email,email::service,pod_running_count,k8s_container_ready,3.0
1776461923.63,email,otel-demo.email-5dcf48b665-66zvj.email,error_ratio,trace_server_error_ratio,0.0
1776461923.63,email,otel-demo.email-5dcf48b665-66zvj.email,request_count,trace_server_count,0.0
1776461923.63,email,otel-demo.email-5dcf48b665-9xxmx.email,error_ratio,trace_server_error_ratio,0.0
1776461923.63,email,otel-demo.email-5dcf48b665-9xxmx.email,request_count,trace_server_count,0.0
1776461923.63,email,otel-demo.email-5dcf48b665-n4zf2.email,error_ratio,trace_server_error_ratio,0.0
1776461923.63,email,otel-demo.email-5dcf48b665-n4zf2.email,request_count,trace_server_count,0.0
1776461923.63,frontend,frontend-b78bf7696-6bjdg,cpu_usage,container_cpu_usage,0.10819345856977297
1776461923.63,frontend,frontend-b78bf7696-6bjdg,memory_usage,container_memory_working_set_bytes,118419456.0
1776461923.63,frontend,frontend-b78bf7696-77ldd,cpu_usage,container_cpu_usage,0.07478918727671582
1776461923.63,frontend,frontend-b78bf7696-77ldd,memory_usage,container_memory_working_set_bytes,105586688.0
1776461923.63,frontend,frontend-b78bf7696-p9kqx,cpu_usage,container_cpu_usage,0.08425301834044377
1776461923.63,frontend,frontend-b78bf7696-p9kqx,memory_usage,container_memory_working_set_bytes,117755904.0
1776461923.63,frontend,frontend::service,pod_restart_count,k8s_container_restarts,3.0
1776461923.63,frontend,frontend::service,pod_running_count,k8s_container_ready,3.0
1776461923.63,frontend,otel-demo.frontend-b78bf7696-6bjdg.frontend,dependency_error_ratio,trace_client_error_ratio,0.0
1776461923.63,frontend,otel-demo.frontend-b78bf7696-6bjdg.frontend,error_ratio,trace_server_error_ratio,0.0
1776461923.63,frontend,otel-demo.frontend-b78bf7696-6bjdg.frontend,http_5xx_ratio,http_server_5xx_ratio,0.0
1776461923.63,frontend,otel-demo.frontend-b78bf7696-6bjdg.frontend,request_count,trace_server_count,0.0
1776461923.63,frontend,otel-demo.frontend-b78bf7696-77ldd.frontend,dependency_error_ratio,trace_client_error_ratio,0.0
1776461923.63,frontend,otel-demo.frontend-b78bf7696-77ldd.frontend,error_ratio,trace_server_error_ratio,0.0
1776461923.63,frontend,otel-demo.frontend-b78bf7696-77ldd.frontend,http_5xx_ratio,http_server_5xx_ratio,0.0
1776461923.63,frontend,otel-demo.frontend-b78bf7696-77ldd.frontend,request_count,trace_server_count,0.0
1776461923.63,frontend,otel-demo.frontend-b78bf7696-p9kqx.frontend,dependency_error_ratio,trace_client_error_ratio,0.0
1776461923.63,frontend,otel-demo.frontend-b78bf7696-p9kqx.frontend,error_ratio,trace_server_error_ratio,0.0
1776461923.63,frontend,otel-demo.frontend-b78bf7696-p9kqx.frontend,http_5xx_ratio,http_server_5xx_ratio,0.0
1776461923.63,frontend,otel-demo.frontend-b78bf7696-p9kqx.frontend,request_count,trace_server_count,0.0
1776461923.63,kafka,kafka-66df8bdf76-zjcbb,cpu_usage,container_cpu_usage,0.013665204751640571
1776461923.63,kafka,kafka-66df8bdf76-zjcbb,memory_usage,container_memory_working_set_bytes,665370624.0
1776461923.63,kafka,kafka::service,pod_restart_count,k8s_container_restarts,9.0
1776461923.63,kafka,kafka::service,pod_running_count,k8s_container_ready,1.0
1776461923.63,kafka,kafka::service,queue_lag,queue_size_ratio,0.0
1776461923.63,payment,otel-demo.payment-f9f8d647b-74h8z.payment,dependency_error_ratio,trace_client_error_ratio,0.0
1776461923.63,payment,otel-demo.payment-f9f8d647b-74h8z.payment,error_ratio,trace_server_error_ratio,0.0
1776461923.63,payment,otel-demo.payment-f9f8d647b-74h8z.payment,request_count,trace_server_count,0.0
1776461923.63,payment,otel-demo.payment-f9f8d647b-75hmx.payment,dependency_error_ratio,trace_client_error_ratio,0.0
1776461923.63,payment,otel-demo.payment-f9f8d647b-75hmx.payment,error_ratio,trace_server_error_ratio,0.0
1776461923.63,payment,otel-demo.payment-f9f8d647b-75hmx.payment,request_count,trace_server_count,0.0
1776461923.63,payment,otel-demo.payment-f9f8d647b-tv6l5.payment,dependency_error_ratio,trace_client_error_ratio,0.0
1776461923.63,payment,otel-demo.payment-f9f8d647b-tv6l5.payment,error_ratio,trace_server_error_ratio,0.0
1776461923.63,payment,otel-demo.payment-f9f8d647b-tv6l5.payment,request_count,trace_server_count,0.0
1776461923.63,payment,payment-f9f8d647b-74h8z,cpu_usage,container_cpu_usage,0.009797732282213669
1776461923.63,payment,payment-f9f8d647b-74h8z,memory_usage,container_memory_working_set_bytes,109699072.0
1776461923.63,payment,payment-f9f8d647b-75hmx,cpu_usage,container_cpu_usage,0.01363375055220115
1776461923.63,payment,payment-f9f8d647b-75hmx,memory_usage,container_memory_working_set_bytes,110202880.0
1776461923.63,payment,payment-f9f8d647b-tv6l5,cpu_usage,container_cpu_usage,0.006597310520610367
1776461923.63,payment,payment-f9f8d647b-tv6l5,memory_usage,container_memory_working_set_bytes,99213312.0
1776461923.63,payment,payment::service,pod_restart_count,k8s_container_restarts,39.0
1776461923.63,payment,payment::service,pod_running_count,k8s_container_ready,3.0
1776461923.63,product-catalog,otel-demo.product-catalog-784544475c-7crs7.product-catalog,dependency_error_ratio,trace_client_error_ratio,0.0
1776461923.63,product-catalog,otel-demo.product-catalog-784544475c-7crs7.product-catalog,error_ratio,trace_server_error_ratio,0.0
1776461923.63,product-catalog,otel-demo.product-catalog-784544475c-7crs7.product-catalog,request_count,trace_server_count,0.0
1776461923.63,product-catalog,otel-demo.product-catalog-784544475c-8skc7.product-catalog,dependency_error_ratio,trace_client_error_ratio,0.0
1776461923.63,product-catalog,otel-demo.product-catalog-784544475c-8skc7.product-catalog,error_ratio,trace_server_error_ratio,0.0
1776461923.63,product-catalog,otel-demo.product-catalog-784544475c-8skc7.product-catalog,request_count,trace_server_count,0.0
1776461923.63,product-catalog,otel-demo.product-catalog-784544475c-stwzc.product-catalog,dependency_error_ratio,trace_client_error_ratio,0.0
1776461923.63,product-catalog,otel-demo.product-catalog-784544475c-stwzc.product-catalog,error_ratio,trace_server_error_ratio,0.0
1776461923.63,product-catalog,otel-demo.product-catalog-784544475c-stwzc.product-catalog,request_count,trace_server_count,0.0
1776461923.63,product-catalog,product-catalog-784544475c-7crs7,cpu_usage,container_cpu_usage,0.02992968299711815
1776461923.63,product-catalog,product-catalog-784544475c-7crs7,memory_usage,container_memory_working_set_bytes,15511552.0
1776461923.63,product-catalog,product-catalog-784544475c-8skc7,cpu_usage,container_cpu_usage,0.10050911590218349
1776461923.63,product-catalog,product-catalog-784544475c-8skc7,memory_usage,container_memory_working_set_bytes,15323136.0
1776461923.63,product-catalog,product-catalog-784544475c-stwzc,cpu_usage,container_cpu_usage,0.00044825710431263343
1776461923.63,product-catalog,product-catalog-784544475c-stwzc,memory_usage,container_memory_working_set_bytes,31854592.0
1776461923.63,product-catalog,product-catalog::service,pod_restart_count,k8s_container_restarts,37.0
1776461923.63,product-catalog,product-catalog::service,pod_running_count,k8s_container_ready,3.0
1776461923.63,recommendation,otel-demo.recommendation-5b46f7469c-g2rgb.recommendation,dependency_error_ratio,trace_client_error_ratio,0.0
1776461923.63,recommendation,otel-demo.recommendation-5b46f7469c-rjwxq.recommendation,dependency_error_ratio,trace_client_error_ratio,0.0
1776461923.63,recommendation,otel-demo.recommendation-5b46f7469c-rjwxq.recommendation,error_ratio,trace_server_error_ratio,0.0
1776461923.63,recommendation,otel-demo.recommendation-5b46f7469c-rjwxq.recommendation,request_count,trace_server_count,0.0
1776461923.63,recommendation,otel-demo.recommendation-5b46f7469c-t2fm9.recommendation,dependency_error_ratio,trace_client_error_ratio,0.0
1776461923.63,recommendation,otel-demo.recommendation-5b46f7469c-t2fm9.recommendation,error_ratio,trace_server_error_ratio,0.0
1776461923.63,recommendation,otel-demo.recommendation-5b46f7469c-t2fm9.recommendation,request_count,trace_server_count,0.0
1776461923.63,recommendation,recommendation-5b46f7469c-g2rgb,cpu_usage,container_cpu_usage,0.008578930967864672
1776461923.63,recommendation,recommendation-5b46f7469c-g2rgb,memory_usage,container_memory_working_set_bytes,46891008.0
1776461923.63,recommendation,recommendation-5b46f7469c-rjwxq,cpu_usage,container_cpu_usage,0.016651850479165602
1776461923.63,recommendation,recommendation-5b46f7469c-rjwxq,memory_usage,container_memory_working_set_bytes,47865856.0
1776461923.63,recommendation,recommendation-5b46f7469c-t2fm9,cpu_usage,container_cpu_usage,0.03100407398826121
1776461923.63,recommendation,recommendation-5b46f7469c-t2fm9,memory_usage,container_memory_working_set_bytes,52555776.0
1776461923.63,recommendation,recommendation::service,pod_restart_count,k8s_container_restarts,3.0
1776461923.63,recommendation,recommendation::service,pod_running_count,k8s_container_ready,3.0
1776461933.63,ad,3a8b9295-6ae2-4e8a-b9b0-a607d7fec0a4,dependency_error_ratio,trace_client_error_ratio,0.0
1776461933.63,ad,3a8b9295-6ae2-4e8a-b9b0-a607d7fec0a4,error_ratio,trace_server_error_ratio,0.0
1776461933.63,ad,3a8b9295-6ae2-4e8a-b9b0-a607d7fec0a4,request_count,trace_server_count,0.0
1776461933.63,ad,5680c7ee-584c-4353-b6d2-93bc605a0324,dependency_error_ratio,trace_client_error_ratio,0.0
1776461933.63,ad,5680c7ee-584c-4353-b6d2-93bc605a0324,error_ratio,trace_server_error_ratio,0.0
1776461933.63,ad,5680c7ee-584c-4353-b6d2-93bc605a0324,request_count,trace_server_count,0.0
1776461933.63,ad,9f9a3c1c-bd3f-40ea-8764-b59f1ebd2204,dependency_error_ratio,trace_client_error_ratio,0.0
1776461933.63,ad,ad-7fb5b4f859-52ks9,cpu_usage,container_cpu_usage,0.0032996187293858454
1776461933.63,ad,ad-7fb5b4f859-52ks9,memory_usage,container_memory_working_set_bytes,260431872.0
1776461933.63,ad,ad-7fb5b4f859-rd4zw,cpu_usage,container_cpu_usage,0.0011662368364444297
1776461933.63,ad,ad-7fb5b4f859-rd4zw,memory_usage,container_memory_working_set_bytes,238317568.0
1776461933.63,ad,ad-7fb5b4f859-zsstr,cpu_usage,container_cpu_usage,0.00344205348908879
1776461933.63,ad,ad-7fb5b4f859-zsstr,memory_usage,container_memory_working_set_bytes,261746688.0
1776461933.63,ad,ad::service,pod_restart_count,k8s_container_restarts,3.0
1776461933.63,ad,ad::service,pod_running_count,k8s_container_ready,3.0
1776461933.63,cart,cart-7c7496d7f-th7mc,cpu_usage,container_cpu_usage,0.05597845561353267
1776461933.63,cart,cart-7c7496d7f-th7mc,memory_usage,container_memory_working_set_bytes,62939136.0
1776461933.63,cart,cart::service,pod_restart_count,k8s_container_restarts,1.0
1776461933.63,cart,cart::service,pod_running_count,k8s_container_ready,1.0
1776461933.63,cart,f1f3afac-3031-4c18-925a-048232421d89,dependency_error_ratio,trace_client_error_ratio,0.0
1776461933.63,cart,f1f3afac-3031-4c18-925a-048232421d89,error_ratio,trace_server_error_ratio,0.0
1776461933.63,cart,f1f3afac-3031-4c18-925a-048232421d89,request_count,trace_server_count,0.0
1776461933.63,checkout,4755bdbd-5ad9-49fa-acb7-3a7dcb6a9277,dependency_error_ratio,trace_client_error_ratio,0.0
1776461933.63,checkout,4755bdbd-5ad9-49fa-acb7-3a7dcb6a9277,error_ratio,trace_server_error_ratio,0.0
1776461933.63,checkout,4755bdbd-5ad9-49fa-acb7-3a7dcb6a9277,request_count,trace_server_count,0.0
1776461933.63,checkout,bb49e6b9-109a-41b8-be66-ab2a38272474,dependency_error_ratio,trace_client_error_ratio,0.0
1776461933.63,checkout,bb49e6b9-109a-41b8-be66-ab2a38272474,error_ratio,trace_server_error_ratio,0.0
1776461933.63,checkout,bb49e6b9-109a-41b8-be66-ab2a38272474,request_count,trace_server_count,0.0
1776461933.63,checkout,bc5804df-6f63-4261-8788-8ecfe5481366,dependency_error_ratio,trace_client_error_ratio,0.0
1776461933.63,checkout,bc5804df-6f63-4261-8788-8ecfe5481366,error_ratio,trace_server_error_ratio,0.0
1776461933.63,checkout,bc5804df-6f63-4261-8788-8ecfe5481366,request_count,trace_server_count,0.0
1776461933.63,checkout,checkout-7f4ccfc547-6crwh,cpu_usage,container_cpu_usage,0.12493086763595025
1776461933.63,checkout,checkout-7f4ccfc547-6crwh,memory_usage,container_memory_working_set_bytes,15093760.0
1776461933.63,checkout,checkout-7f4ccfc547-ftx2n,cpu_usage,container_cpu_usage,0.0004020223728439785
1776461933.63,checkout,checkout-7f4ccfc547-ftx2n,memory_usage,container_memory_working_set_bytes,12255232.0
1776461933.63,checkout,checkout-7f4ccfc547-qlfgr,cpu_usage,container_cpu_usage,0.03960817957456829
1776461933.63,checkout,checkout-7f4ccfc547-qlfgr,memory_usage,container_memory_working_set_bytes,14712832.0
1776461933.63,checkout,checkout::service,pod_restart_count,k8s_container_restarts,45.0
1776461933.63,checkout,checkout::service,pod_running_count,k8s_container_ready,3.0
1776461933.63,email,email-5dcf48b665-66zvj,cpu_usage,container_cpu_usage,0.009806091903720266
1776461933.63,email,email-5dcf48b665-66zvj,memory_usage,container_memory_working_set_bytes,59580416.0
1776461933.63,email,email-5dcf48b665-9xxmx,cpu_usage,container_cpu_usage,0.005559122033580608
1776461933.63,email,email-5dcf48b665-9xxmx,memory_usage,container_memory_working_set_bytes,56160256.0
1776461933.63,email,email-5dcf48b665-n4zf2,cpu_usage,container_cpu_usage,0.0006770636147832721
1776461933.63,email,email-5dcf48b665-n4zf2,memory_usage,container_memory_working_set_bytes,54947840.0
1776461933.63,email,email::service,pod_restart_count,k8s_container_restarts,9.0
1776461933.63,email,email::service,pod_running_count,k8s_container_ready,3.0
1776461933.63,email,otel-demo.email-5dcf48b665-66zvj.email,error_ratio,trace_server_error_ratio,0.0
1776461933.63,email,otel-demo.email-5dcf48b665-66zvj.email,request_count,trace_server_count,0.0
1776461933.63,email,otel-demo.email-5dcf48b665-9xxmx.email,error_ratio,trace_server_error_ratio,0.0
1776461933.63,email,otel-demo.email-5dcf48b665-9xxmx.email,request_count,trace_server_count,0.0
1776461933.63,email,otel-demo.email-5dcf48b665-n4zf2.email,error_ratio,trace_server_error_ratio,0.0
1776461933.63,email,otel-demo.email-5dcf48b665-n4zf2.email,request_count,trace_server_count,0.0
1776461933.63,frontend,frontend-b78bf7696-6bjdg,cpu_usage,container_cpu_usage,0.0982394771373934
1776461933.63,frontend,frontend-b78bf7696-6bjdg,memory_usage,container_memory_working_set_bytes,118419456.0
1776461933.63,frontend,frontend-b78bf7696-77ldd,cpu_usage,container_cpu_usage,0.07251080453438305
1776461933.63,frontend,frontend-b78bf7696-77ldd,memory_usage,container_memory_working_set_bytes,105353216.0
1776461933.63,frontend,frontend-b78bf7696-p9kqx,cpu_usage,container_cpu_usage,0.08978421855755855
1776461933.63,frontend,frontend-b78bf7696-p9kqx,memory_usage,container_memory_working_set_bytes,118345728.0
1776461933.63,frontend,frontend::service,pod_restart_count,k8s_container_restarts,3.0
1776461933.63,frontend,frontend::service,pod_running_count,k8s_container_ready,3.0
1776461933.63,frontend,otel-demo.frontend-b78bf7696-6bjdg.frontend,dependency_error_ratio,trace_client_error_ratio,0.0
1776461933.63,frontend,otel-demo.frontend-b78bf7696-6bjdg.frontend,error_ratio,trace_server_error_ratio,0.0
1776461933.63,frontend,otel-demo.frontend-b78bf7696-6bjdg.frontend,http_5xx_ratio,http_server_5xx_ratio,0.0
1776461933.63,frontend,otel-demo.frontend-b78bf7696-6bjdg.frontend,request_count,trace_server_count,0.0
1776461933.63,frontend,otel-demo.frontend-b78bf7696-77ldd.frontend,dependency_error_ratio,trace_client_error_ratio,0.0
1776461933.63,frontend,otel-demo.frontend-b78bf7696-77ldd.frontend,error_ratio,trace_server_error_ratio,0.0
1776461933.63,frontend,otel-demo.frontend-b78bf7696-77ldd.frontend,http_5xx_ratio,http_server_5xx_ratio,0.0
1776461933.63,frontend,otel-demo.frontend-b78bf7696-77ldd.frontend,request_count,trace_server_count,0.0
1776461933.63,frontend,otel-demo.frontend-b78bf7696-p9kqx.frontend,dependency_error_ratio,trace_client_error_ratio,0.0
1776461933.63,frontend,otel-demo.frontend-b78bf7696-p9kqx.frontend,error_ratio,trace_server_error_ratio,0.0
1776461933.63,frontend,otel-demo.frontend-b78bf7696-p9kqx.frontend,http_5xx_ratio,http_server_5xx_ratio,0.0
1776461933.63,frontend,otel-demo.frontend-b78bf7696-p9kqx.frontend,request_count,trace_server_count,0.0
1776461933.63,kafka,kafka-66df8bdf76-zjcbb,cpu_usage,container_cpu_usage,0.012389173804473345
1776461933.63,kafka,kafka-66df8bdf76-zjcbb,memory_usage,container_memory_working_set_bytes,665403392.0
1776461933.63,kafka,kafka::service,pod_restart_count,k8s_container_restarts,9.0
1776461933.63,kafka,kafka::service,pod_running_count,k8s_container_ready,1.0
1776461933.63,kafka,kafka::service,queue_lag,queue_size_ratio,0.0
1776461933.63,payment,otel-demo.payment-f9f8d647b-74h8z.payment,dependency_error_ratio,trace_client_error_ratio,0.0
1776461933.63,payment,otel-demo.payment-f9f8d647b-74h8z.payment,error_ratio,trace_server_error_ratio,0.0
1776461933.63,payment,otel-demo.payment-f9f8d647b-74h8z.payment,request_count,trace_server_count,0.0
1776461933.63,payment,otel-demo.payment-f9f8d647b-75hmx.payment,dependency_error_ratio,trace_client_error_ratio,0.0
1776461933.63,payment,otel-demo.payment-f9f8d647b-75hmx.payment,error_ratio,trace_server_error_ratio,0.0
1776461933.63,payment,otel-demo.payment-f9f8d647b-75hmx.payment,request_count,trace_server_count,0.0
1776461933.63,payment,otel-demo.payment-f9f8d647b-tv6l5.payment,dependency_error_ratio,trace_client_error_ratio,0.0
1776461933.63,payment,otel-demo.payment-f9f8d647b-tv6l5.payment,error_ratio,trace_server_error_ratio,0.0
1776461933.63,payment,otel-demo.payment-f9f8d647b-tv6l5.payment,request_count,trace_server_count,0.0
1776461933.63,payment,payment-f9f8d647b-74h8z,cpu_usage,container_cpu_usage,0.009587063997159462
1776461933.63,payment,payment-f9f8d647b-74h8z,memory_usage,container_memory_working_set_bytes,109699072.0
1776461933.63,payment,payment-f9f8d647b-75hmx,cpu_usage,container_cpu_usage,0.01274374329969302
1776461933.63,payment,payment-f9f8d647b-75hmx,memory_usage,container_memory_working_set_bytes,110198784.0
1776461933.63,payment,payment-f9f8d647b-tv6l5,cpu_usage,container_cpu_usage,0.006417990192490483
1776461933.63,payment,payment-f9f8d647b-tv6l5,memory_usage,container_memory_working_set_bytes,99213312.0
1776461933.63,payment,payment::service,pod_restart_count,k8s_container_restarts,39.0
1776461933.63,payment,payment::service,pod_running_count,k8s_container_ready,3.0
1776461933.63,product-catalog,otel-demo.product-catalog-784544475c-7crs7.product-catalog,dependency_error_ratio,trace_client_error_ratio,0.0
1776461933.63,product-catalog,otel-demo.product-catalog-784544475c-7crs7.product-catalog,error_ratio,trace_server_error_ratio,0.0
1776461933.63,product-catalog,otel-demo.product-catalog-784544475c-7crs7.product-catalog,request_count,trace_server_count,0.0
1776461933.63,product-catalog,otel-demo.product-catalog-784544475c-8skc7.product-catalog,dependency_error_ratio,trace_client_error_ratio,0.0
1776461933.63,product-catalog,otel-demo.product-catalog-784544475c-8skc7.product-catalog,error_ratio,trace_server_error_ratio,0.0
1776461933.63,product-catalog,otel-demo.product-catalog-784544475c-8skc7.product-catalog,request_count,trace_server_count,0.0
1776461933.63,product-catalog,otel-demo.product-catalog-784544475c-stwzc.product-catalog,dependency_error_ratio,trace_client_error_ratio,0.0
1776461933.63,product-catalog,otel-demo.product-catalog-784544475c-stwzc.product-catalog,error_ratio,trace_server_error_ratio,0.0
1776461933.63,product-catalog,otel-demo.product-catalog-784544475c-stwzc.product-catalog,request_count,trace_server_count,0.0
1776461933.63,product-catalog,product-catalog-784544475c-7crs7,cpu_usage,container_cpu_usage,0.029657289141368455
1776461933.63,product-catalog,product-catalog-784544475c-7crs7,memory_usage,container_memory_working_set_bytes,15114240.0
1776461933.63,product-catalog,product-catalog-784544475c-8skc7,cpu_usage,container_cpu_usage,0.09171740104949849
1776461933.63,product-catalog,product-catalog-784544475c-8skc7,memory_usage,container_memory_working_set_bytes,15323136.0
1776461933.63,product-catalog,product-catalog-784544475c-stwzc,cpu_usage,container_cpu_usage,0.00044825710431263343
1776461933.63,product-catalog,product-catalog-784544475c-stwzc,memory_usage,container_memory_working_set_bytes,31854592.0
1776461933.63,product-catalog,product-catalog::service,pod_restart_count,k8s_container_restarts,37.0
1776461933.63,product-catalog,product-catalog::service,pod_running_count,k8s_container_ready,3.0
1776461933.63,recommendation,otel-demo.recommendation-5b46f7469c-g2rgb.recommendation,dependency_error_ratio,trace_client_error_ratio,0.0
1776461933.63,recommendation,otel-demo.recommendation-5b46f7469c-rjwxq.recommendation,dependency_error_ratio,trace_client_error_ratio,0.0
1776461933.63,recommendation,otel-demo.recommendation-5b46f7469c-rjwxq.recommendation,error_ratio,trace_server_error_ratio,0.0
1776461933.63,recommendation,otel-demo.recommendation-5b46f7469c-rjwxq.recommendation,request_count,trace_server_count,0.0
1776461933.63,recommendation,otel-demo.recommendation-5b46f7469c-t2fm9.recommendation,dependency_error_ratio,trace_client_error_ratio,0.0
1776461933.63,recommendation,otel-demo.recommendation-5b46f7469c-t2fm9.recommendation,error_ratio,trace_server_error_ratio,0.0
1776461933.63,recommendation,otel-demo.recommendation-5b46f7469c-t2fm9.recommendation,request_count,trace_server_count,0.0
1776461933.63,recommendation,recommendation-5b46f7469c-g2rgb,cpu_usage,container_cpu_usage,0.008318356164385244
1776461933.63,recommendation,recommendation-5b46f7469c-g2rgb,memory_usage,container_memory_working_set_bytes,46891008.0
1776461933.63,recommendation,recommendation-5b46f7469c-rjwxq,cpu_usage,container_cpu_usage,0.012407478812587169
1776461933.63,recommendation,recommendation-5b46f7469c-rjwxq,memory_usage,container_memory_working_set_bytes,47865856.0
1776461933.63,recommendation,recommendation-5b46f7469c-t2fm9,cpu_usage,container_cpu_usage,0.02321482952915797
1776461933.63,recommendation,recommendation-5b46f7469c-t2fm9,memory_usage,container_memory_working_set_bytes,52555776.0
1776461933.63,recommendation,recommendation::service,pod_restart_count,k8s_container_restarts,3.0
1776461933.63,recommendation,recommendation::service,pod_running_count,k8s_container_ready,3.0
1776461943.63,ad,3a8b9295-6ae2-4e8a-b9b0-a607d7fec0a4,dependency_error_ratio,trace_client_error_ratio,0.0
1776461943.63,ad,3a8b9295-6ae2-4e8a-b9b0-a607d7fec0a4,error_ratio,trace_server_error_ratio,0.0
1776461943.63,ad,3a8b9295-6ae2-4e8a-b9b0-a607d7fec0a4,request_count,trace_server_count,0.0
1776461943.63,ad,5680c7ee-584c-4353-b6d2-93bc605a0324,dependency_error_ratio,trace_client_error_ratio,0.0
1776461943.63,ad,5680c7ee-584c-4353-b6d2-93bc605a0324,error_ratio,trace_server_error_ratio,0.0
1776461943.63,ad,5680c7ee-584c-4353-b6d2-93bc605a0324,request_count,trace_server_count,0.0
1776461943.63,ad,9f9a3c1c-bd3f-40ea-8764-b59f1ebd2204,dependency_error_ratio,trace_client_error_ratio,0.0
1776461943.63,ad,ad-7fb5b4f859-52ks9,cpu_usage,container_cpu_usage,0.00330091314030555
1776461943.63,ad,ad-7fb5b4f859-52ks9,memory_usage,container_memory_working_set_bytes,260427776.0
1776461943.63,ad,ad-7fb5b4f859-rd4zw,cpu_usage,container_cpu_usage,0.0010737554067033483
1776461943.63,ad,ad-7fb5b4f859-rd4zw,memory_usage,container_memory_working_set_bytes,238317568.0
1776461943.63,ad,ad-7fb5b4f859-zsstr,cpu_usage,container_cpu_usage,0.0030437847861865606
1776461943.63,ad,ad-7fb5b4f859-zsstr,memory_usage,container_memory_working_set_bytes,261746688.0
1776461943.63,ad,ad::service,pod_restart_count,k8s_container_restarts,3.0
1776461943.63,ad,ad::service,pod_running_count,k8s_container_ready,3.0
1776461943.63,cart,cart-7c7496d7f-th7mc,cpu_usage,container_cpu_usage,0.05387228096979937
1776461943.63,cart,cart-7c7496d7f-th7mc,memory_usage,container_memory_working_set_bytes,62922752.0
1776461943.63,cart,cart::service,pod_restart_count,k8s_container_restarts,1.0
1776461943.63,cart,cart::service,pod_running_count,k8s_container_ready,1.0
1776461943.63,cart,f1f3afac-3031-4c18-925a-048232421d89,dependency_error_ratio,trace_client_error_ratio,0.0
1776461943.63,cart,f1f3afac-3031-4c18-925a-048232421d89,error_ratio,trace_server_error_ratio,0.0
1776461943.63,cart,f1f3afac-3031-4c18-925a-048232421d89,request_count,trace_server_count,0.0
1776461943.63,checkout,4755bdbd-5ad9-49fa-acb7-3a7dcb6a9277,dependency_error_ratio,trace_client_error_ratio,0.0
1776461943.63,checkout,4755bdbd-5ad9-49fa-acb7-3a7dcb6a9277,error_ratio,trace_server_error_ratio,0.0
1776461943.63,checkout,4755bdbd-5ad9-49fa-acb7-3a7dcb6a9277,request_count,trace_server_count,0.0
1776461943.63,checkout,bb49e6b9-109a-41b8-be66-ab2a38272474,dependency_error_ratio,trace_client_error_ratio,0.0
1776461943.63,checkout,bb49e6b9-109a-41b8-be66-ab2a38272474,error_ratio,trace_server_error_ratio,0.0
1776461943.63,checkout,bb49e6b9-109a-41b8-be66-ab2a38272474,request_count,trace_server_count,0.0
1776461943.63,checkout,bc5804df-6f63-4261-8788-8ecfe5481366,dependency_error_ratio,trace_client_error_ratio,0.0
1776461943.63,checkout,bc5804df-6f63-4261-8788-8ecfe5481366,error_ratio,trace_server_error_ratio,0.0
1776461943.63,checkout,bc5804df-6f63-4261-8788-8ecfe5481366,request_count,trace_server_count,0.0
1776461943.63,checkout,checkout-7f4ccfc547-6crwh,cpu_usage,container_cpu_usage,0.12207790096698967
1776461943.63,checkout,checkout-7f4ccfc547-6crwh,memory_usage,container_memory_working_set_bytes,16216064.0
1776461943.63,checkout,checkout-7f4ccfc547-ftx2n,cpu_usage,container_cpu_usage,0.0004020223728439785
1776461943.63,checkout,checkout-7f4ccfc547-ftx2n,memory_usage,container_memory_working_set_bytes,12255232.0
1776461943.63,checkout,checkout-7f4ccfc547-qlfgr,cpu_usage,container_cpu_usage,0.033820729944836654
1776461943.63,checkout,checkout-7f4ccfc547-qlfgr,memory_usage,container_memory_working_set_bytes,14745600.0
1776461943.63,checkout,checkout::service,pod_restart_count,k8s_container_restarts,45.0
1776461943.63,checkout,checkout::service,pod_running_count,k8s_container_ready,3.0
1776461943.63,email,email-5dcf48b665-66zvj,cpu_usage,container_cpu_usage,0.007437723617557297
1776461943.63,email,email-5dcf48b665-66zvj,memory_usage,container_memory_working_set_bytes,59531264.0
1776461943.63,email,email-5dcf48b665-9xxmx,cpu_usage,container_cpu_usage,0.004878974141585274
1776461943.63,email,email-5dcf48b665-9xxmx,memory_usage,container_memory_working_set_bytes,56266752.0
1776461943.63,email,email-5dcf48b665-n4zf2,cpu_usage,container_cpu_usage,0.006068801800318455
1776461943.63,email,email-5dcf48b665-n4zf2,memory_usage,container_memory_working_set_bytes,54468608.0
1776461943.63,email,email::service,pod_restart_count,k8s_container_restarts,9.0
1776461943.63,email,email::service,pod_running_count,k8s_container_ready,3.0
1776461943.63,email,otel-demo.email-5dcf48b665-66zvj.email,error_ratio,trace_server_error_ratio,0.0
1776461943.63,email,otel-demo.email-5dcf48b665-66zvj.email,request_count,trace_server_count,0.0
1776461943.63,email,otel-demo.email-5dcf48b665-9xxmx.email,error_ratio,trace_server_error_ratio,0.0
1776461943.63,email,otel-demo.email-5dcf48b665-9xxmx.email,request_count,trace_server_count,0.0
1776461943.63,email,otel-demo.email-5dcf48b665-n4zf2.email,error_ratio,trace_server_error_ratio,0.0
1776461943.63,email,otel-demo.email-5dcf48b665-n4zf2.email,request_count,trace_server_count,0.0
1776461943.63,frontend,frontend-b78bf7696-6bjdg,cpu_usage,container_cpu_usage,0.11275315468888736
1776461943.63,frontend,frontend-b78bf7696-6bjdg,memory_usage,container_memory_working_set_bytes,119541760.0
1776461943.63,frontend,frontend-b78bf7696-77ldd,cpu_usage,container_cpu_usage,0.06143928217154476
1776461943.63,frontend,frontend-b78bf7696-77ldd,memory_usage,container_memory_working_set_bytes,105123840.0
1776461943.63,frontend,frontend-b78bf7696-p9kqx,cpu_usage,container_cpu_usage,0.09204828177396145
1776461943.63,frontend,frontend-b78bf7696-p9kqx,memory_usage,container_memory_working_set_bytes,118345728.0
1776461943.63,frontend,frontend::service,pod_restart_count,k8s_container_restarts,3.0
1776461943.63,frontend,frontend::service,pod_running_count,k8s_container_ready,3.0
1776461943.63,frontend,otel-demo.frontend-b78bf7696-6bjdg.frontend,dependency_error_ratio,trace_client_error_ratio,0.0
1776461943.63,frontend,otel-demo.frontend-b78bf7696-6bjdg.frontend,error_ratio,trace_server_error_ratio,0.0
1776461943.63,frontend,otel-demo.frontend-b78bf7696-6bjdg.frontend,http_5xx_ratio,http_server_5xx_ratio,0.0
1776461943.63,frontend,otel-demo.frontend-b78bf7696-6bjdg.frontend,request_count,trace_server_count,0.0
1776461943.63,frontend,otel-demo.frontend-b78bf7696-77ldd.frontend,dependency_error_ratio,trace_client_error_ratio,0.0
1776461943.63,frontend,otel-demo.frontend-b78bf7696-77ldd.frontend,error_ratio,trace_server_error_ratio,0.0
1776461943.63,frontend,otel-demo.frontend-b78bf7696-77ldd.frontend,http_5xx_ratio,http_server_5xx_ratio,0.0
1776461943.63,frontend,otel-demo.frontend-b78bf7696-77ldd.frontend,request_count,trace_server_count,0.0
1776461943.63,frontend,otel-demo.frontend-b78bf7696-p9kqx.frontend,dependency_error_ratio,trace_client_error_ratio,0.0
1776461943.63,frontend,otel-demo.frontend-b78bf7696-p9kqx.frontend,error_ratio,trace_server_error_ratio,0.0
1776461943.63,frontend,otel-demo.frontend-b78bf7696-p9kqx.frontend,http_5xx_ratio,http_server_5xx_ratio,0.0
1776461943.63,frontend,otel-demo.frontend-b78bf7696-p9kqx.frontend,request_count,trace_server_count,0.0
1776461943.63,kafka,kafka-66df8bdf76-zjcbb,cpu_usage,container_cpu_usage,0.013056649310173623
1776461943.63,kafka,kafka-66df8bdf76-zjcbb,memory_usage,container_memory_working_set_bytes,665444352.0
1776461943.63,kafka,kafka::service,pod_restart_count,k8s_container_restarts,9.0
1776461943.63,kafka,kafka::service,pod_running_count,k8s_container_ready,1.0
1776461943.63,kafka,kafka::service,queue_lag,queue_size_ratio,0.0
1776461943.63,payment,otel-demo.payment-f9f8d647b-74h8z.payment,dependency_error_ratio,trace_client_error_ratio,0.0
1776461943.63,payment,otel-demo.payment-f9f8d647b-74h8z.payment,error_ratio,trace_server_error_ratio,0.0
1776461943.63,payment,otel-demo.payment-f9f8d647b-74h8z.payment,request_count,trace_server_count,0.0
1776461943.63,payment,otel-demo.payment-f9f8d647b-75hmx.payment,dependency_error_ratio,trace_client_error_ratio,0.0
1776461943.63,payment,otel-demo.payment-f9f8d647b-75hmx.payment,error_ratio,trace_server_error_ratio,0.0
1776461943.63,payment,otel-demo.payment-f9f8d647b-75hmx.payment,request_count,trace_server_count,0.0
1776461943.63,payment,otel-demo.payment-f9f8d647b-tv6l5.payment,dependency_error_ratio,trace_client_error_ratio,0.0
1776461943.63,payment,otel-demo.payment-f9f8d647b-tv6l5.payment,error_ratio,trace_server_error_ratio,0.0
1776461943.63,payment,otel-demo.payment-f9f8d647b-tv6l5.payment,request_count,trace_server_count,0.0
1776461943.63,payment,payment-f9f8d647b-74h8z,cpu_usage,container_cpu_usage,0.009230221295248933
1776461943.63,payment,payment-f9f8d647b-74h8z,memory_usage,container_memory_working_set_bytes,109694976.0
1776461943.63,payment,payment-f9f8d647b-75hmx,cpu_usage,container_cpu_usage,0.014387821849551513
1776461943.63,payment,payment-f9f8d647b-75hmx,memory_usage,container_memory_working_set_bytes,110202880.0
1776461943.63,payment,payment-f9f8d647b-tv6l5,cpu_usage,container_cpu_usage,0.006211952344350584
1776461943.63,payment,payment-f9f8d647b-tv6l5,memory_usage,container_memory_working_set_bytes,99213312.0
1776461943.63,payment,payment::service,pod_restart_count,k8s_container_restarts,39.0
1776461943.63,payment,payment::service,pod_running_count,k8s_container_ready,3.0
1776461943.63,product-catalog,otel-demo.product-catalog-784544475c-7crs7.product-catalog,dependency_error_ratio,trace_client_error_ratio,0.0
1776461943.63,product-catalog,otel-demo.product-catalog-784544475c-7crs7.product-catalog,error_ratio,trace_server_error_ratio,0.0
1776461943.63,product-catalog,otel-demo.product-catalog-784544475c-7crs7.product-catalog,request_count,trace_server_count,0.0
1776461943.63,product-catalog,otel-demo.product-catalog-784544475c-8skc7.product-catalog,dependency_error_ratio,trace_client_error_ratio,0.0
1776461943.63,product-catalog,otel-demo.product-catalog-784544475c-8skc7.product-catalog,error_ratio,trace_server_error_ratio,0.0
1776461943.63,product-catalog,otel-demo.product-catalog-784544475c-8skc7.product-catalog,request_count,trace_server_count,0.0
1776461943.63,product-catalog,otel-demo.product-catalog-784544475c-stwzc.product-catalog,dependency_error_ratio,trace_client_error_ratio,0.0
1776461943.63,product-catalog,otel-demo.product-catalog-784544475c-stwzc.product-catalog,error_ratio,trace_server_error_ratio,0.0
1776461943.63,product-catalog,otel-demo.product-catalog-784544475c-stwzc.product-catalog,request_count,trace_server_count,0.0
1776461943.63,product-catalog,product-catalog-784544475c-7crs7,cpu_usage,container_cpu_usage,0.031631063666656835
1776461943.63,product-catalog,product-catalog-784544475c-7crs7,memory_usage,container_memory_working_set_bytes,15114240.0
1776461943.63,product-catalog,product-catalog-784544475c-8skc7,cpu_usage,container_cpu_usage,0.09228261056247701
1776461943.63,product-catalog,product-catalog-784544475c-8skc7,memory_usage,container_memory_working_set_bytes,15958016.0
1776461943.63,product-catalog,product-catalog-784544475c-stwzc,cpu_usage,container_cpu_usage,0.0004296977949573926
1776461943.63,product-catalog,product-catalog-784544475c-stwzc,memory_usage,container_memory_working_set_bytes,31870976.0
1776461943.63,product-catalog,product-catalog::service,pod_restart_count,k8s_container_restarts,37.0
1776461943.63,product-catalog,product-catalog::service,pod_running_count,k8s_container_ready,3.0
1776461943.63,recommendation,otel-demo.recommendation-5b46f7469c-g2rgb.recommendation,dependency_error_ratio,trace_client_error_ratio,0.0
1776461943.63,recommendation,otel-demo.recommendation-5b46f7469c-rjwxq.recommendation,dependency_error_ratio,trace_client_error_ratio,0.0
1776461943.63,recommendation,otel-demo.recommendation-5b46f7469c-rjwxq.recommendation,error_ratio,trace_server_error_ratio,0.0
1776461943.63,recommendation,otel-demo.recommendation-5b46f7469c-rjwxq.recommendation,request_count,trace_server_count,0.0
1776461943.63,recommendation,otel-demo.recommendation-5b46f7469c-t2fm9.recommendation,dependency_error_ratio,trace_client_error_ratio,0.0
1776461943.63,recommendation,otel-demo.recommendation-5b46f7469c-t2fm9.recommendation,error_ratio,trace_server_error_ratio,0.0
1776461943.63,recommendation,otel-demo.recommendation-5b46f7469c-t2fm9.recommendation,request_count,trace_server_count,0.0
1776461943.63,recommendation,recommendation-5b46f7469c-g2rgb,cpu_usage,container_cpu_usage,0.009240019175454759
1776461943.63,recommendation,recommendation-5b46f7469c-g2rgb,memory_usage,container_memory_working_set_bytes,46891008.0
1776461943.63,recommendation,recommendation-5b46f7469c-rjwxq,cpu_usage,container_cpu_usage,0.01799623664616193
1776461943.63,recommendation,recommendation-5b46f7469c-rjwxq,memory_usage,container_memory_working_set_bytes,47820800.0
1776461943.63,recommendation,recommendation-5b46f7469c-t2fm9,cpu_usage,container_cpu_usage,0.028627804920234246
1776461943.63,recommendation,recommendation-5b46f7469c-t2fm9,memory_usage,container_memory_working_set_bytes,52576256.0
1776461943.63,recommendation,recommendation::service,pod_restart_count,k8s_container_restarts,3.0
1776461943.63,recommendation,recommendation::service,pod_running_count,k8s_container_ready,3.0
1776461953.63,ad,3a8b9295-6ae2-4e8a-b9b0-a607d7fec0a4,dependency_error_ratio,trace_client_error_ratio,0.0
1776461953.63,ad,3a8b9295-6ae2-4e8a-b9b0-a607d7fec0a4,error_ratio,trace_server_error_ratio,0.0
1776461953.63,ad,3a8b9295-6ae2-4e8a-b9b0-a607d7fec0a4,request_count,trace_server_count,0.0
1776461953.63,ad,5680c7ee-584c-4353-b6d2-93bc605a0324,dependency_error_ratio,trace_client_error_ratio,0.0
1776461953.63,ad,5680c7ee-584c-4353-b6d2-93bc605a0324,error_ratio,trace_server_error_ratio,0.0
1776461953.63,ad,5680c7ee-584c-4353-b6d2-93bc605a0324,request_count,trace_server_count,0.0
1776461953.63,ad,9f9a3c1c-bd3f-40ea-8764-b59f1ebd2204,dependency_error_ratio,trace_client_error_ratio,0.0
1776461953.63,ad,ad-7fb5b4f859-52ks9,cpu_usage,container_cpu_usage,0.003138009899294257
1776461953.63,ad,ad-7fb5b4f859-52ks9,memory_usage,container_memory_working_set_bytes,260427776.0
1776461953.63,ad,ad-7fb5b4f859-rd4zw,cpu_usage,container_cpu_usage,0.001284336674972607
1776461953.63,ad,ad-7fb5b4f859-rd4zw,memory_usage,container_memory_working_set_bytes,238317568.0
1776461953.63,ad,ad-7fb5b4f859-zsstr,cpu_usage,container_cpu_usage,0.0038326244395940506
1776461953.63,ad,ad-7fb5b4f859-zsstr,memory_usage,container_memory_working_set_bytes,261742592.0
1776461953.63,ad,ad::service,pod_restart_count,k8s_container_restarts,3.0
1776461953.63,ad,ad::service,pod_running_count,k8s_container_ready,3.0
1776461953.63,cart,cart-7c7496d7f-th7mc,cpu_usage,container_cpu_usage,0.05382001741064746
1776461953.63,cart,cart-7c7496d7f-th7mc,memory_usage,container_memory_working_set_bytes,63225856.0
1776461953.63,cart,cart::service,pod_restart_count,k8s_container_restarts,1.0
1776461953.63,cart,cart::service,pod_running_count,k8s_container_ready,1.0
1776461953.63,cart,f1f3afac-3031-4c18-925a-048232421d89,dependency_error_ratio,trace_client_error_ratio,0.0
1776461953.63,cart,f1f3afac-3031-4c18-925a-048232421d89,error_ratio,trace_server_error_ratio,0.0
1776461953.63,cart,f1f3afac-3031-4c18-925a-048232421d89,request_count,trace_server_count,0.0
1776461953.63,checkout,4755bdbd-5ad9-49fa-acb7-3a7dcb6a9277,dependency_error_ratio,trace_client_error_ratio,0.0
1776461953.63,checkout,4755bdbd-5ad9-49fa-acb7-3a7dcb6a9277,error_ratio,trace_server_error_ratio,0.0
1776461953.63,checkout,4755bdbd-5ad9-49fa-acb7-3a7dcb6a9277,request_count,trace_server_count,0.0
1776461953.63,checkout,bb49e6b9-109a-41b8-be66-ab2a38272474,dependency_error_ratio,trace_client_error_ratio,0.0
1776461953.63,checkout,bb49e6b9-109a-41b8-be66-ab2a38272474,error_ratio,trace_server_error_ratio,0.0
1776461953.63,checkout,bb49e6b9-109a-41b8-be66-ab2a38272474,request_count,trace_server_count,0.0
1776461953.63,checkout,bc5804df-6f63-4261-8788-8ecfe5481366,dependency_error_ratio,trace_client_error_ratio,0.0
1776461953.63,checkout,bc5804df-6f63-4261-8788-8ecfe5481366,error_ratio,trace_server_error_ratio,0.0
1776461953.63,checkout,bc5804df-6f63-4261-8788-8ecfe5481366,request_count,trace_server_count,0.0
1776461953.63,checkout,checkout-7f4ccfc547-6crwh,cpu_usage,container_cpu_usage,0.12073253435953858
1776461953.63,checkout,checkout-7f4ccfc547-6crwh,memory_usage,container_memory_working_set_bytes,14770176.0
1776461953.63,checkout,checkout-7f4ccfc547-ftx2n,cpu_usage,container_cpu_usage,0.00041870279875610587
1776461953.63,checkout,checkout-7f4ccfc547-ftx2n,memory_usage,container_memory_working_set_bytes,11796480.0
1776461953.63,checkout,checkout-7f4ccfc547-qlfgr,cpu_usage,container_cpu_usage,0.018437853071151603
1776461953.63,checkout,checkout-7f4ccfc547-qlfgr,memory_usage,container_memory_working_set_bytes,14745600.0
1776461953.63,checkout,checkout::service,pod_restart_count,k8s_container_restarts,45.0
1776461953.63,checkout,checkout::service,pod_running_count,k8s_container_ready,3.0
1776461953.63,email,email-5dcf48b665-66zvj,cpu_usage,container_cpu_usage,0.004598966003627845
1776461953.63,email,email-5dcf48b665-66zvj,memory_usage,container_memory_working_set_bytes,59531264.0
1776461953.63,email,email-5dcf48b665-9xxmx,cpu_usage,container_cpu_usage,0.004878974141585274
1776461953.63,email,email-5dcf48b665-9xxmx,memory_usage,container_memory_working_set_bytes,56266752.0
1776461953.63,email,email-5dcf48b665-n4zf2,cpu_usage,container_cpu_usage,0.006068801800318455
1776461953.63,email,email-5dcf48b665-n4zf2,memory_usage,container_memory_working_set_bytes,54468608.0
1776461953.63,email,email::service,pod_restart_count,k8s_container_restarts,9.0
1776461953.63,email,email::service,pod_running_count,k8s_container_ready,3.0
1776461953.63,email,otel-demo.email-5dcf48b665-66zvj.email,error_ratio,trace_server_error_ratio,0.0
1776461953.63,email,otel-demo.email-5dcf48b665-66zvj.email,request_count,trace_server_count,0.0
1776461953.63,email,otel-demo.email-5dcf48b665-9xxmx.email,error_ratio,trace_server_error_ratio,0.0
1776461953.63,email,otel-demo.email-5dcf48b665-9xxmx.email,request_count,trace_server_count,0.0
1776461953.63,email,otel-demo.email-5dcf48b665-n4zf2.email,error_ratio,trace_server_error_ratio,0.0
1776461953.63,email,otel-demo.email-5dcf48b665-n4zf2.email,request_count,trace_server_count,0.0
1776461953.63,frontend,frontend-b78bf7696-6bjdg,cpu_usage,container_cpu_usage,0.11275315468888736
1776461953.63,frontend,frontend-b78bf7696-6bjdg,memory_usage,container_memory_working_set_bytes,119541760.0
1776461953.63,frontend,frontend-b78bf7696-77ldd,cpu_usage,container_cpu_usage,0.05498263474577841
1776461953.63,frontend,frontend-b78bf7696-77ldd,memory_usage,container_memory_working_set_bytes,105123840.0
1776461953.63,frontend,frontend-b78bf7696-p9kqx,cpu_usage,container_cpu_usage,0.08728307056090953
1776461953.63,frontend,frontend-b78bf7696-p9kqx,memory_usage,container_memory_working_set_bytes,117497856.0
1776461953.63,frontend,frontend::service,pod_restart_count,k8s_container_restarts,3.0
1776461953.63,frontend,frontend::service,pod_running_count,k8s_container_ready,3.0
1776461953.63,frontend,otel-demo.frontend-b78bf7696-6bjdg.frontend,dependency_error_ratio,trace_client_error_ratio,0.0
1776461953.63,frontend,otel-demo.frontend-b78bf7696-6bjdg.frontend,error_ratio,trace_server_error_ratio,0.0
1776461953.63,frontend,otel-demo.frontend-b78bf7696-6bjdg.frontend,http_5xx_ratio,http_server_5xx_ratio,0.0
1776461953.63,frontend,otel-demo.frontend-b78bf7696-6bjdg.frontend,request_count,trace_server_count,0.0
1776461953.63,frontend,otel-demo.frontend-b78bf7696-77ldd.frontend,dependency_error_ratio,trace_client_error_ratio,0.0
1776461953.63,frontend,otel-demo.frontend-b78bf7696-77ldd.frontend,error_ratio,trace_server_error_ratio,0.0
1776461953.63,frontend,otel-demo.frontend-b78bf7696-77ldd.frontend,http_5xx_ratio,http_server_5xx_ratio,0.0
1776461953.63,frontend,otel-demo.frontend-b78bf7696-77ldd.frontend,request_count,trace_server_count,0.0
1776461953.63,frontend,otel-demo.frontend-b78bf7696-p9kqx.frontend,dependency_error_ratio,trace_client_error_ratio,0.0
1776461953.63,frontend,otel-demo.frontend-b78bf7696-p9kqx.frontend,error_ratio,trace_server_error_ratio,0.0
1776461953.63,frontend,otel-demo.frontend-b78bf7696-p9kqx.frontend,http_5xx_ratio,http_server_5xx_ratio,0.0
1776461953.63,frontend,otel-demo.frontend-b78bf7696-p9kqx.frontend,request_count,trace_server_count,0.0
1776461953.63,kafka,kafka-66df8bdf76-zjcbb,cpu_usage,container_cpu_usage,0.010805241018494264
1776461953.63,kafka,kafka-66df8bdf76-zjcbb,memory_usage,container_memory_working_set_bytes,665444352.0
1776461953.63,kafka,kafka::service,pod_restart_count,k8s_container_restarts,9.0
1776461953.63,kafka,kafka::service,pod_running_count,k8s_container_ready,1.0
1776461953.63,kafka,kafka::service,queue_lag,queue_size_ratio,0.0
1776461953.63,payment,otel-demo.payment-f9f8d647b-74h8z.payment,dependency_error_ratio,trace_client_error_ratio,0.0
1776461953.63,payment,otel-demo.payment-f9f8d647b-74h8z.payment,error_ratio,trace_server_error_ratio,0.0
1776461953.63,payment,otel-demo.payment-f9f8d647b-74h8z.payment,request_count,trace_server_count,0.0
1776461953.63,payment,otel-demo.payment-f9f8d647b-75hmx.payment,dependency_error_ratio,trace_client_error_ratio,0.0
1776461953.63,payment,otel-demo.payment-f9f8d647b-75hmx.payment,error_ratio,trace_server_error_ratio,0.0
1776461953.63,payment,otel-demo.payment-f9f8d647b-75hmx.payment,request_count,trace_server_count,0.0
1776461953.63,payment,otel-demo.payment-f9f8d647b-tv6l5.payment,dependency_error_ratio,trace_client_error_ratio,0.0
1776461953.63,payment,otel-demo.payment-f9f8d647b-tv6l5.payment,error_ratio,trace_server_error_ratio,0.0
1776461953.63,payment,otel-demo.payment-f9f8d647b-tv6l5.payment,request_count,trace_server_count,0.0
1776461953.63,payment,payment-f9f8d647b-74h8z,cpu_usage,container_cpu_usage,0.009027133399363924
1776461953.63,payment,payment-f9f8d647b-74h8z,memory_usage,container_memory_working_set_bytes,109694976.0
1776461953.63,payment,payment-f9f8d647b-75hmx,cpu_usage,container_cpu_usage,0.014387821849551513
1776461953.63,payment,payment-f9f8d647b-75hmx,memory_usage,container_memory_working_set_bytes,110202880.0
1776461953.63,payment,payment-f9f8d647b-tv6l5,cpu_usage,container_cpu_usage,0.006815081785417101
1776461953.63,payment,payment-f9f8d647b-tv6l5,memory_usage,container_memory_working_set_bytes,99213312.0
1776461953.63,payment,payment::service,pod_restart_count,k8s_container_restarts,39.0
1776461953.63,payment,payment::service,pod_running_count,k8s_container_ready,3.0
1776461953.63,product-catalog,otel-demo.product-catalog-784544475c-7crs7.product-catalog,dependency_error_ratio,trace_client_error_ratio,0.0
1776461953.63,product-catalog,otel-demo.product-catalog-784544475c-7crs7.product-catalog,error_ratio,trace_server_error_ratio,0.0
1776461953.63,product-catalog,otel-demo.product-catalog-784544475c-7crs7.product-catalog,request_count,trace_server_count,0.0
1776461953.63,product-catalog,otel-demo.product-catalog-784544475c-8skc7.product-catalog,dependency_error_ratio,trace_client_error_ratio,0.0
1776461953.63,product-catalog,otel-demo.product-catalog-784544475c-8skc7.product-catalog,error_ratio,trace_server_error_ratio,0.0
1776461953.63,product-catalog,otel-demo.product-catalog-784544475c-8skc7.product-catalog,request_count,trace_server_count,0.0
1776461953.63,product-catalog,otel-demo.product-catalog-784544475c-stwzc.product-catalog,dependency_error_ratio,trace_client_error_ratio,0.0
1776461953.63,product-catalog,otel-demo.product-catalog-784544475c-stwzc.product-catalog,error_ratio,trace_server_error_ratio,0.0
1776461953.63,product-catalog,otel-demo.product-catalog-784544475c-stwzc.product-catalog,request_count,trace_server_count,0.0
1776461953.63,product-catalog,product-catalog-784544475c-7crs7,cpu_usage,container_cpu_usage,0.02966424030015052
1776461953.63,product-catalog,product-catalog-784544475c-7crs7,memory_usage,container_memory_working_set_bytes,14618624.0
1776461953.63,product-catalog,product-catalog-784544475c-8skc7,cpu_usage,container_cpu_usage,0.09333357821272764
1776461953.63,product-catalog,product-catalog-784544475c-8skc7,memory_usage,container_memory_working_set_bytes,15958016.0
1776461953.63,product-catalog,product-catalog-784544475c-stwzc,cpu_usage,container_cpu_usage,0.00032681336297571217
1776461953.63,product-catalog,product-catalog-784544475c-stwzc,memory_usage,container_memory_working_set_bytes,31875072.0
1776461953.63,product-catalog,product-catalog::service,pod_restart_count,k8s_container_restarts,37.0
1776461953.63,product-catalog,product-catalog::service,pod_running_count,k8s_container_ready,3.0
1776461953.63,recommendation,otel-demo.recommendation-5b46f7469c-g2rgb.recommendation,dependency_error_ratio,trace_client_error_ratio,0.0
1776461953.63,recommendation,otel-demo.recommendation-5b46f7469c-rjwxq.recommendation,dependency_error_ratio,trace_client_error_ratio,0.0
1776461953.63,recommendation,otel-demo.recommendation-5b46f7469c-rjwxq.recommendation,error_ratio,trace_server_error_ratio,0.0
1776461953.63,recommendation,otel-demo.recommendation-5b46f7469c-rjwxq.recommendation,request_count,trace_server_count,0.0
1776461953.63,recommendation,otel-demo.recommendation-5b46f7469c-t2fm9.recommendation,dependency_error_ratio,trace_client_error_ratio,0.0
1776461953.63,recommendation,otel-demo.recommendation-5b46f7469c-t2fm9.recommendation,error_ratio,trace_server_error_ratio,0.0
1776461953.63,recommendation,otel-demo.recommendation-5b46f7469c-t2fm9.recommendation,request_count,trace_server_count,0.0
1776461953.63,recommendation,recommendation-5b46f7469c-g2rgb,cpu_usage,container_cpu_usage,0.009679716859204282
1776461953.63,recommendation,recommendation-5b46f7469c-g2rgb,memory_usage,container_memory_working_set_bytes,46891008.0
1776461953.63,recommendation,recommendation-5b46f7469c-rjwxq,cpu_usage,container_cpu_usage,0.016667395533641778
1776461953.63,recommendation,recommendation-5b46f7469c-rjwxq,memory_usage,container_memory_working_set_bytes,47820800.0
1776461953.63,recommendation,recommendation-5b46f7469c-t2fm9,cpu_usage,container_cpu_usage,0.031003088639723973
1776461953.63,recommendation,recommendation-5b46f7469c-t2fm9,memory_usage,container_memory_working_set_bytes,52584448.0
1776461953.63,recommendation,recommendation::service,pod_restart_count,k8s_container_restarts,3.0
1776461953.63,recommendation,recommendation::service,pod_running_count,k8s_container_ready,3.0
1776461963.63,ad,3a8b9295-6ae2-4e8a-b9b0-a607d7fec0a4,dependency_error_ratio,trace_client_error_ratio,0.0
1776461963.63,ad,3a8b9295-6ae2-4e8a-b9b0-a607d7fec0a4,error_ratio,trace_server_error_ratio,0.0
1776461963.63,ad,3a8b9295-6ae2-4e8a-b9b0-a607d7fec0a4,request_count,trace_server_count,0.0
1776461963.63,ad,5680c7ee-584c-4353-b6d2-93bc605a0324,dependency_error_ratio,trace_client_error_ratio,0.0
1776461963.63,ad,5680c7ee-584c-4353-b6d2-93bc605a0324,error_ratio,trace_server_error_ratio,0.0
1776461963.63,ad,5680c7ee-584c-4353-b6d2-93bc605a0324,request_count,trace_server_count,0.0
1776461963.63,ad,9f9a3c1c-bd3f-40ea-8764-b59f1ebd2204,dependency_error_ratio,trace_client_error_ratio,0.0
1776461963.63,ad,ad-7fb5b4f859-52ks9,cpu_usage,container_cpu_usage,0.0029733495377388007
1776461963.63,ad,ad-7fb5b4f859-52ks9,memory_usage,container_memory_working_set_bytes,260427776.0
1776461963.63,ad,ad-7fb5b4f859-rd4zw,cpu_usage,container_cpu_usage,0.0011580952768986531
1776461963.63,ad,ad-7fb5b4f859-rd4zw,memory_usage,container_memory_working_set_bytes,238317568.0
1776461963.63,ad,ad-7fb5b4f859-zsstr,cpu_usage,container_cpu_usage,0.0037331142935954093
1776461963.63,ad,ad-7fb5b4f859-zsstr,memory_usage,container_memory_working_set_bytes,261742592.0
1776461963.63,ad,ad::service,pod_restart_count,k8s_container_restarts,3.0
1776461963.63,ad,ad::service,pod_running_count,k8s_container_ready,3.0
1776461963.63,cart,cart-7c7496d7f-th7mc,cpu_usage,container_cpu_usage,0.04373893014943974
1776461963.63,cart,cart-7c7496d7f-th7mc,memory_usage,container_memory_working_set_bytes,63225856.0
1776461963.63,cart,cart::service,pod_restart_count,k8s_container_restarts,1.0
1776461963.63,cart,cart::service,pod_running_count,k8s_container_ready,1.0
1776461963.63,cart,f1f3afac-3031-4c18-925a-048232421d89,dependency_error_ratio,trace_client_error_ratio,0.0
1776461963.63,cart,f1f3afac-3031-4c18-925a-048232421d89,error_ratio,trace_server_error_ratio,0.0
1776461963.63,cart,f1f3afac-3031-4c18-925a-048232421d89,request_count,trace_server_count,0.0
1776461963.63,checkout,4755bdbd-5ad9-49fa-acb7-3a7dcb6a9277,dependency_error_ratio,trace_client_error_ratio,0.0
1776461963.63,checkout,4755bdbd-5ad9-49fa-acb7-3a7dcb6a9277,error_ratio,trace_server_error_ratio,0.0
1776461963.63,checkout,4755bdbd-5ad9-49fa-acb7-3a7dcb6a9277,request_count,trace_server_count,0.0
1776461963.63,checkout,bb49e6b9-109a-41b8-be66-ab2a38272474,dependency_error_ratio,trace_client_error_ratio,0.0
1776461963.63,checkout,bb49e6b9-109a-41b8-be66-ab2a38272474,error_ratio,trace_server_error_ratio,0.0
1776461963.63,checkout,bb49e6b9-109a-41b8-be66-ab2a38272474,request_count,trace_server_count,0.0
1776461963.63,checkout,bc5804df-6f63-4261-8788-8ecfe5481366,dependency_error_ratio,trace_client_error_ratio,0.0
1776461963.63,checkout,bc5804df-6f63-4261-8788-8ecfe5481366,error_ratio,trace_server_error_ratio,0.0
1776461963.63,checkout,bc5804df-6f63-4261-8788-8ecfe5481366,request_count,trace_server_count,0.0
1776461963.63,checkout,checkout-7f4ccfc547-6crwh,cpu_usage,container_cpu_usage,0.12073253435953858
1776461963.63,checkout,checkout-7f4ccfc547-6crwh,memory_usage,container_memory_working_set_bytes,14770176.0
1776461963.63,checkout,checkout-7f4ccfc547-ftx2n,cpu_usage,container_cpu_usage,0.0004322150568799361
1776461963.63,checkout,checkout-7f4ccfc547-ftx2n,memory_usage,container_memory_working_set_bytes,11812864.0
1776461963.63,checkout,checkout-7f4ccfc547-qlfgr,cpu_usage,container_cpu_usage,0.03007831180774926
1776461963.63,checkout,checkout-7f4ccfc547-qlfgr,memory_usage,container_memory_working_set_bytes,14667776.0
1776461963.63,checkout,checkout::service,pod_restart_count,k8s_container_restarts,45.0
1776461963.63,checkout,checkout::service,pod_running_count,k8s_container_ready,3.0
1776461963.63,email,email-5dcf48b665-66zvj,cpu_usage,container_cpu_usage,0.0035661763338484865
1776461963.63,email,email-5dcf48b665-66zvj,memory_usage,container_memory_working_set_bytes,59531264.0
1776461963.63,email,email-5dcf48b665-9xxmx,cpu_usage,container_cpu_usage,0.004422409839482366
1776461963.63,email,email-5dcf48b665-9xxmx,memory_usage,container_memory_working_set_bytes,56238080.0
1776461963.63,email,email-5dcf48b665-n4zf2,cpu_usage,container_cpu_usage,0.010489306351151905
1776461963.63,email,email-5dcf48b665-n4zf2,memory_usage,container_memory_working_set_bytes,54620160.0
1776461963.63,email,email::service,pod_restart_count,k8s_container_restarts,9.0
1776461963.63,email,email::service,pod_running_count,k8s_container_ready,3.0
1776461963.63,email,otel-demo.email-5dcf48b665-66zvj.email,error_ratio,trace_server_error_ratio,0.0
1776461963.63,email,otel-demo.email-5dcf48b665-66zvj.email,request_count,trace_server_count,0.0
1776461963.63,email,otel-demo.email-5dcf48b665-9xxmx.email,error_ratio,trace_server_error_ratio,0.0
1776461963.63,email,otel-demo.email-5dcf48b665-9xxmx.email,request_count,trace_server_count,0.0
1776461963.63,email,otel-demo.email-5dcf48b665-n4zf2.email,error_ratio,trace_server_error_ratio,0.0
1776461963.63,email,otel-demo.email-5dcf48b665-n4zf2.email,request_count,trace_server_count,0.0
1776461963.63,frontend,frontend-b78bf7696-6bjdg,cpu_usage,container_cpu_usage,0.09338305312249762
1776461963.63,frontend,frontend-b78bf7696-6bjdg,memory_usage,container_memory_working_set_bytes,119541760.0
1776461963.63,frontend,frontend-b78bf7696-77ldd,cpu_usage,container_cpu_usage,0.06513910636197506
1776461963.63,frontend,frontend-b78bf7696-77ldd,memory_usage,container_memory_working_set_bytes,106270720.0
1776461963.63,frontend,frontend-b78bf7696-p9kqx,cpu_usage,container_cpu_usage,0.07797423347700035
1776461963.63,frontend,frontend-b78bf7696-p9kqx,memory_usage,container_memory_working_set_bytes,117866496.0
1776461963.63,frontend,frontend::service,pod_restart_count,k8s_container_restarts,3.0
1776461963.63,frontend,frontend::service,pod_running_count,k8s_container_ready,3.0
1776461963.63,frontend,otel-demo.frontend-b78bf7696-6bjdg.frontend,dependency_error_ratio,trace_client_error_ratio,0.0
1776461963.63,frontend,otel-demo.frontend-b78bf7696-6bjdg.frontend,error_ratio,trace_server_error_ratio,0.0
1776461963.63,frontend,otel-demo.frontend-b78bf7696-6bjdg.frontend,http_5xx_ratio,http_server_5xx_ratio,0.0
1776461963.63,frontend,otel-demo.frontend-b78bf7696-6bjdg.frontend,request_count,trace_server_count,0.0
1776461963.63,frontend,otel-demo.frontend-b78bf7696-77ldd.frontend,dependency_error_ratio,trace_client_error_ratio,0.0
1776461963.63,frontend,otel-demo.frontend-b78bf7696-77ldd.frontend,error_ratio,trace_server_error_ratio,0.0
1776461963.63,frontend,otel-demo.frontend-b78bf7696-77ldd.frontend,http_5xx_ratio,http_server_5xx_ratio,0.0
1776461963.63,frontend,otel-demo.frontend-b78bf7696-77ldd.frontend,request_count,trace_server_count,0.0
1776461963.63,frontend,otel-demo.frontend-b78bf7696-p9kqx.frontend,dependency_error_ratio,trace_client_error_ratio,0.0
1776461963.63,frontend,otel-demo.frontend-b78bf7696-p9kqx.frontend,error_ratio,trace_server_error_ratio,0.0
1776461963.63,frontend,otel-demo.frontend-b78bf7696-p9kqx.frontend,http_5xx_ratio,http_server_5xx_ratio,0.0
1776461963.63,frontend,otel-demo.frontend-b78bf7696-p9kqx.frontend,request_count,trace_server_count,0.0
1776461963.63,kafka,kafka-66df8bdf76-zjcbb,cpu_usage,container_cpu_usage,0.012845496654657453
1776461963.63,kafka,kafka-66df8bdf76-zjcbb,memory_usage,container_memory_working_set_bytes,665464832.0
1776461963.63,kafka,kafka::service,pod_restart_count,k8s_container_restarts,9.0
1776461963.63,kafka,kafka::service,pod_running_count,k8s_container_ready,1.0
1776461963.63,kafka,kafka::service,queue_lag,queue_size_ratio,0.0
1776461963.63,payment,otel-demo.payment-f9f8d647b-74h8z.payment,dependency_error_ratio,trace_client_error_ratio,0.0
1776461963.63,payment,otel-demo.payment-f9f8d647b-74h8z.payment,error_ratio,trace_server_error_ratio,0.0
1776461963.63,payment,otel-demo.payment-f9f8d647b-74h8z.payment,request_count,trace_server_count,0.0
1776461963.63,payment,otel-demo.payment-f9f8d647b-75hmx.payment,dependency_error_ratio,trace_client_error_ratio,0.0
1776461963.63,payment,otel-demo.payment-f9f8d647b-75hmx.payment,error_ratio,trace_server_error_ratio,0.0
1776461963.63,payment,otel-demo.payment-f9f8d647b-75hmx.payment,request_count,trace_server_count,0.0
1776461963.63,payment,otel-demo.payment-f9f8d647b-tv6l5.payment,dependency_error_ratio,trace_client_error_ratio,0.0
1776461963.63,payment,otel-demo.payment-f9f8d647b-tv6l5.payment,error_ratio,trace_server_error_ratio,0.0
1776461963.63,payment,otel-demo.payment-f9f8d647b-tv6l5.payment,request_count,trace_server_count,0.0
1776461963.63,payment,payment-f9f8d647b-74h8z,cpu_usage,container_cpu_usage,0.010286309513432316
1776461963.63,payment,payment-f9f8d647b-74h8z,memory_usage,container_memory_working_set_bytes,109699072.0
1776461963.63,payment,payment-f9f8d647b-75hmx,cpu_usage,container_cpu_usage,0.013536389330506845
1776461963.63,payment,payment-f9f8d647b-75hmx,memory_usage,container_memory_working_set_bytes,108793856.0
1776461963.63,payment,payment-f9f8d647b-tv6l5,cpu_usage,container_cpu_usage,0.006815081785417101
1776461963.63,payment,payment-f9f8d647b-tv6l5,memory_usage,container_memory_working_set_bytes,99213312.0
1776461963.63,payment,payment::service,pod_restart_count,k8s_container_restarts,39.0
1776461963.63,payment,payment::service,pod_running_count,k8s_container_ready,3.0
1776461963.63,product-catalog,otel-demo.product-catalog-784544475c-7crs7.product-catalog,dependency_error_ratio,trace_client_error_ratio,0.0
1776461963.63,product-catalog,otel-demo.product-catalog-784544475c-7crs7.product-catalog,error_ratio,trace_server_error_ratio,0.0
1776461963.63,product-catalog,otel-demo.product-catalog-784544475c-7crs7.product-catalog,request_count,trace_server_count,0.0
1776461963.63,product-catalog,otel-demo.product-catalog-784544475c-8skc7.product-catalog,dependency_error_ratio,trace_client_error_ratio,0.0
1776461963.63,product-catalog,otel-demo.product-catalog-784544475c-8skc7.product-catalog,error_ratio,trace_server_error_ratio,0.0
1776461963.63,product-catalog,otel-demo.product-catalog-784544475c-8skc7.product-catalog,request_count,trace_server_count,0.0
1776461963.63,product-catalog,otel-demo.product-catalog-784544475c-stwzc.product-catalog,dependency_error_ratio,trace_client_error_ratio,0.0
1776461963.63,product-catalog,otel-demo.product-catalog-784544475c-stwzc.product-catalog,error_ratio,trace_server_error_ratio,0.0
1776461963.63,product-catalog,otel-demo.product-catalog-784544475c-stwzc.product-catalog,request_count,trace_server_count,0.0
1776461963.63,product-catalog,product-catalog-784544475c-7crs7,cpu_usage,container_cpu_usage,0.02445411969593561
1776461963.63,product-catalog,product-catalog-784544475c-7crs7,memory_usage,container_memory_working_set_bytes,15556608.0
1776461963.63,product-catalog,product-catalog-784544475c-8skc7,cpu_usage,container_cpu_usage,0.0979665790160351
1776461963.63,product-catalog,product-catalog-784544475c-8skc7,memory_usage,container_memory_working_set_bytes,14684160.0
1776461963.63,product-catalog,product-catalog-784544475c-stwzc,cpu_usage,container_cpu_usage,0.0003192465337540637
1776461963.63,product-catalog,product-catalog-784544475c-stwzc,memory_usage,container_memory_working_set_bytes,31875072.0
1776461963.63,product-catalog,product-catalog::service,pod_restart_count,k8s_container_restarts,37.0
1776461963.63,product-catalog,product-catalog::service,pod_running_count,k8s_container_ready,3.0
1776461963.63,recommendation,otel-demo.recommendation-5b46f7469c-g2rgb.recommendation,dependency_error_ratio,trace_client_error_ratio,0.0
1776461963.63,recommendation,otel-demo.recommendation-5b46f7469c-rjwxq.recommendation,dependency_error_ratio,trace_client_error_ratio,0.0
1776461963.63,recommendation,otel-demo.recommendation-5b46f7469c-rjwxq.recommendation,error_ratio,trace_server_error_ratio,0.0
1776461963.63,recommendation,otel-demo.recommendation-5b46f7469c-rjwxq.recommendation,request_count,trace_server_count,0.0
1776461963.63,recommendation,otel-demo.recommendation-5b46f7469c-t2fm9.recommendation,dependency_error_ratio,trace_client_error_ratio,0.0
1776461963.63,recommendation,otel-demo.recommendation-5b46f7469c-t2fm9.recommendation,error_ratio,trace_server_error_ratio,0.0
1776461963.63,recommendation,otel-demo.recommendation-5b46f7469c-t2fm9.recommendation,request_count,trace_server_count,0.0
1776461963.63,recommendation,recommendation-5b46f7469c-g2rgb,cpu_usage,container_cpu_usage,0.010075395828095548
1776461963.63,recommendation,recommendation-5b46f7469c-g2rgb,memory_usage,container_memory_working_set_bytes,46891008.0
1776461963.63,recommendation,recommendation-5b46f7469c-rjwxq,cpu_usage,container_cpu_usage,0.018909047413999323
1776461963.63,recommendation,recommendation-5b46f7469c-rjwxq,memory_usage,container_memory_working_set_bytes,47869952.0
1776461963.63,recommendation,recommendation-5b46f7469c-t2fm9,cpu_usage,container_cpu_usage,0.031003088639723973
1776461963.63,recommendation,recommendation-5b46f7469c-t2fm9,memory_usage,container_memory_working_set_bytes,52584448.0
1776461963.63,recommendation,recommendation::service,pod_restart_count,k8s_container_restarts,3.0
1776461963.63,recommendation,recommendation::service,pod_running_count,k8s_container_ready,3.0
1776461973.63,ad,3a8b9295-6ae2-4e8a-b9b0-a607d7fec0a4,dependency_error_ratio,trace_client_error_ratio,0.0
1776461973.63,ad,3a8b9295-6ae2-4e8a-b9b0-a607d7fec0a4,error_ratio,trace_server_error_ratio,0.0
1776461973.63,ad,3a8b9295-6ae2-4e8a-b9b0-a607d7fec0a4,latency_p95,trace_server_latency_p95,1.95
1776461973.63,ad,3a8b9295-6ae2-4e8a-b9b0-a607d7fec0a4,request_count,trace_server_count,11.7
1776461973.63,ad,5680c7ee-584c-4353-b6d2-93bc605a0324,dependency_error_ratio,trace_client_error_ratio,0.0
1776461973.63,ad,5680c7ee-584c-4353-b6d2-93bc605a0324,error_ratio,trace_server_error_ratio,0.0
1776461973.63,ad,5680c7ee-584c-4353-b6d2-93bc605a0324,latency_p95,trace_server_latency_p95,1.9494791666666664
1776461973.63,ad,5680c7ee-584c-4353-b6d2-93bc605a0324,request_count,trace_server_count,19.7
1776461973.63,ad,9f9a3c1c-bd3f-40ea-8764-b59f1ebd2204,dependency_error_ratio,trace_client_error_ratio,0.0
1776461973.63,ad,ad-7fb5b4f859-52ks9,cpu_usage,container_cpu_usage,0.0024860416424315494
1776461973.63,ad,ad-7fb5b4f859-52ks9,memory_usage,container_memory_working_set_bytes,260427776.0
1776461973.63,ad,ad-7fb5b4f859-rd4zw,cpu_usage,container_cpu_usage,0.001224911469462307
1776461973.63,ad,ad-7fb5b4f859-rd4zw,memory_usage,container_memory_working_set_bytes,238317568.0
1776461973.63,ad,ad-7fb5b4f859-zsstr,cpu_usage,container_cpu_usage,0.004045349118135028
1776461973.63,ad,ad-7fb5b4f859-zsstr,memory_usage,container_memory_working_set_bytes,261742592.0
1776461973.63,ad,ad::service,pod_restart_count,k8s_container_restarts,3.0
1776461973.63,ad,ad::service,pod_running_count,k8s_container_ready,3.0
1776461973.63,cart,cart-7c7496d7f-th7mc,cpu_usage,container_cpu_usage,0.05592566359817723
1776461973.63,cart,cart-7c7496d7f-th7mc,memory_usage,container_memory_working_set_bytes,62955520.0
1776461973.63,cart,cart::service,pod_restart_count,k8s_container_restarts,1.0
1776461973.63,cart,cart::service,pod_running_count,k8s_container_ready,1.0
1776461973.63,cart,f1f3afac-3031-4c18-925a-048232421d89,dependency_error_ratio,trace_client_error_ratio,0.0
1776461973.63,cart,f1f3afac-3031-4c18-925a-048232421d89,error_ratio,trace_server_error_ratio,0.0
1776461973.63,cart,f1f3afac-3031-4c18-925a-048232421d89,latency_p95,trace_server_latency_p95,1.9958816705336424
1776461973.63,cart,f1f3afac-3031-4c18-925a-048232421d89,request_count,trace_server_count,181.1
1776461973.63,checkout,4755bdbd-5ad9-49fa-acb7-3a7dcb6a9277,dependency_error_ratio,trace_client_error_ratio,0.0
1776461973.63,checkout,4755bdbd-5ad9-49fa-acb7-3a7dcb6a9277,error_ratio,trace_server_error_ratio,0.0
1776461973.63,checkout,4755bdbd-5ad9-49fa-acb7-3a7dcb6a9277,latency_p95,trace_server_latency_p95,99.37499999999986
1776461973.63,checkout,4755bdbd-5ad9-49fa-acb7-3a7dcb6a9277,request_count,trace_server_count,14.1
1776461973.63,checkout,bb49e6b9-109a-41b8-be66-ab2a38272474,dependency_error_ratio,trace_client_error_ratio,0.0
1776461973.63,checkout,bb49e6b9-109a-41b8-be66-ab2a38272474,error_ratio,trace_server_error_ratio,0.0
1776461973.63,checkout,bb49e6b9-109a-41b8-be66-ab2a38272474,request_count,trace_server_count,0.0
1776461973.63,checkout,bc5804df-6f63-4261-8788-8ecfe5481366,dependency_error_ratio,trace_client_error_ratio,0.0
1776461973.63,checkout,bc5804df-6f63-4261-8788-8ecfe5481366,error_ratio,trace_server_error_ratio,0.0
1776461973.63,checkout,bc5804df-6f63-4261-8788-8ecfe5481366,latency_p95,trace_server_latency_p95,49.24590163934426
1776461973.63,checkout,bc5804df-6f63-4261-8788-8ecfe5481366,request_count,trace_server_count,6.3
1776461973.63,checkout,checkout-7f4ccfc547-6crwh,cpu_usage,container_cpu_usage,0.11497453085760684
1776461973.63,checkout,checkout-7f4ccfc547-6crwh,memory_usage,container_memory_working_set_bytes,14946304.0
1776461973.63,checkout,checkout-7f4ccfc547-ftx2n,cpu_usage,container_cpu_usage,0.0006300006547502286
1776461973.63,checkout,checkout-7f4ccfc547-ftx2n,memory_usage,container_memory_working_set_bytes,11812864.0
1776461973.63,checkout,checkout-7f4ccfc547-qlfgr,cpu_usage,container_cpu_usage,0.03226899846992153
1776461973.63,checkout,checkout-7f4ccfc547-qlfgr,memory_usage,container_memory_working_set_bytes,14667776.0
1776461973.63,checkout,checkout::service,pod_restart_count,k8s_container_restarts,45.0
1776461973.63,checkout,checkout::service,pod_running_count,k8s_container_ready,3.0
1776461973.63,email,email-5dcf48b665-66zvj,cpu_usage,container_cpu_usage,0.0009495796763324849
1776461973.63,email,email-5dcf48b665-66zvj,memory_usage,container_memory_working_set_bytes,59531264.0
1776461973.63,email,email-5dcf48b665-9xxmx,cpu_usage,container_cpu_usage,0.005754075514502023
1776461973.63,email,email-5dcf48b665-9xxmx,memory_usage,container_memory_working_set_bytes,56238080.0
1776461973.63,email,email-5dcf48b665-n4zf2,cpu_usage,container_cpu_usage,0.010489306351151905
1776461973.63,email,email-5dcf48b665-n4zf2,memory_usage,container_memory_working_set_bytes,54620160.0
1776461973.63,email,email::service,pod_restart_count,k8s_container_restarts,9.0
1776461973.63,email,email::service,pod_running_count,k8s_container_ready,3.0
1776461973.63,email,otel-demo.email-5dcf48b665-66zvj.email,error_ratio,trace_server_error_ratio,0.0
1776461973.63,email,otel-demo.email-5dcf48b665-66zvj.email,latency_p95,trace_server_latency_p95,5.285714285714286
1776461973.63,email,otel-demo.email-5dcf48b665-66zvj.email,request_count,trace_server_count,5.0
1776461973.63,email,otel-demo.email-5dcf48b665-9xxmx.email,error_ratio,trace_server_error_ratio,0.0
1776461973.63,email,otel-demo.email-5dcf48b665-9xxmx.email,latency_p95,trace_server_latency_p95,5.314285714285713
1776461973.63,email,otel-demo.email-5dcf48b665-9xxmx.email,request_count,trace_server_count,6.8
1776461973.63,email,otel-demo.email-5dcf48b665-n4zf2.email,error_ratio,trace_server_error_ratio,0.0
1776461973.63,email,otel-demo.email-5dcf48b665-n4zf2.email,latency_p95,trace_server_latency_p95,5.423076923076923
1776461973.63,email,otel-demo.email-5dcf48b665-n4zf2.email,request_count,trace_server_count,9.5
1776461973.63,frontend,frontend-b78bf7696-6bjdg,cpu_usage,container_cpu_usage,0.11370848344386748
1776461973.63,frontend,frontend-b78bf7696-6bjdg,memory_usage,container_memory_working_set_bytes,119078912.0
1776461973.63,frontend,frontend-b78bf7696-77ldd,cpu_usage,container_cpu_usage,0.07852831271702321
1776461973.63,frontend,frontend-b78bf7696-77ldd,memory_usage,container_memory_working_set_bytes,106270720.0
1776461973.63,frontend,frontend-b78bf7696-p9kqx,cpu_usage,container_cpu_usage,0.06529659324437842
1776461973.63,frontend,frontend-b78bf7696-p9kqx,memory_usage,container_memory_working_set_bytes,117866496.0
1776461973.63,frontend,frontend::service,pod_restart_count,k8s_container_restarts,3.0
1776461973.63,frontend,frontend::service,pod_running_count,k8s_container_ready,3.0
1776461973.63,frontend,otel-demo.frontend-b78bf7696-6bjdg.frontend,dependency_error_ratio,trace_client_error_ratio,0.0
1776461973.63,frontend,otel-demo.frontend-b78bf7696-6bjdg.frontend,error_ratio,trace_server_error_ratio,0.0
1776461973.63,frontend,otel-demo.frontend-b78bf7696-6bjdg.frontend,http_5xx_ratio,http_server_5xx_ratio,0.0
1776461973.63,frontend,otel-demo.frontend-b78bf7696-6bjdg.frontend,latency_p95,trace_server_latency_p95,42.37195121951218
1776461973.63,frontend,otel-demo.frontend-b78bf7696-6bjdg.frontend,request_count,trace_server_count,312.2
1776461973.63,frontend,otel-demo.frontend-b78bf7696-77ldd.frontend,dependency_error_ratio,trace_client_error_ratio,0.0
1776461973.63,frontend,otel-demo.frontend-b78bf7696-77ldd.frontend,error_ratio,trace_server_error_ratio,0.0
1776461973.63,frontend,otel-demo.frontend-b78bf7696-77ldd.frontend,http_5xx_ratio,http_server_5xx_ratio,0.0
1776461973.63,frontend,otel-demo.frontend-b78bf7696-77ldd.frontend,latency_p95,trace_server_latency_p95,42.06976744186046
1776461973.63,frontend,otel-demo.frontend-b78bf7696-77ldd.frontend,request_count,trace_server_count,214.5
1776461973.63,frontend,otel-demo.frontend-b78bf7696-p9kqx.frontend,dependency_error_ratio,trace_client_error_ratio,0.0
1776461973.63,frontend,otel-demo.frontend-b78bf7696-p9kqx.frontend,error_ratio,trace_server_error_ratio,0.0
1776461973.63,frontend,otel-demo.frontend-b78bf7696-p9kqx.frontend,http_5xx_ratio,http_server_5xx_ratio,0.0
1776461973.63,frontend,otel-demo.frontend-b78bf7696-p9kqx.frontend,latency_p95,trace_server_latency_p95,41.962441314554
1776461973.63,frontend,otel-demo.frontend-b78bf7696-p9kqx.frontend,request_count,trace_server_count,227.2
1776461973.63,kafka,kafka-66df8bdf76-zjcbb,cpu_usage,container_cpu_usage,0.014406232622282869
1776461973.63,kafka,kafka-66df8bdf76-zjcbb,memory_usage,container_memory_working_set_bytes,665505792.0
1776461973.63,kafka,kafka::service,pod_restart_count,k8s_container_restarts,9.0
1776461973.63,kafka,kafka::service,pod_running_count,k8s_container_ready,1.0
1776461973.63,kafka,kafka::service,queue_lag,queue_size_ratio,0.0
1776461973.63,payment,otel-demo.payment-f9f8d647b-74h8z.payment,dependency_error_ratio,trace_client_error_ratio,0.0
1776461973.63,payment,otel-demo.payment-f9f8d647b-74h8z.payment,error_ratio,trace_server_error_ratio,0.0
1776461973.63,payment,otel-demo.payment-f9f8d647b-74h8z.payment,request_count,trace_server_count,0.0
1776461973.63,payment,otel-demo.payment-f9f8d647b-75hmx.payment,dependency_error_ratio,trace_client_error_ratio,0.0
1776461973.63,payment,otel-demo.payment-f9f8d647b-75hmx.payment,error_ratio,trace_server_error_ratio,0.0
1776461973.63,payment,otel-demo.payment-f9f8d647b-75hmx.payment,request_count,trace_server_count,0.0
1776461973.63,payment,otel-demo.payment-f9f8d647b-tv6l5.payment,dependency_error_ratio,trace_client_error_ratio,0.0
1776461973.63,payment,otel-demo.payment-f9f8d647b-tv6l5.payment,error_ratio,trace_server_error_ratio,0.0
1776461973.63,payment,otel-demo.payment-f9f8d647b-tv6l5.payment,request_count,trace_server_count,0.0
1776461973.63,payment,payment-f9f8d647b-74h8z,cpu_usage,container_cpu_usage,0.010649768993839669
1776461973.63,payment,payment-f9f8d647b-74h8z,memory_usage,container_memory_working_set_bytes,109699072.0
1776461973.63,payment,payment-f9f8d647b-75hmx,cpu_usage,container_cpu_usage,0.009662699999999802
1776461973.63,payment,payment-f9f8d647b-75hmx,memory_usage,container_memory_working_set_bytes,108793856.0
1776461973.63,payment,payment-f9f8d647b-tv6l5,cpu_usage,container_cpu_usage,0.006909103934435612
1776461973.63,payment,payment-f9f8d647b-tv6l5,memory_usage,container_memory_working_set_bytes,99213312.0
1776461973.63,payment,payment::service,pod_restart_count,k8s_container_restarts,39.0
1776461973.63,payment,payment::service,pod_running_count,k8s_container_ready,3.0
1776461973.63,product-catalog,otel-demo.product-catalog-784544475c-7crs7.product-catalog,dependency_error_ratio,trace_client_error_ratio,0.0
1776461973.63,product-catalog,otel-demo.product-catalog-784544475c-7crs7.product-catalog,error_ratio,trace_server_error_ratio,0.0
1776461973.63,product-catalog,otel-demo.product-catalog-784544475c-7crs7.product-catalog,request_count,trace_server_count,0.0
1776461973.63,product-catalog,otel-demo.product-catalog-784544475c-8skc7.product-catalog,dependency_error_ratio,trace_client_error_ratio,0.0
1776461973.63,product-catalog,otel-demo.product-catalog-784544475c-8skc7.product-catalog,error_ratio,trace_server_error_ratio,0.0
1776461973.63,product-catalog,otel-demo.product-catalog-784544475c-8skc7.product-catalog,request_count,trace_server_count,0.0
1776461973.63,product-catalog,otel-demo.product-catalog-784544475c-stwzc.product-catalog,dependency_error_ratio,trace_client_error_ratio,0.0
1776461973.63,product-catalog,otel-demo.product-catalog-784544475c-stwzc.product-catalog,error_ratio,trace_server_error_ratio,0.0
1776461973.63,product-catalog,otel-demo.product-catalog-784544475c-stwzc.product-catalog,request_count,trace_server_count,0.0
1776461973.63,product-catalog,product-catalog-784544475c-7crs7,cpu_usage,container_cpu_usage,0.02445411969593561
1776461973.63,product-catalog,product-catalog-784544475c-7crs7,memory_usage,container_memory_working_set_bytes,15556608.0
1776461973.63,product-catalog,product-catalog-784544475c-8skc7,cpu_usage,container_cpu_usage,0.0820282429644308
1776461973.63,product-catalog,product-catalog-784544475c-8skc7,memory_usage,container_memory_working_set_bytes,14684160.0
1776461973.63,product-catalog,product-catalog-784544475c-stwzc,cpu_usage,container_cpu_usage,0.00043091130859034666
1776461973.63,product-catalog,product-catalog-784544475c-stwzc,memory_usage,container_memory_working_set_bytes,32100352.0
1776461973.63,product-catalog,product-catalog::service,pod_restart_count,k8s_container_restarts,37.0
1776461973.63,product-catalog,product-catalog::service,pod_running_count,k8s_container_ready,3.0
1776461973.63,recommendation,otel-demo.recommendation-5b46f7469c-g2rgb.recommendation,dependency_error_ratio,trace_client_error_ratio,0.0
1776461973.63,recommendation,otel-demo.recommendation-5b46f7469c-rjwxq.recommendation,dependency_error_ratio,trace_client_error_ratio,0.0
1776461973.63,recommendation,otel-demo.recommendation-5b46f7469c-rjwxq.recommendation,error_ratio,trace_server_error_ratio,0.0
1776461973.63,recommendation,otel-demo.recommendation-5b46f7469c-rjwxq.recommendation,latency_p95,trace_server_latency_p95,3.8939999999999997
1776461973.63,recommendation,otel-demo.recommendation-5b46f7469c-rjwxq.recommendation,request_count,trace_server_count,9.3
1776461973.63,recommendation,otel-demo.recommendation-5b46f7469c-t2fm9.recommendation,dependency_error_ratio,trace_client_error_ratio,0.0
1776461973.63,recommendation,otel-demo.recommendation-5b46f7469c-t2fm9.recommendation,error_ratio,trace_server_error_ratio,0.0
1776461973.63,recommendation,otel-demo.recommendation-5b46f7469c-t2fm9.recommendation,latency_p95,trace_server_latency_p95,3.984967320261438
1776461973.63,recommendation,otel-demo.recommendation-5b46f7469c-t2fm9.recommendation,request_count,trace_server_count,22.3
1776461973.63,recommendation,recommendation-5b46f7469c-g2rgb,cpu_usage,container_cpu_usage,0.009263296644086877
1776461973.63,recommendation,recommendation-5b46f7469c-g2rgb,memory_usage,container_memory_working_set_bytes,46891008.0
1776461973.63,recommendation,recommendation-5b46f7469c-rjwxq,cpu_usage,container_cpu_usage,0.01617062800942708
1776461973.63,recommendation,recommendation-5b46f7469c-rjwxq,memory_usage,container_memory_working_set_bytes,47869952.0
1776461973.63,recommendation,recommendation-5b46f7469c-t2fm9,cpu_usage,container_cpu_usage,0.030749226293063883
1776461973.63,recommendation,recommendation-5b46f7469c-t2fm9,memory_usage,container_memory_working_set_bytes,52518912.0
1776461973.63,recommendation,recommendation::service,pod_restart_count,k8s_container_restarts,3.0
1776461973.63,recommendation,recommendation::service,pod_running_count,k8s_container_ready,3.0
1776461983.63,ad,3a8b9295-6ae2-4e8a-b9b0-a607d7fec0a4,dependency_error_ratio,trace_client_error_ratio,0.0
1776461983.63,ad,3a8b9295-6ae2-4e8a-b9b0-a607d7fec0a4,error_ratio,trace_server_error_ratio,0.0
1776461983.63,ad,3a8b9295-6ae2-4e8a-b9b0-a607d7fec0a4,request_count,trace_server_count,0.0
1776461983.63,ad,5680c7ee-584c-4353-b6d2-93bc605a0324,dependency_error_ratio,trace_client_error_ratio,0.0
1776461983.63,ad,5680c7ee-584c-4353-b6d2-93bc605a0324,error_ratio,trace_server_error_ratio,0.0
1776461983.63,ad,5680c7ee-584c-4353-b6d2-93bc605a0324,request_count,trace_server_count,0.0
1776461983.63,ad,9f9a3c1c-bd3f-40ea-8764-b59f1ebd2204,dependency_error_ratio,trace_client_error_ratio,0.0
1776461983.63,ad,ad-7fb5b4f859-52ks9,cpu_usage,container_cpu_usage,0.0025798059161800052
1776461983.63,ad,ad-7fb5b4f859-52ks9,memory_usage,container_memory_working_set_bytes,260395008.0
1776461983.63,ad,ad-7fb5b4f859-rd4zw,cpu_usage,container_cpu_usage,0.0012555769589257595
1776461983.63,ad,ad-7fb5b4f859-rd4zw,memory_usage,container_memory_working_set_bytes,238317568.0
1776461983.63,ad,ad-7fb5b4f859-zsstr,cpu_usage,container_cpu_usage,0.0034230620529570235
1776461983.63,ad,ad-7fb5b4f859-zsstr,memory_usage,container_memory_working_set_bytes,261742592.0
1776461983.63,ad,ad::service,pod_restart_count,k8s_container_restarts,3.0
1776461983.63,ad,ad::service,pod_running_count,k8s_container_ready,3.0
1776461983.63,cart,cart-7c7496d7f-th7mc,cpu_usage,container_cpu_usage,0.05921527272727293
1776461983.63,cart,cart-7c7496d7f-th7mc,memory_usage,container_memory_working_set_bytes,62963712.0
1776461983.63,cart,cart::service,pod_restart_count,k8s_container_restarts,1.0
1776461983.63,cart,cart::service,pod_running_count,k8s_container_ready,1.0
1776461983.63,cart,f1f3afac-3031-4c18-925a-048232421d89,dependency_error_ratio,trace_client_error_ratio,0.0
1776461983.63,cart,f1f3afac-3031-4c18-925a-048232421d89,error_ratio,trace_server_error_ratio,0.0
1776461983.63,cart,f1f3afac-3031-4c18-925a-048232421d89,request_count,trace_server_count,0.0
1776461983.63,checkout,4755bdbd-5ad9-49fa-acb7-3a7dcb6a9277,dependency_error_ratio,trace_client_error_ratio,0.0
1776461983.63,checkout,4755bdbd-5ad9-49fa-acb7-3a7dcb6a9277,error_ratio,trace_server_error_ratio,0.0
1776461983.63,checkout,4755bdbd-5ad9-49fa-acb7-3a7dcb6a9277,request_count,trace_server_count,0.0
1776461983.63,checkout,bb49e6b9-109a-41b8-be66-ab2a38272474,dependency_error_ratio,trace_client_error_ratio,0.0
1776461983.63,checkout,bb49e6b9-109a-41b8-be66-ab2a38272474,error_ratio,trace_server_error_ratio,0.0
1776461983.63,checkout,bb49e6b9-109a-41b8-be66-ab2a38272474,request_count,trace_server_count,0.0
1776461983.63,checkout,bc5804df-6f63-4261-8788-8ecfe5481366,dependency_error_ratio,trace_client_error_ratio,0.0
1776461983.63,checkout,bc5804df-6f63-4261-8788-8ecfe5481366,error_ratio,trace_server_error_ratio,0.0
1776461983.63,checkout,bc5804df-6f63-4261-8788-8ecfe5481366,request_count,trace_server_count,0.0
1776461983.63,checkout,checkout-7f4ccfc547-6crwh,cpu_usage,container_cpu_usage,0.12257570881063674
1776461983.63,checkout,checkout-7f4ccfc547-6crwh,memory_usage,container_memory_working_set_bytes,14790656.0
1776461983.63,checkout,checkout-7f4ccfc547-ftx2n,cpu_usage,container_cpu_usage,0.0006300006547502286
1776461983.63,checkout,checkout-7f4ccfc547-ftx2n,memory_usage,container_memory_working_set_bytes,11812864.0
1776461983.63,checkout,checkout-7f4ccfc547-qlfgr,cpu_usage,container_cpu_usage,0.045532264559319476
1776461983.63,checkout,checkout-7f4ccfc547-qlfgr,memory_usage,container_memory_working_set_bytes,15265792.0
1776461983.63,checkout,checkout::service,pod_restart_count,k8s_container_restarts,45.0
1776461983.63,checkout,checkout::service,pod_running_count,k8s_container_ready,3.0
1776461983.63,email,email-5dcf48b665-66zvj,cpu_usage,container_cpu_usage,0.0005124354410071282
1776461983.63,email,email-5dcf48b665-66zvj,memory_usage,container_memory_working_set_bytes,59531264.0
1776461983.63,email,email-5dcf48b665-9xxmx,cpu_usage,container_cpu_usage,0.006289941960584322
1776461983.63,email,email-5dcf48b665-9xxmx,memory_usage,container_memory_working_set_bytes,56213504.0
1776461983.63,email,email-5dcf48b665-n4zf2,cpu_usage,container_cpu_usage,0.010799483337638823
1776461983.63,email,email-5dcf48b665-n4zf2,memory_usage,container_memory_working_set_bytes,54620160.0
1776461983.63,email,email::service,pod_restart_count,k8s_container_restarts,9.0
1776461983.63,email,email::service,pod_running_count,k8s_container_ready,3.0
1776461983.63,email,otel-demo.email-5dcf48b665-66zvj.email,error_ratio,trace_server_error_ratio,0.0
1776461983.63,email,otel-demo.email-5dcf48b665-66zvj.email,request_count,trace_server_count,0.0
1776461983.63,email,otel-demo.email-5dcf48b665-9xxmx.email,error_ratio,trace_server_error_ratio,0.0
1776461983.63,email,otel-demo.email-5dcf48b665-9xxmx.email,request_count,trace_server_count,0.0
1776461983.63,email,otel-demo.email-5dcf48b665-n4zf2.email,error_ratio,trace_server_error_ratio,0.0
1776461983.63,email,otel-demo.email-5dcf48b665-n4zf2.email,request_count,trace_server_count,0.0
1776461983.63,frontend,frontend-b78bf7696-6bjdg,cpu_usage,container_cpu_usage,0.10494049949108399
1776461983.63,frontend,frontend-b78bf7696-6bjdg,memory_usage,container_memory_working_set_bytes,119451648.0
1776461983.63,frontend,frontend-b78bf7696-77ldd,cpu_usage,container_cpu_usage,0.09076254309468638
1776461983.63,frontend,frontend-b78bf7696-77ldd,memory_usage,container_memory_working_set_bytes,106045440.0
1776461983.63,frontend,frontend-b78bf7696-p9kqx,cpu_usage,container_cpu_usage,0.07062131670905837
1776461983.63,frontend,frontend-b78bf7696-p9kqx,memory_usage,container_memory_working_set_bytes,117665792.0
1776461983.63,frontend,frontend::service,pod_restart_count,k8s_container_restarts,3.0
1776461983.63,frontend,frontend::service,pod_running_count,k8s_container_ready,3.0
1776461983.63,frontend,otel-demo.frontend-b78bf7696-6bjdg.frontend,dependency_error_ratio,trace_client_error_ratio,0.0
1776461983.63,frontend,otel-demo.frontend-b78bf7696-6bjdg.frontend,error_ratio,trace_server_error_ratio,0.0
1776461983.63,frontend,otel-demo.frontend-b78bf7696-6bjdg.frontend,http_5xx_ratio,http_server_5xx_ratio,0.0
1776461983.63,frontend,otel-demo.frontend-b78bf7696-6bjdg.frontend,request_count,trace_server_count,0.0
1776461983.63,frontend,otel-demo.frontend-b78bf7696-77ldd.frontend,dependency_error_ratio,trace_client_error_ratio,0.0
1776461983.63,frontend,otel-demo.frontend-b78bf7696-77ldd.frontend,error_ratio,trace_server_error_ratio,0.0
1776461983.63,frontend,otel-demo.frontend-b78bf7696-77ldd.frontend,http_5xx_ratio,http_server_5xx_ratio,0.0
1776461983.63,frontend,otel-demo.frontend-b78bf7696-77ldd.frontend,request_count,trace_server_count,0.0
1776461983.63,frontend,otel-demo.frontend-b78bf7696-p9kqx.frontend,dependency_error_ratio,trace_client_error_ratio,0.0
1776461983.63,frontend,otel-demo.frontend-b78bf7696-p9kqx.frontend,error_ratio,trace_server_error_ratio,0.0
1776461983.63,frontend,otel-demo.frontend-b78bf7696-p9kqx.frontend,http_5xx_ratio,http_server_5xx_ratio,0.0
1776461983.63,frontend,otel-demo.frontend-b78bf7696-p9kqx.frontend,request_count,trace_server_count,0.0
1776461983.63,kafka,kafka-66df8bdf76-zjcbb,cpu_usage,container_cpu_usage,0.014406232622282869
1776461983.63,kafka,kafka-66df8bdf76-zjcbb,memory_usage,container_memory_working_set_bytes,665505792.0
1776461983.63,kafka,kafka::service,pod_restart_count,k8s_container_restarts,9.0
1776461983.63,kafka,kafka::service,pod_running_count,k8s_container_ready,1.0
1776461983.63,kafka,kafka::service,queue_lag,queue_size_ratio,0.0
1776461983.63,payment,otel-demo.payment-f9f8d647b-74h8z.payment,dependency_error_ratio,trace_client_error_ratio,0.0
1776461983.63,payment,otel-demo.payment-f9f8d647b-74h8z.payment,error_ratio,trace_server_error_ratio,0.0
1776461983.63,payment,otel-demo.payment-f9f8d647b-74h8z.payment,request_count,trace_server_count,0.0
1776461983.63,payment,otel-demo.payment-f9f8d647b-75hmx.payment,dependency_error_ratio,trace_client_error_ratio,0.0
1776461983.63,payment,otel-demo.payment-f9f8d647b-75hmx.payment,error_ratio,trace_server_error_ratio,0.0
1776461983.63,payment,otel-demo.payment-f9f8d647b-75hmx.payment,request_count,trace_server_count,0.0
1776461983.63,payment,otel-demo.payment-f9f8d647b-tv6l5.payment,dependency_error_ratio,trace_client_error_ratio,0.0
1776461983.63,payment,otel-demo.payment-f9f8d647b-tv6l5.payment,error_ratio,trace_server_error_ratio,0.0
1776461983.63,payment,otel-demo.payment-f9f8d647b-tv6l5.payment,request_count,trace_server_count,0.0
1776461983.63,payment,payment-f9f8d647b-74h8z,cpu_usage,container_cpu_usage,0.01198137910168579
1776461983.63,payment,payment-f9f8d647b-74h8z,memory_usage,container_memory_working_set_bytes,109694976.0
1776461983.63,payment,payment-f9f8d647b-75hmx,cpu_usage,container_cpu_usage,0.013565509243772627
1776461983.63,payment,payment-f9f8d647b-75hmx,memory_usage,container_memory_working_set_bytes,108806144.0
1776461983.63,payment,payment-f9f8d647b-tv6l5,cpu_usage,container_cpu_usage,0.005635784867252188
1776461983.63,payment,payment-f9f8d647b-tv6l5,memory_usage,container_memory_working_set_bytes,99213312.0
1776461983.63,payment,payment::service,pod_restart_count,k8s_container_restarts,39.0
1776461983.63,payment,payment::service,pod_running_count,k8s_container_ready,3.0
1776461983.63,product-catalog,otel-demo.product-catalog-784544475c-7crs7.product-catalog,dependency_error_ratio,trace_client_error_ratio,0.0
1776461983.63,product-catalog,otel-demo.product-catalog-784544475c-7crs7.product-catalog,error_ratio,trace_server_error_ratio,0.0
1776461983.63,product-catalog,otel-demo.product-catalog-784544475c-7crs7.product-catalog,request_count,trace_server_count,0.0
1776461983.63,product-catalog,otel-demo.product-catalog-784544475c-8skc7.product-catalog,dependency_error_ratio,trace_client_error_ratio,0.0
1776461983.63,product-catalog,otel-demo.product-catalog-784544475c-8skc7.product-catalog,error_ratio,trace_server_error_ratio,0.0
1776461983.63,product-catalog,otel-demo.product-catalog-784544475c-8skc7.product-catalog,request_count,trace_server_count,0.0
1776461983.63,product-catalog,otel-demo.product-catalog-784544475c-stwzc.product-catalog,dependency_error_ratio,trace_client_error_ratio,0.0
1776461983.63,product-catalog,otel-demo.product-catalog-784544475c-stwzc.product-catalog,error_ratio,trace_server_error_ratio,0.0
1776461983.63,product-catalog,otel-demo.product-catalog-784544475c-stwzc.product-catalog,request_count,trace_server_count,0.0
1776461983.63,product-catalog,product-catalog-784544475c-7crs7,cpu_usage,container_cpu_usage,0.024731576151905476
1776461983.63,product-catalog,product-catalog-784544475c-7crs7,memory_usage,container_memory_working_set_bytes,14680064.0
1776461983.63,product-catalog,product-catalog-784544475c-8skc7,cpu_usage,container_cpu_usage,0.08163339267946788
1776461983.63,product-catalog,product-catalog-784544475c-8skc7,memory_usage,container_memory_working_set_bytes,14647296.0
1776461983.63,product-catalog,product-catalog-784544475c-stwzc,cpu_usage,container_cpu_usage,0.0007953756495760663
1776461983.63,product-catalog,product-catalog-784544475c-stwzc,memory_usage,container_memory_working_set_bytes,32145408.0
1776461983.63,product-catalog,product-catalog::service,pod_restart_count,k8s_container_restarts,37.0
1776461983.63,product-catalog,product-catalog::service,pod_running_count,k8s_container_ready,3.0
1776461983.63,recommendation,otel-demo.recommendation-5b46f7469c-g2rgb.recommendation,dependency_error_ratio,trace_client_error_ratio,0.0
1776461983.63,recommendation,otel-demo.recommendation-5b46f7469c-rjwxq.recommendation,dependency_error_ratio,trace_client_error_ratio,0.0
1776461983.63,recommendation,otel-demo.recommendation-5b46f7469c-rjwxq.recommendation,error_ratio,trace_server_error_ratio,0.0
1776461983.63,recommendation,otel-demo.recommendation-5b46f7469c-rjwxq.recommendation,request_count,trace_server_count,0.0
1776461983.63,recommendation,otel-demo.recommendation-5b46f7469c-t2fm9.recommendation,dependency_error_ratio,trace_client_error_ratio,0.0
1776461983.63,recommendation,otel-demo.recommendation-5b46f7469c-t2fm9.recommendation,error_ratio,trace_server_error_ratio,0.0
1776461983.63,recommendation,otel-demo.recommendation-5b46f7469c-t2fm9.recommendation,request_count,trace_server_count,0.0
1776461983.63,recommendation,recommendation-5b46f7469c-g2rgb,cpu_usage,container_cpu_usage,0.008350251010162742
1776461983.63,recommendation,recommendation-5b46f7469c-g2rgb,memory_usage,container_memory_working_set_bytes,46891008.0
1776461983.63,recommendation,recommendation-5b46f7469c-rjwxq,cpu_usage,container_cpu_usage,0.014871906079412852
1776461983.63,recommendation,recommendation-5b46f7469c-rjwxq,memory_usage,container_memory_working_set_bytes,47820800.0
1776461983.63,recommendation,recommendation-5b46f7469c-t2fm9,cpu_usage,container_cpu_usage,0.030994729949851207
1776461983.63,recommendation,recommendation-5b46f7469c-t2fm9,memory_usage,container_memory_working_set_bytes,52518912.0
1776461983.63,recommendation,recommendation::service,pod_restart_count,k8s_container_restarts,3.0
1776461983.63,recommendation,recommendation::service,pod_running_count,k8s_container_ready,3.0
1776461993.63,ad,3a8b9295-6ae2-4e8a-b9b0-a607d7fec0a4,dependency_error_ratio,trace_client_error_ratio,0.0
1776461993.63,ad,3a8b9295-6ae2-4e8a-b9b0-a607d7fec0a4,error_ratio,trace_server_error_ratio,0.0
1776461993.63,ad,3a8b9295-6ae2-4e8a-b9b0-a607d7fec0a4,request_count,trace_server_count,0.0
1776461993.63,ad,5680c7ee-584c-4353-b6d2-93bc605a0324,dependency_error_ratio,trace_client_error_ratio,0.0
1776461993.63,ad,5680c7ee-584c-4353-b6d2-93bc605a0324,error_ratio,trace_server_error_ratio,0.0
1776461993.63,ad,5680c7ee-584c-4353-b6d2-93bc605a0324,request_count,trace_server_count,0.0
1776461993.63,ad,9f9a3c1c-bd3f-40ea-8764-b59f1ebd2204,dependency_error_ratio,trace_client_error_ratio,0.0
1776461993.63,ad,ad-7fb5b4f859-52ks9,cpu_usage,container_cpu_usage,0.002562137113761733
1776461993.63,ad,ad-7fb5b4f859-52ks9,memory_usage,container_memory_working_set_bytes,260395008.0
1776461993.63,ad,ad-7fb5b4f859-rd4zw,cpu_usage,container_cpu_usage,0.0011933754547196426
1776461993.63,ad,ad-7fb5b4f859-rd4zw,memory_usage,container_memory_working_set_bytes,238317568.0
1776461993.63,ad,ad-7fb5b4f859-zsstr,cpu_usage,container_cpu_usage,0.004063757060378202
1776461993.63,ad,ad-7fb5b4f859-zsstr,memory_usage,container_memory_working_set_bytes,261742592.0
1776461993.63,ad,ad::service,pod_restart_count,k8s_container_restarts,3.0
1776461993.63,ad,ad::service,pod_running_count,k8s_container_ready,3.0
1776461993.63,cart,cart-7c7496d7f-th7mc,cpu_usage,container_cpu_usage,0.04826834264242441
1776461993.63,cart,cart-7c7496d7f-th7mc,memory_usage,container_memory_working_set_bytes,62963712.0
1776461993.63,cart,cart::service,pod_restart_count,k8s_container_restarts,1.0
1776461993.63,cart,cart::service,pod_running_count,k8s_container_ready,1.0
1776461993.63,cart,f1f3afac-3031-4c18-925a-048232421d89,dependency_error_ratio,trace_client_error_ratio,0.0
1776461993.63,cart,f1f3afac-3031-4c18-925a-048232421d89,error_ratio,trace_server_error_ratio,0.0
1776461993.63,cart,f1f3afac-3031-4c18-925a-048232421d89,request_count,trace_server_count,0.0
1776461993.63,checkout,4755bdbd-5ad9-49fa-acb7-3a7dcb6a9277,dependency_error_ratio,trace_client_error_ratio,0.0
1776461993.63,checkout,4755bdbd-5ad9-49fa-acb7-3a7dcb6a9277,error_ratio,trace_server_error_ratio,0.0
1776461993.63,checkout,4755bdbd-5ad9-49fa-acb7-3a7dcb6a9277,request_count,trace_server_count,0.0
1776461993.63,checkout,bb49e6b9-109a-41b8-be66-ab2a38272474,dependency_error_ratio,trace_client_error_ratio,0.0
1776461993.63,checkout,bb49e6b9-109a-41b8-be66-ab2a38272474,error_ratio,trace_server_error_ratio,0.0
1776461993.63,checkout,bb49e6b9-109a-41b8-be66-ab2a38272474,request_count,trace_server_count,0.0
1776461993.63,checkout,bc5804df-6f63-4261-8788-8ecfe5481366,dependency_error_ratio,trace_client_error_ratio,0.0
1776461993.63,checkout,bc5804df-6f63-4261-8788-8ecfe5481366,error_ratio,trace_server_error_ratio,0.0
1776461993.63,checkout,bc5804df-6f63-4261-8788-8ecfe5481366,request_count,trace_server_count,0.0
1776461993.63,checkout,checkout-7f4ccfc547-6crwh,cpu_usage,container_cpu_usage,0.12257570881063674
1776461993.63,checkout,checkout-7f4ccfc547-6crwh,memory_usage,container_memory_working_set_bytes,14790656.0
1776461993.63,checkout,checkout-7f4ccfc547-ftx2n,cpu_usage,container_cpu_usage,0.0008739501847674978
1776461993.63,checkout,checkout-7f4ccfc547-ftx2n,memory_usage,container_memory_working_set_bytes,12046336.0
1776461993.63,checkout,checkout-7f4ccfc547-qlfgr,cpu_usage,container_cpu_usage,0.045532264559319476
1776461993.63,checkout,checkout-7f4ccfc547-qlfgr,memory_usage,container_memory_working_set_bytes,15265792.0
1776461993.63,checkout,checkout::service,pod_restart_count,k8s_container_restarts,45.0
1776461993.63,checkout,checkout::service,pod_running_count,k8s_container_ready,3.0
1776461993.63,email,email-5dcf48b665-66zvj,cpu_usage,container_cpu_usage,0.00042280130293037853
1776461993.63,email,email-5dcf48b665-66zvj,memory_usage,container_memory_working_set_bytes,59531264.0
1776461993.63,email,email-5dcf48b665-9xxmx,cpu_usage,container_cpu_usage,0.00727204419372116
1776461993.63,email,email-5dcf48b665-9xxmx,memory_usage,container_memory_working_set_bytes,56168448.0
1776461993.63,email,email-5dcf48b665-n4zf2,cpu_usage,container_cpu_usage,0.0108477722989452
1776461993.63,email,email-5dcf48b665-n4zf2,memory_usage,container_memory_working_set_bytes,54640640.0
1776461993.63,email,email::service,pod_restart_count,k8s_container_restarts,9.0
1776461993.63,email,email::service,pod_running_count,k8s_container_ready,3.0
1776461993.63,email,otel-demo.email-5dcf48b665-66zvj.email,error_ratio,trace_server_error_ratio,0.0
1776461993.63,email,otel-demo.email-5dcf48b665-66zvj.email,request_count,trace_server_count,0.0
1776461993.63,email,otel-demo.email-5dcf48b665-9xxmx.email,error_ratio,trace_server_error_ratio,0.0
1776461993.63,email,otel-demo.email-5dcf48b665-9xxmx.email,request_count,trace_server_count,0.0
1776461993.63,email,otel-demo.email-5dcf48b665-n4zf2.email,error_ratio,trace_server_error_ratio,0.0
1776461993.63,email,otel-demo.email-5dcf48b665-n4zf2.email,request_count,trace_server_count,0.0
1776461993.63,frontend,frontend-b78bf7696-6bjdg,cpu_usage,container_cpu_usage,0.10494049949108397
1776461993.63,frontend,frontend-b78bf7696-6bjdg,memory_usage,container_memory_working_set_bytes,119451648.0
1776461993.63,frontend,frontend-b78bf7696-77ldd,cpu_usage,container_cpu_usage,0.08485153398208613
1776461993.63,frontend,frontend-b78bf7696-77ldd,memory_usage,container_memory_working_set_bytes,106045440.0
1776461993.63,frontend,frontend-b78bf7696-p9kqx,cpu_usage,container_cpu_usage,0.07189253709767211
1776461993.63,frontend,frontend-b78bf7696-p9kqx,memory_usage,container_memory_working_set_bytes,118202368.0
1776461993.63,frontend,frontend::service,pod_restart_count,k8s_container_restarts,3.0
1776461993.63,frontend,frontend::service,pod_running_count,k8s_container_ready,3.0
1776461993.63,frontend,otel-demo.frontend-b78bf7696-6bjdg.frontend,dependency_error_ratio,trace_client_error_ratio,0.0
1776461993.63,frontend,otel-demo.frontend-b78bf7696-6bjdg.frontend,error_ratio,trace_server_error_ratio,0.0
1776461993.63,frontend,otel-demo.frontend-b78bf7696-6bjdg.frontend,http_5xx_ratio,http_server_5xx_ratio,0.0
1776461993.63,frontend,otel-demo.frontend-b78bf7696-6bjdg.frontend,request_count,trace_server_count,0.0
1776461993.63,frontend,otel-demo.frontend-b78bf7696-77ldd.frontend,dependency_error_ratio,trace_client_error_ratio,0.0
1776461993.63,frontend,otel-demo.frontend-b78bf7696-77ldd.frontend,error_ratio,trace_server_error_ratio,0.0
1776461993.63,frontend,otel-demo.frontend-b78bf7696-77ldd.frontend,http_5xx_ratio,http_server_5xx_ratio,0.0
1776461993.63,frontend,otel-demo.frontend-b78bf7696-77ldd.frontend,request_count,trace_server_count,0.0
1776461993.63,frontend,otel-demo.frontend-b78bf7696-p9kqx.frontend,dependency_error_ratio,trace_client_error_ratio,0.0
1776461993.63,frontend,otel-demo.frontend-b78bf7696-p9kqx.frontend,error_ratio,trace_server_error_ratio,0.0
1776461993.63,frontend,otel-demo.frontend-b78bf7696-p9kqx.frontend,http_5xx_ratio,http_server_5xx_ratio,0.0
1776461993.63,frontend,otel-demo.frontend-b78bf7696-p9kqx.frontend,request_count,trace_server_count,0.0
1776461993.63,kafka,kafka-66df8bdf76-zjcbb,cpu_usage,container_cpu_usage,0.01438144037780436
1776461993.63,kafka,kafka-66df8bdf76-zjcbb,memory_usage,container_memory_working_set_bytes,665534464.0
1776461993.63,kafka,kafka::service,pod_restart_count,k8s_container_restarts,9.0
1776461993.63,kafka,kafka::service,pod_running_count,k8s_container_ready,1.0
1776461993.63,kafka,kafka::service,queue_lag,queue_size_ratio,0.0
1776461993.63,payment,otel-demo.payment-f9f8d647b-74h8z.payment,dependency_error_ratio,trace_client_error_ratio,0.0
1776461993.63,payment,otel-demo.payment-f9f8d647b-74h8z.payment,error_ratio,trace_server_error_ratio,0.0
1776461993.63,payment,otel-demo.payment-f9f8d647b-74h8z.payment,request_count,trace_server_count,0.0
1776461993.63,payment,otel-demo.payment-f9f8d647b-75hmx.payment,dependency_error_ratio,trace_client_error_ratio,0.0
1776461993.63,payment,otel-demo.payment-f9f8d647b-75hmx.payment,error_ratio,trace_server_error_ratio,0.0
1776461993.63,payment,otel-demo.payment-f9f8d647b-75hmx.payment,request_count,trace_server_count,0.0
1776461993.63,payment,otel-demo.payment-f9f8d647b-tv6l5.payment,dependency_error_ratio,trace_client_error_ratio,0.0
1776461993.63,payment,otel-demo.payment-f9f8d647b-tv6l5.payment,error_ratio,trace_server_error_ratio,0.0
1776461993.63,payment,otel-demo.payment-f9f8d647b-tv6l5.payment,request_count,trace_server_count,0.0
1776461993.63,payment,payment-f9f8d647b-74h8z,cpu_usage,container_cpu_usage,0.01198137910168579
1776461993.63,payment,payment-f9f8d647b-74h8z,memory_usage,container_memory_working_set_bytes,109694976.0
1776461993.63,payment,payment-f9f8d647b-75hmx,cpu_usage,container_cpu_usage,0.013121544733658697
1776461993.63,payment,payment-f9f8d647b-75hmx,memory_usage,container_memory_working_set_bytes,108888064.0
1776461993.63,payment,payment-f9f8d647b-tv6l5,cpu_usage,container_cpu_usage,0.00690240740269999
1776461993.63,payment,payment-f9f8d647b-tv6l5,memory_usage,container_memory_working_set_bytes,99213312.0
1776461993.63,payment,payment::service,pod_restart_count,k8s_container_restarts,39.0
1776461993.63,payment,payment::service,pod_running_count,k8s_container_ready,3.0
1776461993.63,product-catalog,otel-demo.product-catalog-784544475c-7crs7.product-catalog,dependency_error_ratio,trace_client_error_ratio,0.0
1776461993.63,product-catalog,otel-demo.product-catalog-784544475c-7crs7.product-catalog,error_ratio,trace_server_error_ratio,0.0
1776461993.63,product-catalog,otel-demo.product-catalog-784544475c-7crs7.product-catalog,request_count,trace_server_count,0.0
1776461993.63,product-catalog,otel-demo.product-catalog-784544475c-8skc7.product-catalog,dependency_error_ratio,trace_client_error_ratio,0.0
1776461993.63,product-catalog,otel-demo.product-catalog-784544475c-8skc7.product-catalog,error_ratio,trace_server_error_ratio,0.0
1776461993.63,product-catalog,otel-demo.product-catalog-784544475c-8skc7.product-catalog,request_count,trace_server_count,0.0
1776461993.63,product-catalog,otel-demo.product-catalog-784544475c-stwzc.product-catalog,dependency_error_ratio,trace_client_error_ratio,0.0
1776461993.63,product-catalog,otel-demo.product-catalog-784544475c-stwzc.product-catalog,error_ratio,trace_server_error_ratio,0.0
1776461993.63,product-catalog,otel-demo.product-catalog-784544475c-stwzc.product-catalog,request_count,trace_server_count,0.0
1776461993.63,product-catalog,product-catalog-784544475c-7crs7,cpu_usage,container_cpu_usage,0.024848249342238428
1776461993.63,product-catalog,product-catalog-784544475c-7crs7,memory_usage,container_memory_working_set_bytes,15650816.0
1776461993.63,product-catalog,product-catalog-784544475c-8skc7,cpu_usage,container_cpu_usage,0.09496263832150326
1776461993.63,product-catalog,product-catalog-784544475c-8skc7,memory_usage,container_memory_working_set_bytes,14770176.0
1776461993.63,product-catalog,product-catalog-784544475c-stwzc,cpu_usage,container_cpu_usage,0.0007953756495760663
1776461993.63,product-catalog,product-catalog-784544475c-stwzc,memory_usage,container_memory_working_set_bytes,32145408.0
1776461993.63,product-catalog,product-catalog::service,pod_restart_count,k8s_container_restarts,37.0
1776461993.63,product-catalog,product-catalog::service,pod_running_count,k8s_container_ready,3.0
1776461993.63,recommendation,otel-demo.recommendation-5b46f7469c-g2rgb.recommendation,dependency_error_ratio,trace_client_error_ratio,0.0
1776461993.63,recommendation,otel-demo.recommendation-5b46f7469c-rjwxq.recommendation,dependency_error_ratio,trace_client_error_ratio,0.0
1776461993.63,recommendation,otel-demo.recommendation-5b46f7469c-rjwxq.recommendation,error_ratio,trace_server_error_ratio,0.0
1776461993.63,recommendation,otel-demo.recommendation-5b46f7469c-rjwxq.recommendation,request_count,trace_server_count,0.0
1776461993.63,recommendation,otel-demo.recommendation-5b46f7469c-t2fm9.recommendation,dependency_error_ratio,trace_client_error_ratio,0.0
1776461993.63,recommendation,otel-demo.recommendation-5b46f7469c-t2fm9.recommendation,error_ratio,trace_server_error_ratio,0.0
1776461993.63,recommendation,otel-demo.recommendation-5b46f7469c-t2fm9.recommendation,request_count,trace_server_count,0.0
1776461993.63,recommendation,recommendation-5b46f7469c-g2rgb,cpu_usage,container_cpu_usage,0.009343522727272619
1776461993.63,recommendation,recommendation-5b46f7469c-g2rgb,memory_usage,container_memory_working_set_bytes,46891008.0
1776461993.63,recommendation,recommendation-5b46f7469c-rjwxq,cpu_usage,container_cpu_usage,0.015155727089053677
1776461993.63,recommendation,recommendation-5b46f7469c-rjwxq,memory_usage,container_memory_working_set_bytes,47865856.0
1776461993.63,recommendation,recommendation-5b46f7469c-t2fm9,cpu_usage,container_cpu_usage,0.030608656689663363
1776461993.63,recommendation,recommendation-5b46f7469c-t2fm9,memory_usage,container_memory_working_set_bytes,52518912.0
1776461993.63,recommendation,recommendation::service,pod_restart_count,k8s_container_restarts,3.0
1776461993.63,recommendation,recommendation::service,pod_running_count,k8s_container_ready,3.0
1776462003.63,ad,3a8b9295-6ae2-4e8a-b9b0-a607d7fec0a4,dependency_error_ratio,trace_client_error_ratio,0.0
1776462003.63,ad,3a8b9295-6ae2-4e8a-b9b0-a607d7fec0a4,error_ratio,trace_server_error_ratio,0.0
1776462003.63,ad,3a8b9295-6ae2-4e8a-b9b0-a607d7fec0a4,request_count,trace_server_count,0.0
1776462003.63,ad,5680c7ee-584c-4353-b6d2-93bc605a0324,dependency_error_ratio,trace_client_error_ratio,0.0
1776462003.63,ad,5680c7ee-584c-4353-b6d2-93bc605a0324,error_ratio,trace_server_error_ratio,0.0
1776462003.63,ad,5680c7ee-584c-4353-b6d2-93bc605a0324,request_count,trace_server_count,0.0
1776462003.63,ad,9f9a3c1c-bd3f-40ea-8764-b59f1ebd2204,dependency_error_ratio,trace_client_error_ratio,0.0
1776462003.63,ad,ad-7fb5b4f859-52ks9,cpu_usage,container_cpu_usage,0.0025071931030820893
1776462003.63,ad,ad-7fb5b4f859-52ks9,memory_usage,container_memory_working_set_bytes,260395008.0
1776462003.63,ad,ad-7fb5b4f859-rd4zw,cpu_usage,container_cpu_usage,0.0009932845832625924
1776462003.63,ad,ad-7fb5b4f859-rd4zw,memory_usage,container_memory_working_set_bytes,238374912.0
1776462003.63,ad,ad-7fb5b4f859-zsstr,cpu_usage,container_cpu_usage,0.0036285229699749345
1776462003.63,ad,ad-7fb5b4f859-zsstr,memory_usage,container_memory_working_set_bytes,261742592.0
1776462003.63,ad,ad::service,pod_restart_count,k8s_container_restarts,3.0
1776462003.63,ad,ad::service,pod_running_count,k8s_container_ready,3.0
1776462003.63,cart,cart-7c7496d7f-th7mc,cpu_usage,container_cpu_usage,0.05497150849763118
1776462003.63,cart,cart-7c7496d7f-th7mc,memory_usage,container_memory_working_set_bytes,62898176.0
1776462003.63,cart,cart::service,pod_restart_count,k8s_container_restarts,1.0
1776462003.63,cart,cart::service,pod_running_count,k8s_container_ready,1.0
1776462003.63,cart,f1f3afac-3031-4c18-925a-048232421d89,dependency_error_ratio,trace_client_error_ratio,0.0
1776462003.63,cart,f1f3afac-3031-4c18-925a-048232421d89,error_ratio,trace_server_error_ratio,0.0
1776462003.63,cart,f1f3afac-3031-4c18-925a-048232421d89,request_count,trace_server_count,0.0
1776462003.63,checkout,4755bdbd-5ad9-49fa-acb7-3a7dcb6a9277,dependency_error_ratio,trace_client_error_ratio,0.0
1776462003.63,checkout,4755bdbd-5ad9-49fa-acb7-3a7dcb6a9277,error_ratio,trace_server_error_ratio,0.0
1776462003.63,checkout,4755bdbd-5ad9-49fa-acb7-3a7dcb6a9277,request_count,trace_server_count,0.0
1776462003.63,checkout,bb49e6b9-109a-41b8-be66-ab2a38272474,dependency_error_ratio,trace_client_error_ratio,0.0
1776462003.63,checkout,bb49e6b9-109a-41b8-be66-ab2a38272474,error_ratio,trace_server_error_ratio,0.0
1776462003.63,checkout,bb49e6b9-109a-41b8-be66-ab2a38272474,request_count,trace_server_count,0.0
1776462003.63,checkout,bc5804df-6f63-4261-8788-8ecfe5481366,dependency_error_ratio,trace_client_error_ratio,0.0
1776462003.63,checkout,bc5804df-6f63-4261-8788-8ecfe5481366,error_ratio,trace_server_error_ratio,0.0
1776462003.63,checkout,bc5804df-6f63-4261-8788-8ecfe5481366,request_count,trace_server_count,0.0
1776462003.63,checkout,checkout-7f4ccfc547-6crwh,cpu_usage,container_cpu_usage,0.0975116886738909
1776462003.63,checkout,checkout-7f4ccfc547-6crwh,memory_usage,container_memory_working_set_bytes,14790656.0
1776462003.63,checkout,checkout-7f4ccfc547-ftx2n,cpu_usage,container_cpu_usage,0.0007366477554617197
1776462003.63,checkout,checkout-7f4ccfc547-ftx2n,memory_usage,container_memory_working_set_bytes,12046336.0
1776462003.63,checkout,checkout-7f4ccfc547-qlfgr,cpu_usage,container_cpu_usage,0.03792559705250918
1776462003.63,checkout,checkout-7f4ccfc547-qlfgr,memory_usage,container_memory_working_set_bytes,15413248.0
1776462003.63,checkout,checkout::service,pod_restart_count,k8s_container_restarts,45.0
1776462003.63,checkout,checkout::service,pod_running_count,k8s_container_ready,3.0
1776462003.63,email,email-5dcf48b665-66zvj,cpu_usage,container_cpu_usage,0.0003658761393235573
1776462003.63,email,email-5dcf48b665-66zvj,memory_usage,container_memory_working_set_bytes,59531264.0
1776462003.63,email,email-5dcf48b665-9xxmx,cpu_usage,container_cpu_usage,0.0063573341954558625
1776462003.63,email,email-5dcf48b665-9xxmx,memory_usage,container_memory_working_set_bytes,56238080.0
1776462003.63,email,email-5dcf48b665-n4zf2,cpu_usage,container_cpu_usage,0.01039518446601994
1776462003.63,email,email-5dcf48b665-n4zf2,memory_usage,container_memory_working_set_bytes,54640640.0
1776462003.63,email,email::service,pod_restart_count,k8s_container_restarts,9.0
1776462003.63,email,email::service,pod_running_count,k8s_container_ready,3.0
1776462003.63,email,otel-demo.email-5dcf48b665-66zvj.email,error_ratio,trace_server_error_ratio,0.0
1776462003.63,email,otel-demo.email-5dcf48b665-66zvj.email,request_count,trace_server_count,0.0
1776462003.63,email,otel-demo.email-5dcf48b665-9xxmx.email,error_ratio,trace_server_error_ratio,0.0
1776462003.63,email,otel-demo.email-5dcf48b665-9xxmx.email,request_count,trace_server_count,0.0
1776462003.63,email,otel-demo.email-5dcf48b665-n4zf2.email,error_ratio,trace_server_error_ratio,0.0
1776462003.63,email,otel-demo.email-5dcf48b665-n4zf2.email,request_count,trace_server_count,0.0
1776462003.63,frontend,frontend-b78bf7696-6bjdg,cpu_usage,container_cpu_usage,0.07355182480492055
1776462003.63,frontend,frontend-b78bf7696-6bjdg,memory_usage,container_memory_working_set_bytes,119934976.0
1776462003.63,frontend,frontend-b78bf7696-77ldd,cpu_usage,container_cpu_usage,0.09036878585783335
1776462003.63,frontend,frontend-b78bf7696-77ldd,memory_usage,container_memory_working_set_bytes,105660416.0
1776462003.63,frontend,frontend-b78bf7696-p9kqx,cpu_usage,container_cpu_usage,0.06064335205680581
1776462003.63,frontend,frontend-b78bf7696-p9kqx,memory_usage,container_memory_working_set_bytes,118202368.0
1776462003.63,frontend,frontend::service,pod_restart_count,k8s_container_restarts,3.0
1776462003.63,frontend,frontend::service,pod_running_count,k8s_container_ready,3.0
1776462003.63,frontend,otel-demo.frontend-b78bf7696-6bjdg.frontend,dependency_error_ratio,trace_client_error_ratio,0.0
1776462003.63,frontend,otel-demo.frontend-b78bf7696-6bjdg.frontend,error_ratio,trace_server_error_ratio,0.0
1776462003.63,frontend,otel-demo.frontend-b78bf7696-6bjdg.frontend,http_5xx_ratio,http_server_5xx_ratio,0.0
1776462003.63,frontend,otel-demo.frontend-b78bf7696-6bjdg.frontend,request_count,trace_server_count,0.0
1776462003.63,frontend,otel-demo.frontend-b78bf7696-77ldd.frontend,dependency_error_ratio,trace_client_error_ratio,0.0
1776462003.63,frontend,otel-demo.frontend-b78bf7696-77ldd.frontend,error_ratio,trace_server_error_ratio,0.0
1776462003.63,frontend,otel-demo.frontend-b78bf7696-77ldd.frontend,http_5xx_ratio,http_server_5xx_ratio,0.0
1776462003.63,frontend,otel-demo.frontend-b78bf7696-77ldd.frontend,request_count,trace_server_count,0.0
1776462003.63,frontend,otel-demo.frontend-b78bf7696-p9kqx.frontend,dependency_error_ratio,trace_client_error_ratio,0.0
1776462003.63,frontend,otel-demo.frontend-b78bf7696-p9kqx.frontend,error_ratio,trace_server_error_ratio,0.0
1776462003.63,frontend,otel-demo.frontend-b78bf7696-p9kqx.frontend,http_5xx_ratio,http_server_5xx_ratio,0.0
1776462003.63,frontend,otel-demo.frontend-b78bf7696-p9kqx.frontend,request_count,trace_server_count,0.0
1776462003.63,kafka,kafka-66df8bdf76-zjcbb,cpu_usage,container_cpu_usage,0.009564475000000528
1776462003.63,kafka,kafka-66df8bdf76-zjcbb,memory_usage,container_memory_working_set_bytes,665534464.0
1776462003.63,kafka,kafka::service,pod_restart_count,k8s_container_restarts,9.0
1776462003.63,kafka,kafka::service,pod_running_count,k8s_container_ready,1.0
1776462003.63,kafka,kafka::service,queue_lag,queue_size_ratio,0.0
1776462003.63,payment,otel-demo.payment-f9f8d647b-74h8z.payment,dependency_error_ratio,trace_client_error_ratio,0.0
1776462003.63,payment,otel-demo.payment-f9f8d647b-74h8z.payment,error_ratio,trace_server_error_ratio,0.0
1776462003.63,payment,otel-demo.payment-f9f8d647b-74h8z.payment,request_count,trace_server_count,0.0
1776462003.63,payment,otel-demo.payment-f9f8d647b-75hmx.payment,dependency_error_ratio,trace_client_error_ratio,0.0
1776462003.63,payment,otel-demo.payment-f9f8d647b-75hmx.payment,error_ratio,trace_server_error_ratio,0.0
1776462003.63,payment,otel-demo.payment-f9f8d647b-75hmx.payment,request_count,trace_server_count,0.0
1776462003.63,payment,otel-demo.payment-f9f8d647b-tv6l5.payment,dependency_error_ratio,trace_client_error_ratio,0.0
1776462003.63,payment,otel-demo.payment-f9f8d647b-tv6l5.payment,error_ratio,trace_server_error_ratio,0.0
1776462003.63,payment,otel-demo.payment-f9f8d647b-tv6l5.payment,request_count,trace_server_count,0.0
1776462003.63,payment,payment-f9f8d647b-74h8z,cpu_usage,container_cpu_usage,0.009730830646862011
1776462003.63,payment,payment-f9f8d647b-74h8z,memory_usage,container_memory_working_set_bytes,109694976.0
1776462003.63,payment,payment-f9f8d647b-75hmx,cpu_usage,container_cpu_usage,0.012349103243398918
1776462003.63,payment,payment-f9f8d647b-75hmx,memory_usage,container_memory_working_set_bytes,109797376.0
1776462003.63,payment,payment-f9f8d647b-tv6l5,cpu_usage,container_cpu_usage,0.006941929014746922
1776462003.63,payment,payment-f9f8d647b-tv6l5,memory_usage,container_memory_working_set_bytes,99213312.0
1776462003.63,payment,payment::service,pod_restart_count,k8s_container_restarts,39.0
1776462003.63,payment,payment::service,pod_running_count,k8s_container_ready,3.0
1776462003.63,product-catalog,otel-demo.product-catalog-784544475c-7crs7.product-catalog,dependency_error_ratio,trace_client_error_ratio,0.0
1776462003.63,product-catalog,otel-demo.product-catalog-784544475c-7crs7.product-catalog,error_ratio,trace_server_error_ratio,0.0
1776462003.63,product-catalog,otel-demo.product-catalog-784544475c-7crs7.product-catalog,request_count,trace_server_count,0.0
1776462003.63,product-catalog,otel-demo.product-catalog-784544475c-8skc7.product-catalog,dependency_error_ratio,trace_client_error_ratio,0.0
1776462003.63,product-catalog,otel-demo.product-catalog-784544475c-8skc7.product-catalog,error_ratio,trace_server_error_ratio,0.0
1776462003.63,product-catalog,otel-demo.product-catalog-784544475c-8skc7.product-catalog,request_count,trace_server_count,0.0
1776462003.63,product-catalog,otel-demo.product-catalog-784544475c-stwzc.product-catalog,dependency_error_ratio,trace_client_error_ratio,0.0
1776462003.63,product-catalog,otel-demo.product-catalog-784544475c-stwzc.product-catalog,error_ratio,trace_server_error_ratio,0.0
1776462003.63,product-catalog,otel-demo.product-catalog-784544475c-stwzc.product-catalog,request_count,trace_server_count,0.0
1776462003.63,product-catalog,product-catalog-784544475c-7crs7,cpu_usage,container_cpu_usage,0.024848249342238428
1776462003.63,product-catalog,product-catalog-784544475c-7crs7,memory_usage,container_memory_working_set_bytes,15650816.0
1776462003.63,product-catalog,product-catalog-784544475c-8skc7,cpu_usage,container_cpu_usage,0.08949420211255316
1776462003.63,product-catalog,product-catalog-784544475c-8skc7,memory_usage,container_memory_working_set_bytes,14770176.0
1776462003.63,product-catalog,product-catalog-784544475c-stwzc,cpu_usage,container_cpu_usage,0.0008423850378158652
1776462003.63,product-catalog,product-catalog-784544475c-stwzc,memory_usage,container_memory_working_set_bytes,32153600.0
1776462003.63,product-catalog,product-catalog::service,pod_restart_count,k8s_container_restarts,37.0
1776462003.63,product-catalog,product-catalog::service,pod_running_count,k8s_container_ready,3.0
1776462003.63,recommendation,otel-demo.recommendation-5b46f7469c-g2rgb.recommendation,dependency_error_ratio,trace_client_error_ratio,0.0
1776462003.63,recommendation,otel-demo.recommendation-5b46f7469c-rjwxq.recommendation,dependency_error_ratio,trace_client_error_ratio,0.0
1776462003.63,recommendation,otel-demo.recommendation-5b46f7469c-rjwxq.recommendation,error_ratio,trace_server_error_ratio,0.0
1776462003.63,recommendation,otel-demo.recommendation-5b46f7469c-rjwxq.recommendation,request_count,trace_server_count,0.0
1776462003.63,recommendation,otel-demo.recommendation-5b46f7469c-t2fm9.recommendation,dependency_error_ratio,trace_client_error_ratio,0.0
1776462003.63,recommendation,otel-demo.recommendation-5b46f7469c-t2fm9.recommendation,error_ratio,trace_server_error_ratio,0.0
1776462003.63,recommendation,otel-demo.recommendation-5b46f7469c-t2fm9.recommendation,request_count,trace_server_count,0.0
1776462003.63,recommendation,recommendation-5b46f7469c-g2rgb,cpu_usage,container_cpu_usage,0.009467244462103086
1776462003.63,recommendation,recommendation-5b46f7469c-g2rgb,memory_usage,container_memory_working_set_bytes,46891008.0
1776462003.63,recommendation,recommendation-5b46f7469c-rjwxq,cpu_usage,container_cpu_usage,0.014639591528381323
1776462003.63,recommendation,recommendation-5b46f7469c-rjwxq,memory_usage,container_memory_working_set_bytes,47865856.0
1776462003.63,recommendation,recommendation-5b46f7469c-t2fm9,cpu_usage,container_cpu_usage,0.028674573857317708
1776462003.63,recommendation,recommendation-5b46f7469c-t2fm9,memory_usage,container_memory_working_set_bytes,52518912.0
1776462003.63,recommendation,recommendation::service,pod_restart_count,k8s_container_restarts,3.0
1776462003.63,recommendation,recommendation::service,pod_running_count,k8s_container_ready,3.0
1776462013.63,ad,3a8b9295-6ae2-4e8a-b9b0-a607d7fec0a4,dependency_error_ratio,trace_client_error_ratio,0.0
1776462013.63,ad,3a8b9295-6ae2-4e8a-b9b0-a607d7fec0a4,error_ratio,trace_server_error_ratio,0.0
1776462013.63,ad,3a8b9295-6ae2-4e8a-b9b0-a607d7fec0a4,request_count,trace_server_count,0.0
1776462013.63,ad,5680c7ee-584c-4353-b6d2-93bc605a0324,dependency_error_ratio,trace_client_error_ratio,0.0
1776462013.63,ad,5680c7ee-584c-4353-b6d2-93bc605a0324,error_ratio,trace_server_error_ratio,0.0
1776462013.63,ad,5680c7ee-584c-4353-b6d2-93bc605a0324,request_count,trace_server_count,0.0
1776462013.63,ad,9f9a3c1c-bd3f-40ea-8764-b59f1ebd2204,dependency_error_ratio,trace_client_error_ratio,0.0
1776462013.63,ad,ad-7fb5b4f859-52ks9,cpu_usage,container_cpu_usage,0.0027351434426231207
1776462013.63,ad,ad-7fb5b4f859-52ks9,memory_usage,container_memory_working_set_bytes,260399104.0
1776462013.63,ad,ad-7fb5b4f859-rd4zw,cpu_usage,container_cpu_usage,0.0012221108293556458
1776462013.63,ad,ad-7fb5b4f859-rd4zw,memory_usage,container_memory_working_set_bytes,238374912.0
1776462013.63,ad,ad-7fb5b4f859-zsstr,cpu_usage,container_cpu_usage,0.003890389750270051
1776462013.63,ad,ad-7fb5b4f859-zsstr,memory_usage,container_memory_working_set_bytes,261742592.0
1776462013.63,ad,ad::service,pod_restart_count,k8s_container_restarts,3.0
1776462013.63,ad,ad::service,pod_running_count,k8s_container_ready,3.0
1776462013.63,cart,cart-7c7496d7f-th7mc,cpu_usage,container_cpu_usage,0.05496790413533794
1776462013.63,cart,cart-7c7496d7f-th7mc,memory_usage,container_memory_working_set_bytes,63217664.0
1776462013.63,cart,cart::service,pod_restart_count,k8s_container_restarts,1.0
1776462013.63,cart,cart::service,pod_running_count,k8s_container_ready,1.0
1776462013.63,cart,f1f3afac-3031-4c18-925a-048232421d89,dependency_error_ratio,trace_client_error_ratio,0.0
1776462013.63,cart,f1f3afac-3031-4c18-925a-048232421d89,error_ratio,trace_server_error_ratio,0.0
1776462013.63,cart,f1f3afac-3031-4c18-925a-048232421d89,request_count,trace_server_count,0.0
1776462013.63,checkout,4755bdbd-5ad9-49fa-acb7-3a7dcb6a9277,dependency_error_ratio,trace_client_error_ratio,0.0
1776462013.63,checkout,4755bdbd-5ad9-49fa-acb7-3a7dcb6a9277,error_ratio,trace_server_error_ratio,0.0
1776462013.63,checkout,4755bdbd-5ad9-49fa-acb7-3a7dcb6a9277,request_count,trace_server_count,0.0
1776462013.63,checkout,bb49e6b9-109a-41b8-be66-ab2a38272474,dependency_error_ratio,trace_client_error_ratio,0.0
1776462013.63,checkout,bb49e6b9-109a-41b8-be66-ab2a38272474,error_ratio,trace_server_error_ratio,0.0
1776462013.63,checkout,bb49e6b9-109a-41b8-be66-ab2a38272474,request_count,trace_server_count,0.0
1776462013.63,checkout,bc5804df-6f63-4261-8788-8ecfe5481366,dependency_error_ratio,trace_client_error_ratio,0.0
1776462013.63,checkout,bc5804df-6f63-4261-8788-8ecfe5481366,error_ratio,trace_server_error_ratio,0.0
1776462013.63,checkout,bc5804df-6f63-4261-8788-8ecfe5481366,request_count,trace_server_count,0.0
1776462013.63,checkout,checkout-7f4ccfc547-6crwh,cpu_usage,container_cpu_usage,0.12457281900415214
1776462013.63,checkout,checkout-7f4ccfc547-6crwh,memory_usage,container_memory_working_set_bytes,15163392.0
1776462013.63,checkout,checkout-7f4ccfc547-ftx2n,cpu_usage,container_cpu_usage,0.0008948715796541968
1776462013.63,checkout,checkout-7f4ccfc547-ftx2n,memory_usage,container_memory_working_set_bytes,12259328.0
1776462013.63,checkout,checkout-7f4ccfc547-qlfgr,cpu_usage,container_cpu_usage,0.04064038517653946
1776462013.63,checkout,checkout-7f4ccfc547-qlfgr,memory_usage,container_memory_working_set_bytes,15265792.0
1776462013.63,checkout,checkout::service,pod_restart_count,k8s_container_restarts,45.0
1776462013.63,checkout,checkout::service,pod_running_count,k8s_container_ready,3.0
1776462013.63,email,email-5dcf48b665-66zvj,cpu_usage,container_cpu_usage,0.0004418808777420773
1776462013.63,email,email-5dcf48b665-66zvj,memory_usage,container_memory_working_set_bytes,59531264.0
1776462013.63,email,email-5dcf48b665-9xxmx,cpu_usage,container_cpu_usage,0.0063573341954558625
1776462013.63,email,email-5dcf48b665-9xxmx,memory_usage,container_memory_working_set_bytes,56238080.0
1776462013.63,email,email-5dcf48b665-n4zf2,cpu_usage,container_cpu_usage,0.011371972864242904
1776462013.63,email,email-5dcf48b665-n4zf2,memory_usage,container_memory_working_set_bytes,54366208.0
1776462013.63,email,email::service,pod_restart_count,k8s_container_restarts,9.0
1776462013.63,email,email::service,pod_running_count,k8s_container_ready,3.0
1776462013.63,email,otel-demo.email-5dcf48b665-66zvj.email,error_ratio,trace_server_error_ratio,0.0
1776462013.63,email,otel-demo.email-5dcf48b665-66zvj.email,request_count,trace_server_count,0.0
1776462013.63,email,otel-demo.email-5dcf48b665-9xxmx.email,error_ratio,trace_server_error_ratio,0.0
1776462013.63,email,otel-demo.email-5dcf48b665-9xxmx.email,request_count,trace_server_count,0.0
1776462013.63,email,otel-demo.email-5dcf48b665-n4zf2.email,error_ratio,trace_server_error_ratio,0.0
1776462013.63,email,otel-demo.email-5dcf48b665-n4zf2.email,request_count,trace_server_count,0.0
1776462013.63,frontend,frontend-b78bf7696-6bjdg,cpu_usage,container_cpu_usage,0.09329843953183302
1776462013.63,frontend,frontend-b78bf7696-6bjdg,memory_usage,container_memory_working_set_bytes,119934976.0
1776462013.63,frontend,frontend-b78bf7696-77ldd,cpu_usage,container_cpu_usage,0.09036878585783335
1776462013.63,frontend,frontend-b78bf7696-77ldd,memory_usage,container_memory_working_set_bytes,105660416.0
1776462013.63,frontend,frontend-b78bf7696-p9kqx,cpu_usage,container_cpu_usage,0.0821738329089354
1776462013.63,frontend,frontend-b78bf7696-p9kqx,memory_usage,container_memory_working_set_bytes,117669888.0
1776462013.63,frontend,frontend::service,pod_restart_count,k8s_container_restarts,3.0
1776462013.63,frontend,frontend::service,pod_running_count,k8s_container_ready,3.0
1776462013.63,frontend,otel-demo.frontend-b78bf7696-6bjdg.frontend,dependency_error_ratio,trace_client_error_ratio,0.0
1776462013.63,frontend,otel-demo.frontend-b78bf7696-6bjdg.frontend,error_ratio,trace_server_error_ratio,0.0
1776462013.63,frontend,otel-demo.frontend-b78bf7696-6bjdg.frontend,http_5xx_ratio,http_server_5xx_ratio,0.0
1776462013.63,frontend,otel-demo.frontend-b78bf7696-6bjdg.frontend,request_count,trace_server_count,0.0
1776462013.63,frontend,otel-demo.frontend-b78bf7696-77ldd.frontend,dependency_error_ratio,trace_client_error_ratio,0.0
1776462013.63,frontend,otel-demo.frontend-b78bf7696-77ldd.frontend,error_ratio,trace_server_error_ratio,0.0
1776462013.63,frontend,otel-demo.frontend-b78bf7696-77ldd.frontend,http_5xx_ratio,http_server_5xx_ratio,0.0
1776462013.63,frontend,otel-demo.frontend-b78bf7696-77ldd.frontend,request_count,trace_server_count,0.0
1776462013.63,frontend,otel-demo.frontend-b78bf7696-p9kqx.frontend,dependency_error_ratio,trace_client_error_ratio,0.0
1776462013.63,frontend,otel-demo.frontend-b78bf7696-p9kqx.frontend,error_ratio,trace_server_error_ratio,0.0
1776462013.63,frontend,otel-demo.frontend-b78bf7696-p9kqx.frontend,http_5xx_ratio,http_server_5xx_ratio,0.0
1776462013.63,frontend,otel-demo.frontend-b78bf7696-p9kqx.frontend,request_count,trace_server_count,0.0
1776462013.63,kafka,kafka-66df8bdf76-zjcbb,cpu_usage,container_cpu_usage,0.014231736633575869
1776462013.63,kafka,kafka-66df8bdf76-zjcbb,memory_usage,container_memory_working_set_bytes,665563136.0
1776462013.63,kafka,kafka::service,pod_restart_count,k8s_container_restarts,9.0
1776462013.63,kafka,kafka::service,pod_running_count,k8s_container_ready,1.0
1776462013.63,kafka,kafka::service,queue_lag,queue_size_ratio,0.0
1776462013.63,payment,otel-demo.payment-f9f8d647b-74h8z.payment,dependency_error_ratio,trace_client_error_ratio,0.0
1776462013.63,payment,otel-demo.payment-f9f8d647b-74h8z.payment,error_ratio,trace_server_error_ratio,0.0
1776462013.63,payment,otel-demo.payment-f9f8d647b-74h8z.payment,request_count,trace_server_count,0.0
1776462013.63,payment,otel-demo.payment-f9f8d647b-75hmx.payment,dependency_error_ratio,trace_client_error_ratio,0.0
1776462013.63,payment,otel-demo.payment-f9f8d647b-75hmx.payment,error_ratio,trace_server_error_ratio,0.0
1776462013.63,payment,otel-demo.payment-f9f8d647b-75hmx.payment,request_count,trace_server_count,0.0
1776462013.63,payment,otel-demo.payment-f9f8d647b-tv6l5.payment,dependency_error_ratio,trace_client_error_ratio,0.0
1776462013.63,payment,otel-demo.payment-f9f8d647b-tv6l5.payment,error_ratio,trace_server_error_ratio,0.0
1776462013.63,payment,otel-demo.payment-f9f8d647b-tv6l5.payment,request_count,trace_server_count,0.0
1776462013.63,payment,payment-f9f8d647b-74h8z,cpu_usage,container_cpu_usage,0.010262412492182415
1776462013.63,payment,payment-f9f8d647b-74h8z,memory_usage,container_memory_working_set_bytes,109699072.0
1776462013.63,payment,payment-f9f8d647b-75hmx,cpu_usage,container_cpu_usage,0.012629459128605624
1776462013.63,payment,payment-f9f8d647b-75hmx,memory_usage,container_memory_working_set_bytes,109797376.0
1776462013.63,payment,payment-f9f8d647b-tv6l5,cpu_usage,container_cpu_usage,0.0072910876172170664
1776462013.63,payment,payment-f9f8d647b-tv6l5,memory_usage,container_memory_working_set_bytes,99213312.0
1776462013.63,payment,payment::service,pod_restart_count,k8s_container_restarts,39.0
1776462013.63,payment,payment::service,pod_running_count,k8s_container_ready,3.0
1776462013.63,product-catalog,otel-demo.product-catalog-784544475c-7crs7.product-catalog,dependency_error_ratio,trace_client_error_ratio,0.0
1776462013.63,product-catalog,otel-demo.product-catalog-784544475c-7crs7.product-catalog,error_ratio,trace_server_error_ratio,0.0
1776462013.63,product-catalog,otel-demo.product-catalog-784544475c-7crs7.product-catalog,request_count,trace_server_count,0.0
1776462013.63,product-catalog,otel-demo.product-catalog-784544475c-8skc7.product-catalog,dependency_error_ratio,trace_client_error_ratio,0.0
1776462013.63,product-catalog,otel-demo.product-catalog-784544475c-8skc7.product-catalog,error_ratio,trace_server_error_ratio,0.0
1776462013.63,product-catalog,otel-demo.product-catalog-784544475c-8skc7.product-catalog,request_count,trace_server_count,0.0
1776462013.63,product-catalog,otel-demo.product-catalog-784544475c-stwzc.product-catalog,dependency_error_ratio,trace_client_error_ratio,0.0
1776462013.63,product-catalog,otel-demo.product-catalog-784544475c-stwzc.product-catalog,error_ratio,trace_server_error_ratio,0.0
1776462013.63,product-catalog,otel-demo.product-catalog-784544475c-stwzc.product-catalog,request_count,trace_server_count,0.0
1776462013.63,product-catalog,product-catalog-784544475c-7crs7,cpu_usage,container_cpu_usage,0.029812765957446797
1776462013.63,product-catalog,product-catalog-784544475c-7crs7,memory_usage,container_memory_working_set_bytes,15884288.0
1776462013.63,product-catalog,product-catalog-784544475c-8skc7,cpu_usage,container_cpu_usage,0.09127537796975721
1776462013.63,product-catalog,product-catalog-784544475c-8skc7,memory_usage,container_memory_working_set_bytes,15056896.0
1776462013.63,product-catalog,product-catalog-784544475c-stwzc,cpu_usage,container_cpu_usage,0.0009811316546602135
1776462013.63,product-catalog,product-catalog-784544475c-stwzc,memory_usage,container_memory_working_set_bytes,32178176.0
1776462013.63,product-catalog,product-catalog::service,pod_restart_count,k8s_container_restarts,37.0
1776462013.63,product-catalog,product-catalog::service,pod_running_count,k8s_container_ready,3.0
1776462013.63,recommendation,otel-demo.recommendation-5b46f7469c-g2rgb.recommendation,dependency_error_ratio,trace_client_error_ratio,0.0
1776462013.63,recommendation,otel-demo.recommendation-5b46f7469c-rjwxq.recommendation,dependency_error_ratio,trace_client_error_ratio,0.0
1776462013.63,recommendation,otel-demo.recommendation-5b46f7469c-rjwxq.recommendation,error_ratio,trace_server_error_ratio,0.0
1776462013.63,recommendation,otel-demo.recommendation-5b46f7469c-rjwxq.recommendation,request_count,trace_server_count,0.0
1776462013.63,recommendation,otel-demo.recommendation-5b46f7469c-t2fm9.recommendation,dependency_error_ratio,trace_client_error_ratio,0.0
1776462013.63,recommendation,otel-demo.recommendation-5b46f7469c-t2fm9.recommendation,error_ratio,trace_server_error_ratio,0.0
1776462013.63,recommendation,otel-demo.recommendation-5b46f7469c-t2fm9.recommendation,request_count,trace_server_count,0.0
1776462013.63,recommendation,recommendation-5b46f7469c-g2rgb,cpu_usage,container_cpu_usage,0.008496089149920734
1776462013.63,recommendation,recommendation-5b46f7469c-g2rgb,memory_usage,container_memory_working_set_bytes,46891008.0
1776462013.63,recommendation,recommendation-5b46f7469c-rjwxq,cpu_usage,container_cpu_usage,0.01694645526864632
1776462013.63,recommendation,recommendation-5b46f7469c-rjwxq,memory_usage,container_memory_working_set_bytes,47820800.0
1776462013.63,recommendation,recommendation-5b46f7469c-t2fm9,cpu_usage,container_cpu_usage,0.024202841011639276
1776462013.63,recommendation,recommendation-5b46f7469c-t2fm9,memory_usage,container_memory_working_set_bytes,52518912.0
1776462013.63,recommendation,recommendation::service,pod_restart_count,k8s_container_restarts,3.0
1776462013.63,recommendation,recommendation::service,pod_running_count,k8s_container_ready,3.0
1776462023.63,ad,3a8b9295-6ae2-4e8a-b9b0-a607d7fec0a4,dependency_error_ratio,trace_client_error_ratio,0.0
1776462023.63,ad,3a8b9295-6ae2-4e8a-b9b0-a607d7fec0a4,error_ratio,trace_server_error_ratio,0.0
1776462023.63,ad,3a8b9295-6ae2-4e8a-b9b0-a607d7fec0a4,request_count,trace_server_count,0.0
1776462023.63,ad,5680c7ee-584c-4353-b6d2-93bc605a0324,dependency_error_ratio,trace_client_error_ratio,0.0
1776462023.63,ad,5680c7ee-584c-4353-b6d2-93bc605a0324,error_ratio,trace_server_error_ratio,0.0
1776462023.63,ad,5680c7ee-584c-4353-b6d2-93bc605a0324,request_count,trace_server_count,0.0
1776462023.63,ad,9f9a3c1c-bd3f-40ea-8764-b59f1ebd2204,dependency_error_ratio,trace_client_error_ratio,0.0
1776462023.63,ad,ad-7fb5b4f859-52ks9,cpu_usage,container_cpu_usage,0.0028910369068511498
1776462023.63,ad,ad-7fb5b4f859-52ks9,memory_usage,container_memory_working_set_bytes,260399104.0
1776462023.63,ad,ad-7fb5b4f859-rd4zw,cpu_usage,container_cpu_usage,0.0011807622208381671
1776462023.63,ad,ad-7fb5b4f859-rd4zw,memory_usage,container_memory_working_set_bytes,238374912.0
1776462023.63,ad,ad-7fb5b4f859-zsstr,cpu_usage,container_cpu_usage,0.003890389750270051
1776462023.63,ad,ad-7fb5b4f859-zsstr,memory_usage,container_memory_working_set_bytes,261742592.0
1776462023.63,ad,ad::service,pod_restart_count,k8s_container_restarts,3.0
1776462023.63,ad,ad::service,pod_running_count,k8s_container_ready,3.0
1776462023.63,cart,cart-7c7496d7f-th7mc,cpu_usage,container_cpu_usage,0.04698228917345413
1776462023.63,cart,cart-7c7496d7f-th7mc,memory_usage,container_memory_working_set_bytes,63217664.0
1776462023.63,cart,cart::service,pod_restart_count,k8s_container_restarts,1.0
1776462023.63,cart,cart::service,pod_running_count,k8s_container_ready,1.0
1776462023.63,cart,f1f3afac-3031-4c18-925a-048232421d89,dependency_error_ratio,trace_client_error_ratio,0.0
1776462023.63,cart,f1f3afac-3031-4c18-925a-048232421d89,error_ratio,trace_server_error_ratio,0.0
1776462023.63,cart,f1f3afac-3031-4c18-925a-048232421d89,request_count,trace_server_count,0.0
1776462023.63,checkout,4755bdbd-5ad9-49fa-acb7-3a7dcb6a9277,dependency_error_ratio,trace_client_error_ratio,0.0
1776462023.63,checkout,4755bdbd-5ad9-49fa-acb7-3a7dcb6a9277,error_ratio,trace_server_error_ratio,0.0
1776462023.63,checkout,4755bdbd-5ad9-49fa-acb7-3a7dcb6a9277,request_count,trace_server_count,0.0
1776462023.63,checkout,bb49e6b9-109a-41b8-be66-ab2a38272474,dependency_error_ratio,trace_client_error_ratio,0.0
1776462023.63,checkout,bb49e6b9-109a-41b8-be66-ab2a38272474,error_ratio,trace_server_error_ratio,0.0
1776462023.63,checkout,bb49e6b9-109a-41b8-be66-ab2a38272474,request_count,trace_server_count,0.0
1776462023.63,checkout,bc5804df-6f63-4261-8788-8ecfe5481366,dependency_error_ratio,trace_client_error_ratio,0.0
1776462023.63,checkout,bc5804df-6f63-4261-8788-8ecfe5481366,error_ratio,trace_server_error_ratio,0.0
1776462023.63,checkout,bc5804df-6f63-4261-8788-8ecfe5481366,request_count,trace_server_count,0.0
1776462023.63,checkout,checkout-7f4ccfc547-6crwh,cpu_usage,container_cpu_usage,0.11262428471737458
1776462023.63,checkout,checkout-7f4ccfc547-6crwh,memory_usage,container_memory_working_set_bytes,14827520.0
1776462023.63,checkout,checkout-7f4ccfc547-ftx2n,cpu_usage,container_cpu_usage,0.0007405829837581982
1776462023.63,checkout,checkout-7f4ccfc547-ftx2n,memory_usage,container_memory_working_set_bytes,12255232.0
1776462023.63,checkout,checkout-7f4ccfc547-qlfgr,cpu_usage,container_cpu_usage,0.034541719622853836
1776462023.63,checkout,checkout-7f4ccfc547-qlfgr,memory_usage,container_memory_working_set_bytes,15265792.0
1776462023.63,checkout,checkout::service,pod_restart_count,k8s_container_restarts,45.0
1776462023.63,checkout,checkout::service,pod_running_count,k8s_container_ready,3.0
1776462023.63,email,email-5dcf48b665-66zvj,cpu_usage,container_cpu_usage,0.0004912012585674126
1776462023.63,email,email-5dcf48b665-66zvj,memory_usage,container_memory_working_set_bytes,59527168.0
1776462023.63,email,email-5dcf48b665-9xxmx,cpu_usage,container_cpu_usage,0.0065666620803523324
1776462023.63,email,email-5dcf48b665-9xxmx,memory_usage,container_memory_working_set_bytes,56233984.0
1776462023.63,email,email-5dcf48b665-n4zf2,cpu_usage,container_cpu_usage,0.011003825404610023
1776462023.63,email,email-5dcf48b665-n4zf2,memory_usage,container_memory_working_set_bytes,54411264.0
1776462023.63,email,email::service,pod_restart_count,k8s_container_restarts,9.0
1776462023.63,email,email::service,pod_running_count,k8s_container_ready,3.0
1776462023.63,email,otel-demo.email-5dcf48b665-66zvj.email,error_ratio,trace_server_error_ratio,0.0
1776462023.63,email,otel-demo.email-5dcf48b665-66zvj.email,request_count,trace_server_count,0.0
1776462023.63,email,otel-demo.email-5dcf48b665-9xxmx.email,error_ratio,trace_server_error_ratio,0.0
1776462023.63,email,otel-demo.email-5dcf48b665-9xxmx.email,request_count,trace_server_count,0.0
1776462023.63,email,otel-demo.email-5dcf48b665-n4zf2.email,error_ratio,trace_server_error_ratio,0.0
1776462023.63,email,otel-demo.email-5dcf48b665-n4zf2.email,request_count,trace_server_count,0.0
1776462023.63,frontend,frontend-b78bf7696-6bjdg,cpu_usage,container_cpu_usage,0.08774539551132138
1776462023.63,frontend,frontend-b78bf7696-6bjdg,memory_usage,container_memory_working_set_bytes,119197696.0
1776462023.63,frontend,frontend-b78bf7696-77ldd,cpu_usage,container_cpu_usage,0.0877613959011117
1776462023.63,frontend,frontend-b78bf7696-77ldd,memory_usage,container_memory_working_set_bytes,105803776.0
1776462023.63,frontend,frontend-b78bf7696-p9kqx,cpu_usage,container_cpu_usage,0.08072218574821279
1776462023.63,frontend,frontend-b78bf7696-p9kqx,memory_usage,container_memory_working_set_bytes,118493184.0
1776462023.63,frontend,frontend::service,pod_restart_count,k8s_container_restarts,3.0
1776462023.63,frontend,frontend::service,pod_running_count,k8s_container_ready,3.0
1776462023.63,frontend,otel-demo.frontend-b78bf7696-6bjdg.frontend,dependency_error_ratio,trace_client_error_ratio,0.0
1776462023.63,frontend,otel-demo.frontend-b78bf7696-6bjdg.frontend,error_ratio,trace_server_error_ratio,0.0
1776462023.63,frontend,otel-demo.frontend-b78bf7696-6bjdg.frontend,http_5xx_ratio,http_server_5xx_ratio,0.0
1776462023.63,frontend,otel-demo.frontend-b78bf7696-6bjdg.frontend,request_count,trace_server_count,0.0
1776462023.63,frontend,otel-demo.frontend-b78bf7696-77ldd.frontend,dependency_error_ratio,trace_client_error_ratio,0.0
1776462023.63,frontend,otel-demo.frontend-b78bf7696-77ldd.frontend,error_ratio,trace_server_error_ratio,0.0
1776462023.63,frontend,otel-demo.frontend-b78bf7696-77ldd.frontend,http_5xx_ratio,http_server_5xx_ratio,0.0
1776462023.63,frontend,otel-demo.frontend-b78bf7696-77ldd.frontend,request_count,trace_server_count,0.0
1776462023.63,frontend,otel-demo.frontend-b78bf7696-p9kqx.frontend,dependency_error_ratio,trace_client_error_ratio,0.0
1776462023.63,frontend,otel-demo.frontend-b78bf7696-p9kqx.frontend,error_ratio,trace_server_error_ratio,0.0
1776462023.63,frontend,otel-demo.frontend-b78bf7696-p9kqx.frontend,http_5xx_ratio,http_server_5xx_ratio,0.0
1776462023.63,frontend,otel-demo.frontend-b78bf7696-p9kqx.frontend,request_count,trace_server_count,0.0
1776462023.63,kafka,kafka-66df8bdf76-zjcbb,cpu_usage,container_cpu_usage,0.013695661366712415
1776462023.63,kafka,kafka-66df8bdf76-zjcbb,memory_usage,container_memory_working_set_bytes,665612288.0
1776462023.63,kafka,kafka::service,pod_restart_count,k8s_container_restarts,9.0
1776462023.63,kafka,kafka::service,pod_running_count,k8s_container_ready,1.0
1776462023.63,kafka,kafka::service,queue_lag,queue_size_ratio,0.0
1776462023.63,payment,otel-demo.payment-f9f8d647b-74h8z.payment,dependency_error_ratio,trace_client_error_ratio,0.0
1776462023.63,payment,otel-demo.payment-f9f8d647b-74h8z.payment,error_ratio,trace_server_error_ratio,0.0
1776462023.63,payment,otel-demo.payment-f9f8d647b-74h8z.payment,request_count,trace_server_count,0.0
1776462023.63,payment,otel-demo.payment-f9f8d647b-75hmx.payment,dependency_error_ratio,trace_client_error_ratio,0.0
1776462023.63,payment,otel-demo.payment-f9f8d647b-75hmx.payment,error_ratio,trace_server_error_ratio,0.0
1776462023.63,payment,otel-demo.payment-f9f8d647b-75hmx.payment,request_count,trace_server_count,0.0
1776462023.63,payment,otel-demo.payment-f9f8d647b-tv6l5.payment,dependency_error_ratio,trace_client_error_ratio,0.0
1776462023.63,payment,otel-demo.payment-f9f8d647b-tv6l5.payment,error_ratio,trace_server_error_ratio,0.0
1776462023.63,payment,otel-demo.payment-f9f8d647b-tv6l5.payment,request_count,trace_server_count,0.0
1776462023.63,payment,payment-f9f8d647b-74h8z,cpu_usage,container_cpu_usage,0.009835988200590293
1776462023.63,payment,payment-f9f8d647b-74h8z,memory_usage,container_memory_working_set_bytes,109699072.0
1776462023.63,payment,payment-f9f8d647b-75hmx,cpu_usage,container_cpu_usage,0.013334891250423805
1776462023.63,payment,payment-f9f8d647b-75hmx,memory_usage,container_memory_working_set_bytes,109797376.0
1776462023.63,payment,payment-f9f8d647b-tv6l5,cpu_usage,container_cpu_usage,0.007246681641821686
1776462023.63,payment,payment-f9f8d647b-tv6l5,memory_usage,container_memory_working_set_bytes,99213312.0
1776462023.63,payment,payment::service,pod_restart_count,k8s_container_restarts,39.0
1776462023.63,payment,payment::service,pod_running_count,k8s_container_ready,3.0
1776462023.63,product-catalog,otel-demo.product-catalog-784544475c-7crs7.product-catalog,dependency_error_ratio,trace_client_error_ratio,0.0
1776462023.63,product-catalog,otel-demo.product-catalog-784544475c-7crs7.product-catalog,error_ratio,trace_server_error_ratio,0.0
1776462023.63,product-catalog,otel-demo.product-catalog-784544475c-7crs7.product-catalog,request_count,trace_server_count,0.0
1776462023.63,product-catalog,otel-demo.product-catalog-784544475c-8skc7.product-catalog,dependency_error_ratio,trace_client_error_ratio,0.0
1776462023.63,product-catalog,otel-demo.product-catalog-784544475c-8skc7.product-catalog,error_ratio,trace_server_error_ratio,0.0
1776462023.63,product-catalog,otel-demo.product-catalog-784544475c-8skc7.product-catalog,request_count,trace_server_count,0.0
1776462023.63,product-catalog,otel-demo.product-catalog-784544475c-stwzc.product-catalog,dependency_error_ratio,trace_client_error_ratio,0.0
1776462023.63,product-catalog,otel-demo.product-catalog-784544475c-stwzc.product-catalog,error_ratio,trace_server_error_ratio,0.0
1776462023.63,product-catalog,otel-demo.product-catalog-784544475c-stwzc.product-catalog,request_count,trace_server_count,0.0
1776462023.63,product-catalog,product-catalog-784544475c-7crs7,cpu_usage,container_cpu_usage,0.030652688419117603
1776462023.63,product-catalog,product-catalog-784544475c-7crs7,memory_usage,container_memory_working_set_bytes,15884288.0
1776462023.63,product-catalog,product-catalog-784544475c-8skc7,cpu_usage,container_cpu_usage,0.09070849894090399
1776462023.63,product-catalog,product-catalog-784544475c-8skc7,memory_usage,container_memory_working_set_bytes,14712832.0
1776462023.63,product-catalog,product-catalog-784544475c-stwzc,cpu_usage,container_cpu_usage,0.0009811316546602135
1776462023.63,product-catalog,product-catalog-784544475c-stwzc,memory_usage,container_memory_working_set_bytes,32178176.0
1776462023.63,product-catalog,product-catalog::service,pod_restart_count,k8s_container_restarts,37.0
1776462023.63,product-catalog,product-catalog::service,pod_running_count,k8s_container_ready,3.0
1776462023.63,recommendation,otel-demo.recommendation-5b46f7469c-g2rgb.recommendation,dependency_error_ratio,trace_client_error_ratio,0.0
1776462023.63,recommendation,otel-demo.recommendation-5b46f7469c-rjwxq.recommendation,dependency_error_ratio,trace_client_error_ratio,0.0
1776462023.63,recommendation,otel-demo.recommendation-5b46f7469c-rjwxq.recommendation,error_ratio,trace_server_error_ratio,0.0
1776462023.63,recommendation,otel-demo.recommendation-5b46f7469c-rjwxq.recommendation,request_count,trace_server_count,0.0
1776462023.63,recommendation,otel-demo.recommendation-5b46f7469c-t2fm9.recommendation,dependency_error_ratio,trace_client_error_ratio,0.0
1776462023.63,recommendation,otel-demo.recommendation-5b46f7469c-t2fm9.recommendation,error_ratio,trace_server_error_ratio,0.0
1776462023.63,recommendation,otel-demo.recommendation-5b46f7469c-t2fm9.recommendation,request_count,trace_server_count,0.0
1776462023.63,recommendation,recommendation-5b46f7469c-g2rgb,cpu_usage,container_cpu_usage,0.010289040135539647
1776462023.63,recommendation,recommendation-5b46f7469c-g2rgb,memory_usage,container_memory_working_set_bytes,46891008.0
1776462023.63,recommendation,recommendation-5b46f7469c-rjwxq,cpu_usage,container_cpu_usage,0.018973825263535825
1776462023.63,recommendation,recommendation-5b46f7469c-rjwxq,memory_usage,container_memory_working_set_bytes,47820800.0
1776462023.63,recommendation,recommendation-5b46f7469c-t2fm9,cpu_usage,container_cpu_usage,0.029002612206130506
1776462023.63,recommendation,recommendation-5b46f7469c-t2fm9,memory_usage,container_memory_working_set_bytes,52518912.0
1776462023.63,recommendation,recommendation::service,pod_restart_count,k8s_container_restarts,3.0
1776462023.63,recommendation,recommendation::service,pod_running_count,k8s_container_ready,3.0
1776462033.63,ad,3a8b9295-6ae2-4e8a-b9b0-a607d7fec0a4,dependency_error_ratio,trace_client_error_ratio,0.0
1776462033.63,ad,3a8b9295-6ae2-4e8a-b9b0-a607d7fec0a4,error_ratio,trace_server_error_ratio,0.0
1776462033.63,ad,3a8b9295-6ae2-4e8a-b9b0-a607d7fec0a4,latency_p95,trace_server_latency_p95,2.125
1776462033.63,ad,3a8b9295-6ae2-4e8a-b9b0-a607d7fec0a4,request_count,trace_server_count,9.5
1776462033.63,ad,5680c7ee-584c-4353-b6d2-93bc605a0324,dependency_error_ratio,trace_client_error_ratio,0.0
1776462033.63,ad,5680c7ee-584c-4353-b6d2-93bc605a0324,error_ratio,trace_server_error_ratio,0.0
1776462033.63,ad,5680c7ee-584c-4353-b6d2-93bc605a0324,latency_p95,trace_server_latency_p95,1.9094527363184077
1776462033.63,ad,5680c7ee-584c-4353-b6d2-93bc605a0324,request_count,trace_server_count,20.2
1776462033.63,ad,9f9a3c1c-bd3f-40ea-8764-b59f1ebd2204,dependency_error_ratio,trace_client_error_ratio,0.0
1776462033.63,ad,ad-7fb5b4f859-52ks9,cpu_usage,container_cpu_usage,0.0026056591776148865
1776462033.63,ad,ad-7fb5b4f859-52ks9,memory_usage,container_memory_working_set_bytes,260395008.0
1776462033.63,ad,ad-7fb5b4f859-rd4zw,cpu_usage,container_cpu_usage,0.0011497450888344547
1776462033.63,ad,ad-7fb5b4f859-rd4zw,memory_usage,container_memory_working_set_bytes,238374912.0
1776462033.63,ad,ad-7fb5b4f859-zsstr,cpu_usage,container_cpu_usage,0.0037881851140949743
1776462033.63,ad,ad-7fb5b4f859-zsstr,memory_usage,container_memory_working_set_bytes,261742592.0
1776462033.63,ad,ad::service,pod_restart_count,k8s_container_restarts,3.0
1776462033.63,ad,ad::service,pod_running_count,k8s_container_ready,3.0
1776462033.63,cart,cart-7c7496d7f-th7mc,cpu_usage,container_cpu_usage,0.0512341187902335
1776462033.63,cart,cart-7c7496d7f-th7mc,memory_usage,container_memory_working_set_bytes,63021056.0
1776462033.63,cart,cart::service,pod_restart_count,k8s_container_restarts,1.0
1776462033.63,cart,cart::service,pod_running_count,k8s_container_ready,1.0
1776462033.63,cart,f1f3afac-3031-4c18-925a-048232421d89,dependency_error_ratio,trace_client_error_ratio,0.0
1776462033.63,cart,f1f3afac-3031-4c18-925a-048232421d89,error_ratio,trace_server_error_ratio,0.0
1776462033.63,cart,f1f3afac-3031-4c18-925a-048232421d89,latency_p95,trace_server_latency_p95,1.998428405122235
1776462033.63,cart,f1f3afac-3031-4c18-925a-048232421d89,request_count,trace_server_count,180.7
1776462033.63,checkout,4755bdbd-5ad9-49fa-acb7-3a7dcb6a9277,dependency_error_ratio,trace_client_error_ratio,0.0
1776462033.63,checkout,4755bdbd-5ad9-49fa-acb7-3a7dcb6a9277,error_ratio,trace_server_error_ratio,0.0
1776462033.63,checkout,4755bdbd-5ad9-49fa-acb7-3a7dcb6a9277,latency_p95,trace_server_latency_p95,48.0
1776462033.63,checkout,4755bdbd-5ad9-49fa-acb7-3a7dcb6a9277,request_count,trace_server_count,12.6
1776462033.63,checkout,bb49e6b9-109a-41b8-be66-ab2a38272474,dependency_error_ratio,trace_client_error_ratio,0.0
1776462033.63,checkout,bb49e6b9-109a-41b8-be66-ab2a38272474,error_ratio,trace_server_error_ratio,0.0
1776462033.63,checkout,bb49e6b9-109a-41b8-be66-ab2a38272474,request_count,trace_server_count,0.0
1776462033.63,checkout,bc5804df-6f63-4261-8788-8ecfe5481366,dependency_error_ratio,trace_client_error_ratio,0.0
1776462033.63,checkout,bc5804df-6f63-4261-8788-8ecfe5481366,error_ratio,trace_server_error_ratio,0.0
1776462033.63,checkout,bc5804df-6f63-4261-8788-8ecfe5481366,latency_p95,trace_server_latency_p95,48.0
1776462033.63,checkout,bc5804df-6f63-4261-8788-8ecfe5481366,request_count,trace_server_count,7.0
1776462033.63,checkout,checkout-7f4ccfc547-6crwh,cpu_usage,container_cpu_usage,0.09863889588757173
1776462033.63,checkout,checkout-7f4ccfc547-6crwh,memory_usage,container_memory_working_set_bytes,14827520.0
1776462033.63,checkout,checkout-7f4ccfc547-ftx2n,cpu_usage,container_cpu_usage,0.0005612632935868475
1776462033.63,checkout,checkout-7f4ccfc547-ftx2n,memory_usage,container_memory_working_set_bytes,12255232.0
1776462033.63,checkout,checkout-7f4ccfc547-qlfgr,cpu_usage,container_cpu_usage,0.037304105566327246
1776462033.63,checkout,checkout-7f4ccfc547-qlfgr,memory_usage,container_memory_working_set_bytes,14745600.0
1776462033.63,checkout,checkout::service,pod_restart_count,k8s_container_restarts,45.0
1776462033.63,checkout,checkout::service,pod_running_count,k8s_container_ready,3.0
1776462033.63,email,email-5dcf48b665-66zvj,cpu_usage,container_cpu_usage,0.0004616919907294018
1776462033.63,email,email-5dcf48b665-66zvj,memory_usage,container_memory_working_set_bytes,59527168.0
1776462033.63,email,email-5dcf48b665-9xxmx,cpu_usage,container_cpu_usage,0.0065666620803523324
1776462033.63,email,email-5dcf48b665-9xxmx,memory_usage,container_memory_working_set_bytes,56233984.0
1776462033.63,email,email-5dcf48b665-n4zf2,cpu_usage,container_cpu_usage,0.009004002402048867
1776462033.63,email,email-5dcf48b665-n4zf2,memory_usage,container_memory_working_set_bytes,54411264.0
1776462033.63,email,email::service,pod_restart_count,k8s_container_restarts,9.0
1776462033.63,email,email::service,pod_running_count,k8s_container_ready,3.0
1776462033.63,email,otel-demo.email-5dcf48b665-66zvj.email,error_ratio,trace_server_error_ratio,0.0
1776462033.63,email,otel-demo.email-5dcf48b665-66zvj.email,request_count,trace_server_count,0.0
1776462033.63,email,otel-demo.email-5dcf48b665-9xxmx.email,error_ratio,trace_server_error_ratio,0.0
1776462033.63,email,otel-demo.email-5dcf48b665-9xxmx.email,latency_p95,trace_server_latency_p95,5.67142857142857
1776462033.63,email,otel-demo.email-5dcf48b665-9xxmx.email,request_count,trace_server_count,6.3
1776462033.63,email,otel-demo.email-5dcf48b665-n4zf2.email,error_ratio,trace_server_error_ratio,0.0
1776462033.63,email,otel-demo.email-5dcf48b665-n4zf2.email,latency_p95,trace_server_latency_p95,5.464999999999999
1776462033.63,email,otel-demo.email-5dcf48b665-n4zf2.email,request_count,trace_server_count,12.7
1776462033.63,frontend,frontend-b78bf7696-6bjdg,cpu_usage,container_cpu_usage,0.08571517726461192
1776462033.63,frontend,frontend-b78bf7696-6bjdg,memory_usage,container_memory_working_set_bytes,117891072.0
1776462033.63,frontend,frontend-b78bf7696-77ldd,cpu_usage,container_cpu_usage,0.08924659958363863
1776462033.63,frontend,frontend-b78bf7696-77ldd,memory_usage,container_memory_working_set_bytes,105742336.0
1776462033.63,frontend,frontend-b78bf7696-p9kqx,cpu_usage,container_cpu_usage,0.0644342424905734
1776462033.63,frontend,frontend-b78bf7696-p9kqx,memory_usage,container_memory_working_set_bytes,118493184.0
1776462033.63,frontend,frontend::service,pod_restart_count,k8s_container_restarts,3.0
1776462033.63,frontend,frontend::service,pod_running_count,k8s_container_ready,3.0
1776462033.63,frontend,otel-demo.frontend-b78bf7696-6bjdg.frontend,dependency_error_ratio,trace_client_error_ratio,0.0
1776462033.63,frontend,otel-demo.frontend-b78bf7696-6bjdg.frontend,error_ratio,trace_server_error_ratio,0.0
1776462033.63,frontend,otel-demo.frontend-b78bf7696-6bjdg.frontend,http_5xx_ratio,http_server_5xx_ratio,0.0
1776462033.63,frontend,otel-demo.frontend-b78bf7696-6bjdg.frontend,latency_p95,trace_server_latency_p95,41.152475247524734
1776462033.63,frontend,otel-demo.frontend-b78bf7696-6bjdg.frontend,request_count,trace_server_count,271.4
1776462033.63,frontend,otel-demo.frontend-b78bf7696-77ldd.frontend,dependency_error_ratio,trace_client_error_ratio,0.0
1776462033.63,frontend,otel-demo.frontend-b78bf7696-77ldd.frontend,error_ratio,trace_server_error_ratio,0.0
1776462033.63,frontend,otel-demo.frontend-b78bf7696-77ldd.frontend,http_5xx_ratio,http_server_5xx_ratio,0.0
1776462033.63,frontend,otel-demo.frontend-b78bf7696-77ldd.frontend,latency_p95,trace_server_latency_p95,41.945205479452056
1776462033.63,frontend,otel-demo.frontend-b78bf7696-77ldd.frontend,request_count,trace_server_count,255.2
1776462033.63,frontend,otel-demo.frontend-b78bf7696-p9kqx.frontend,dependency_error_ratio,trace_client_error_ratio,0.0
1776462033.63,frontend,otel-demo.frontend-b78bf7696-p9kqx.frontend,error_ratio,trace_server_error_ratio,0.0
1776462033.63,frontend,otel-demo.frontend-b78bf7696-p9kqx.frontend,http_5xx_ratio,http_server_5xx_ratio,0.0
1776462033.63,frontend,otel-demo.frontend-b78bf7696-p9kqx.frontend,latency_p95,trace_server_latency_p95,41.629464285714285
1776462033.63,frontend,otel-demo.frontend-b78bf7696-p9kqx.frontend,request_count,trace_server_count,215.5
1776462033.63,kafka,kafka-66df8bdf76-zjcbb,cpu_usage,container_cpu_usage,0.013344340169158591
1776462033.63,kafka,kafka-66df8bdf76-zjcbb,memory_usage,container_memory_working_set_bytes,665612288.0
1776462033.63,kafka,kafka::service,pod_restart_count,k8s_container_restarts,9.0
1776462033.63,kafka,kafka::service,pod_running_count,k8s_container_ready,1.0
1776462033.63,kafka,kafka::service,queue_lag,queue_size_ratio,0.0
1776462033.63,payment,otel-demo.payment-f9f8d647b-74h8z.payment,dependency_error_ratio,trace_client_error_ratio,0.0
1776462033.63,payment,otel-demo.payment-f9f8d647b-74h8z.payment,error_ratio,trace_server_error_ratio,0.0
1776462033.63,payment,otel-demo.payment-f9f8d647b-74h8z.payment,request_count,trace_server_count,0.0
1776462033.63,payment,otel-demo.payment-f9f8d647b-75hmx.payment,dependency_error_ratio,trace_client_error_ratio,0.0
1776462033.63,payment,otel-demo.payment-f9f8d647b-75hmx.payment,error_ratio,trace_server_error_ratio,0.0
1776462033.63,payment,otel-demo.payment-f9f8d647b-75hmx.payment,request_count,trace_server_count,0.0
1776462033.63,payment,otel-demo.payment-f9f8d647b-tv6l5.payment,dependency_error_ratio,trace_client_error_ratio,0.0
1776462033.63,payment,otel-demo.payment-f9f8d647b-tv6l5.payment,error_ratio,trace_server_error_ratio,0.0
1776462033.63,payment,otel-demo.payment-f9f8d647b-tv6l5.payment,request_count,trace_server_count,0.0
1776462033.63,payment,payment-f9f8d647b-74h8z,cpu_usage,container_cpu_usage,0.00987145451130176
1776462033.63,payment,payment-f9f8d647b-74h8z,memory_usage,container_memory_working_set_bytes,109699072.0
1776462033.63,payment,payment-f9f8d647b-75hmx,cpu_usage,container_cpu_usage,0.012528217215046667
1776462033.63,payment,payment-f9f8d647b-75hmx,memory_usage,container_memory_working_set_bytes,109805568.0
1776462033.63,payment,payment-f9f8d647b-tv6l5,cpu_usage,container_cpu_usage,0.007075628763726535
1776462033.63,payment,payment-f9f8d647b-tv6l5,memory_usage,container_memory_working_set_bytes,99213312.0
1776462033.63,payment,payment::service,pod_restart_count,k8s_container_restarts,39.0
1776462033.63,payment,payment::service,pod_running_count,k8s_container_ready,3.0
1776462033.63,product-catalog,otel-demo.product-catalog-784544475c-7crs7.product-catalog,dependency_error_ratio,trace_client_error_ratio,0.0
1776462033.63,product-catalog,otel-demo.product-catalog-784544475c-7crs7.product-catalog,error_ratio,trace_server_error_ratio,0.0
1776462033.63,product-catalog,otel-demo.product-catalog-784544475c-7crs7.product-catalog,request_count,trace_server_count,0.0
1776462033.63,product-catalog,otel-demo.product-catalog-784544475c-8skc7.product-catalog,dependency_error_ratio,trace_client_error_ratio,0.0
1776462033.63,product-catalog,otel-demo.product-catalog-784544475c-8skc7.product-catalog,error_ratio,trace_server_error_ratio,0.0
1776462033.63,product-catalog,otel-demo.product-catalog-784544475c-8skc7.product-catalog,request_count,trace_server_count,0.0
1776462033.63,product-catalog,otel-demo.product-catalog-784544475c-stwzc.product-catalog,dependency_error_ratio,trace_client_error_ratio,0.0
1776462033.63,product-catalog,otel-demo.product-catalog-784544475c-stwzc.product-catalog,error_ratio,trace_server_error_ratio,0.0
1776462033.63,product-catalog,otel-demo.product-catalog-784544475c-stwzc.product-catalog,request_count,trace_server_count,0.0
1776462033.63,product-catalog,product-catalog-784544475c-7crs7,cpu_usage,container_cpu_usage,0.027778121236451216
1776462033.63,product-catalog,product-catalog-784544475c-7crs7,memory_usage,container_memory_working_set_bytes,14680064.0
1776462033.63,product-catalog,product-catalog-784544475c-8skc7,cpu_usage,container_cpu_usage,0.07660609900417216
1776462033.63,product-catalog,product-catalog-784544475c-8skc7,memory_usage,container_memory_working_set_bytes,14712832.0
1776462033.63,product-catalog,product-catalog-784544475c-stwzc,cpu_usage,container_cpu_usage,0.0006246772060212887
1776462033.63,product-catalog,product-catalog-784544475c-stwzc,memory_usage,container_memory_working_set_bytes,32178176.0
1776462033.63,product-catalog,product-catalog::service,pod_restart_count,k8s_container_restarts,37.0
1776462033.63,product-catalog,product-catalog::service,pod_running_count,k8s_container_ready,3.0
1776462033.63,recommendation,otel-demo.recommendation-5b46f7469c-g2rgb.recommendation,dependency_error_ratio,trace_client_error_ratio,0.0
1776462033.63,recommendation,otel-demo.recommendation-5b46f7469c-rjwxq.recommendation,dependency_error_ratio,trace_client_error_ratio,0.0
1776462033.63,recommendation,otel-demo.recommendation-5b46f7469c-rjwxq.recommendation,error_ratio,trace_server_error_ratio,0.0
1776462033.63,recommendation,otel-demo.recommendation-5b46f7469c-rjwxq.recommendation,latency_p95,trace_server_latency_p95,3.9689655172413794
1776462033.63,recommendation,otel-demo.recommendation-5b46f7469c-rjwxq.recommendation,request_count,trace_server_count,9.8
1776462033.63,recommendation,otel-demo.recommendation-5b46f7469c-t2fm9.recommendation,dependency_error_ratio,trace_client_error_ratio,0.0
1776462033.63,recommendation,otel-demo.recommendation-5b46f7469c-t2fm9.recommendation,error_ratio,trace_server_error_ratio,0.0
1776462033.63,recommendation,otel-demo.recommendation-5b46f7469c-t2fm9.recommendation,latency_p95,trace_server_latency_p95,3.943046357615894
1776462033.63,recommendation,otel-demo.recommendation-5b46f7469c-t2fm9.recommendation,request_count,trace_server_count,22.6
1776462033.63,recommendation,recommendation-5b46f7469c-g2rgb,cpu_usage,container_cpu_usage,0.006938090333782157
1776462033.63,recommendation,recommendation-5b46f7469c-g2rgb,memory_usage,container_memory_working_set_bytes,46891008.0
1776462033.63,recommendation,recommendation-5b46f7469c-rjwxq,cpu_usage,container_cpu_usage,0.01801286778398807
1776462033.63,recommendation,recommendation-5b46f7469c-rjwxq,memory_usage,container_memory_working_set_bytes,47820800.0
1776462033.63,recommendation,recommendation-5b46f7469c-t2fm9,cpu_usage,container_cpu_usage,0.022108477224699063
1776462033.63,recommendation,recommendation-5b46f7469c-t2fm9,memory_usage,container_memory_working_set_bytes,52518912.0
1776462033.63,recommendation,recommendation::service,pod_restart_count,k8s_container_restarts,3.0
1776462033.63,recommendation,recommendation::service,pod_running_count,k8s_container_ready,3.0
1776462043.63,ad,3a8b9295-6ae2-4e8a-b9b0-a607d7fec0a4,dependency_error_ratio,trace_client_error_ratio,0.0
1776462043.63,ad,3a8b9295-6ae2-4e8a-b9b0-a607d7fec0a4,error_ratio,trace_server_error_ratio,0.0
1776462043.63,ad,3a8b9295-6ae2-4e8a-b9b0-a607d7fec0a4,request_count,trace_server_count,0.0
1776462043.63,ad,5680c7ee-584c-4353-b6d2-93bc605a0324,dependency_error_ratio,trace_client_error_ratio,0.0
1776462043.63,ad,5680c7ee-584c-4353-b6d2-93bc605a0324,error_ratio,trace_server_error_ratio,0.0
1776462043.63,ad,5680c7ee-584c-4353-b6d2-93bc605a0324,request_count,trace_server_count,0.0
1776462043.63,ad,9f9a3c1c-bd3f-40ea-8764-b59f1ebd2204,dependency_error_ratio,trace_client_error_ratio,0.0
1776462043.63,ad,ad-7fb5b4f859-52ks9,cpu_usage,container_cpu_usage,0.002523531467815508
1776462043.63,ad,ad-7fb5b4f859-52ks9,memory_usage,container_memory_working_set_bytes,260395008.0
1776462043.63,ad,ad-7fb5b4f859-rd4zw,cpu_usage,container_cpu_usage,0.0011771141261790333
1776462043.63,ad,ad-7fb5b4f859-rd4zw,memory_usage,container_memory_working_set_bytes,238374912.0
1776462043.63,ad,ad-7fb5b4f859-zsstr,cpu_usage,container_cpu_usage,0.0037881851140949734
1776462043.63,ad,ad-7fb5b4f859-zsstr,memory_usage,container_memory_working_set_bytes,261742592.0
1776462043.63,ad,ad::service,pod_restart_count,k8s_container_restarts,3.0
1776462043.63,ad,ad::service,pod_running_count,k8s_container_ready,3.0
1776462043.63,cart,cart-7c7496d7f-th7mc,cpu_usage,container_cpu_usage,0.05697771427139375
1776462043.63,cart,cart-7c7496d7f-th7mc,memory_usage,container_memory_working_set_bytes,62984192.0
1776462043.63,cart,cart::service,pod_restart_count,k8s_container_restarts,1.0
1776462043.63,cart,cart::service,pod_running_count,k8s_container_ready,1.0
1776462043.63,cart,f1f3afac-3031-4c18-925a-048232421d89,dependency_error_ratio,trace_client_error_ratio,0.0
1776462043.63,cart,f1f3afac-3031-4c18-925a-048232421d89,error_ratio,trace_server_error_ratio,0.0
1776462043.63,cart,f1f3afac-3031-4c18-925a-048232421d89,request_count,trace_server_count,0.0
1776462043.63,checkout,4755bdbd-5ad9-49fa-acb7-3a7dcb6a9277,dependency_error_ratio,trace_client_error_ratio,0.0
1776462043.63,checkout,4755bdbd-5ad9-49fa-acb7-3a7dcb6a9277,error_ratio,trace_server_error_ratio,0.0
1776462043.63,checkout,4755bdbd-5ad9-49fa-acb7-3a7dcb6a9277,request_count,trace_server_count,0.0
1776462043.63,checkout,bb49e6b9-109a-41b8-be66-ab2a38272474,dependency_error_ratio,trace_client_error_ratio,0.0
1776462043.63,checkout,bb49e6b9-109a-41b8-be66-ab2a38272474,error_ratio,trace_server_error_ratio,0.0
1776462043.63,checkout,bb49e6b9-109a-41b8-be66-ab2a38272474,request_count,trace_server_count,0.0
1776462043.63,checkout,bc5804df-6f63-4261-8788-8ecfe5481366,dependency_error_ratio,trace_client_error_ratio,0.0
1776462043.63,checkout,bc5804df-6f63-4261-8788-8ecfe5481366,error_ratio,trace_server_error_ratio,0.0
1776462043.63,checkout,bc5804df-6f63-4261-8788-8ecfe5481366,request_count,trace_server_count,0.0
1776462043.63,checkout,checkout-7f4ccfc547-6crwh,cpu_usage,container_cpu_usage,0.08427618006656745
1776462043.63,checkout,checkout-7f4ccfc547-6crwh,memory_usage,container_memory_working_set_bytes,14835712.0
1776462043.63,checkout,checkout-7f4ccfc547-ftx2n,cpu_usage,container_cpu_usage,0.0005379200599082636
1776462043.63,checkout,checkout-7f4ccfc547-ftx2n,memory_usage,container_memory_working_set_bytes,12255232.0
1776462043.63,checkout,checkout-7f4ccfc547-qlfgr,cpu_usage,container_cpu_usage,0.0449702871410737
1776462043.63,checkout,checkout-7f4ccfc547-qlfgr,memory_usage,container_memory_working_set_bytes,14761984.0
1776462043.63,checkout,checkout::service,pod_restart_count,k8s_container_restarts,45.0
1776462043.63,checkout,checkout::service,pod_running_count,k8s_container_ready,3.0
1776462043.63,email,email-5dcf48b665-66zvj,cpu_usage,container_cpu_usage,0.0004616919907294018
1776462043.63,email,email-5dcf48b665-66zvj,memory_usage,container_memory_working_set_bytes,59527168.0
1776462043.63,email,email-5dcf48b665-9xxmx,cpu_usage,container_cpu_usage,0.006304624983046874
1776462043.63,email,email-5dcf48b665-9xxmx,memory_usage,container_memory_working_set_bytes,56336384.0
1776462043.63,email,email-5dcf48b665-n4zf2,cpu_usage,container_cpu_usage,0.011403308124159406
1776462043.63,email,email-5dcf48b665-n4zf2,memory_usage,container_memory_working_set_bytes,54579200.0
1776462043.63,email,email::service,pod_restart_count,k8s_container_restarts,9.0
1776462043.63,email,email::service,pod_running_count,k8s_container_ready,3.0
1776462043.63,email,otel-demo.email-5dcf48b665-66zvj.email,error_ratio,trace_server_error_ratio,0.0
1776462043.63,email,otel-demo.email-5dcf48b665-66zvj.email,request_count,trace_server_count,0.0
1776462043.63,email,otel-demo.email-5dcf48b665-9xxmx.email,error_ratio,trace_server_error_ratio,0.0
1776462043.63,email,otel-demo.email-5dcf48b665-9xxmx.email,request_count,trace_server_count,0.0
1776462043.63,email,otel-demo.email-5dcf48b665-n4zf2.email,error_ratio,trace_server_error_ratio,0.0
1776462043.63,email,otel-demo.email-5dcf48b665-n4zf2.email,request_count,trace_server_count,0.0
1776462043.63,frontend,frontend-b78bf7696-6bjdg,cpu_usage,container_cpu_usage,0.06887471441385845
1776462043.63,frontend,frontend-b78bf7696-6bjdg,memory_usage,container_memory_working_set_bytes,117891072.0
1776462043.63,frontend,frontend-b78bf7696-77ldd,cpu_usage,container_cpu_usage,0.10009319565793623
1776462043.63,frontend,frontend-b78bf7696-77ldd,memory_usage,container_memory_working_set_bytes,105742336.0
1776462043.63,frontend,frontend-b78bf7696-p9kqx,cpu_usage,container_cpu_usage,0.06688498143224587
1776462043.63,frontend,frontend-b78bf7696-p9kqx,memory_usage,container_memory_working_set_bytes,118124544.0
1776462043.63,frontend,frontend::service,pod_restart_count,k8s_container_restarts,3.0
1776462043.63,frontend,frontend::service,pod_running_count,k8s_container_ready,3.0
1776462043.63,frontend,otel-demo.frontend-b78bf7696-6bjdg.frontend,dependency_error_ratio,trace_client_error_ratio,0.0
1776462043.63,frontend,otel-demo.frontend-b78bf7696-6bjdg.frontend,error_ratio,trace_server_error_ratio,0.0
1776462043.63,frontend,otel-demo.frontend-b78bf7696-6bjdg.frontend,http_5xx_ratio,http_server_5xx_ratio,0.0
1776462043.63,frontend,otel-demo.frontend-b78bf7696-6bjdg.frontend,request_count,trace_server_count,0.0
1776462043.63,frontend,otel-demo.frontend-b78bf7696-77ldd.frontend,dependency_error_ratio,trace_client_error_ratio,0.0
1776462043.63,frontend,otel-demo.frontend-b78bf7696-77ldd.frontend,error_ratio,trace_server_error_ratio,0.0
1776462043.63,frontend,otel-demo.frontend-b78bf7696-77ldd.frontend,http_5xx_ratio,http_server_5xx_ratio,0.0
1776462043.63,frontend,otel-demo.frontend-b78bf7696-77ldd.frontend,request_count,trace_server_count,0.0
1776462043.63,frontend,otel-demo.frontend-b78bf7696-p9kqx.frontend,dependency_error_ratio,trace_client_error_ratio,0.0
1776462043.63,frontend,otel-demo.frontend-b78bf7696-p9kqx.frontend,error_ratio,trace_server_error_ratio,0.0
1776462043.63,frontend,otel-demo.frontend-b78bf7696-p9kqx.frontend,http_5xx_ratio,http_server_5xx_ratio,0.0
1776462043.63,frontend,otel-demo.frontend-b78bf7696-p9kqx.frontend,request_count,trace_server_count,0.0
1776462043.63,kafka,kafka-66df8bdf76-zjcbb,cpu_usage,container_cpu_usage,0.013149074146417729
1776462043.63,kafka,kafka-66df8bdf76-zjcbb,memory_usage,container_memory_working_set_bytes,665632768.0
1776462043.63,kafka,kafka::service,pod_restart_count,k8s_container_restarts,9.0
1776462043.63,kafka,kafka::service,pod_running_count,k8s_container_ready,1.0
1776462043.63,kafka,kafka::service,queue_lag,queue_size_ratio,0.0
1776462043.63,payment,otel-demo.payment-f9f8d647b-74h8z.payment,dependency_error_ratio,trace_client_error_ratio,0.0
1776462043.63,payment,otel-demo.payment-f9f8d647b-74h8z.payment,error_ratio,trace_server_error_ratio,0.0
1776462043.63,payment,otel-demo.payment-f9f8d647b-74h8z.payment,request_count,trace_server_count,0.0
1776462043.63,payment,otel-demo.payment-f9f8d647b-75hmx.payment,dependency_error_ratio,trace_client_error_ratio,0.0
1776462043.63,payment,otel-demo.payment-f9f8d647b-75hmx.payment,error_ratio,trace_server_error_ratio,0.0
1776462043.63,payment,otel-demo.payment-f9f8d647b-75hmx.payment,request_count,trace_server_count,0.0
1776462043.63,payment,otel-demo.payment-f9f8d647b-tv6l5.payment,dependency_error_ratio,trace_client_error_ratio,0.0
1776462043.63,payment,otel-demo.payment-f9f8d647b-tv6l5.payment,error_ratio,trace_server_error_ratio,0.0
1776462043.63,payment,otel-demo.payment-f9f8d647b-tv6l5.payment,request_count,trace_server_count,0.0
1776462043.63,payment,payment-f9f8d647b-74h8z,cpu_usage,container_cpu_usage,0.010897883253105749
1776462043.63,payment,payment-f9f8d647b-74h8z,memory_usage,container_memory_working_set_bytes,109699072.0
1776462043.63,payment,payment-f9f8d647b-75hmx,cpu_usage,container_cpu_usage,0.010136999387769607
1776462043.63,payment,payment-f9f8d647b-75hmx,memory_usage,container_memory_working_set_bytes,109805568.0
1776462043.63,payment,payment-f9f8d647b-tv6l5,cpu_usage,container_cpu_usage,0.006671832830608067
1776462043.63,payment,payment-f9f8d647b-tv6l5,memory_usage,container_memory_working_set_bytes,99213312.0
1776462043.63,payment,payment::service,pod_restart_count,k8s_container_restarts,39.0
1776462043.63,payment,payment::service,pod_running_count,k8s_container_ready,3.0
1776462043.63,product-catalog,otel-demo.product-catalog-784544475c-7crs7.product-catalog,dependency_error_ratio,trace_client_error_ratio,0.0
1776462043.63,product-catalog,otel-demo.product-catalog-784544475c-7crs7.product-catalog,error_ratio,trace_server_error_ratio,0.0
1776462043.63,product-catalog,otel-demo.product-catalog-784544475c-7crs7.product-catalog,request_count,trace_server_count,0.0
1776462043.63,product-catalog,otel-demo.product-catalog-784544475c-8skc7.product-catalog,dependency_error_ratio,trace_client_error_ratio,0.0
1776462043.63,product-catalog,otel-demo.product-catalog-784544475c-8skc7.product-catalog,error_ratio,trace_server_error_ratio,0.0
1776462043.63,product-catalog,otel-demo.product-catalog-784544475c-8skc7.product-catalog,request_count,trace_server_count,0.0
1776462043.63,product-catalog,otel-demo.product-catalog-784544475c-stwzc.product-catalog,dependency_error_ratio,trace_client_error_ratio,0.0
1776462043.63,product-catalog,otel-demo.product-catalog-784544475c-stwzc.product-catalog,error_ratio,trace_server_error_ratio,0.0
1776462043.63,product-catalog,otel-demo.product-catalog-784544475c-stwzc.product-catalog,request_count,trace_server_count,0.0
1776462043.63,product-catalog,product-catalog-784544475c-7crs7,cpu_usage,container_cpu_usage,0.029315664647388273
1776462043.63,product-catalog,product-catalog-784544475c-7crs7,memory_usage,container_memory_working_set_bytes,14680064.0
1776462043.63,product-catalog,product-catalog-784544475c-8skc7,cpu_usage,container_cpu_usage,0.09540783758262215
1776462043.63,product-catalog,product-catalog-784544475c-8skc7,memory_usage,container_memory_working_set_bytes,14974976.0
1776462043.63,product-catalog,product-catalog-784544475c-stwzc,cpu_usage,container_cpu_usage,0.0005730374296124544
1776462043.63,product-catalog,product-catalog-784544475c-stwzc,memory_usage,container_memory_working_set_bytes,32178176.0
1776462043.63,product-catalog,product-catalog::service,pod_restart_count,k8s_container_restarts,37.0
1776462043.63,product-catalog,product-catalog::service,pod_running_count,k8s_container_ready,3.0
1776462043.63,recommendation,otel-demo.recommendation-5b46f7469c-g2rgb.recommendation,dependency_error_ratio,trace_client_error_ratio,0.0
1776462043.63,recommendation,otel-demo.recommendation-5b46f7469c-rjwxq.recommendation,dependency_error_ratio,trace_client_error_ratio,0.0
1776462043.63,recommendation,otel-demo.recommendation-5b46f7469c-rjwxq.recommendation,error_ratio,trace_server_error_ratio,0.0
1776462043.63,recommendation,otel-demo.recommendation-5b46f7469c-rjwxq.recommendation,request_count,trace_server_count,0.0
1776462043.63,recommendation,otel-demo.recommendation-5b46f7469c-t2fm9.recommendation,dependency_error_ratio,trace_client_error_ratio,0.0
1776462043.63,recommendation,otel-demo.recommendation-5b46f7469c-t2fm9.recommendation,error_ratio,trace_server_error_ratio,0.0
1776462043.63,recommendation,otel-demo.recommendation-5b46f7469c-t2fm9.recommendation,request_count,trace_server_count,0.0
1776462043.63,recommendation,recommendation-5b46f7469c-g2rgb,cpu_usage,container_cpu_usage,0.008484711901574085
1776462043.63,recommendation,recommendation-5b46f7469c-g2rgb,memory_usage,container_memory_working_set_bytes,46891008.0
1776462043.63,recommendation,recommendation-5b46f7469c-rjwxq,cpu_usage,container_cpu_usage,0.017149521203831633
1776462043.63,recommendation,recommendation-5b46f7469c-rjwxq,memory_usage,container_memory_working_set_bytes,47820800.0
1776462043.63,recommendation,recommendation-5b46f7469c-t2fm9,cpu_usage,container_cpu_usage,0.02730459084218445
1776462043.63,recommendation,recommendation-5b46f7469c-t2fm9,memory_usage,container_memory_working_set_bytes,52518912.0
1776462043.63,recommendation,recommendation::service,pod_restart_count,k8s_container_restarts,3.0
1776462043.63,recommendation,recommendation::service,pod_running_count,k8s_container_ready,3.0
1776462053.63,ad,3a8b9295-6ae2-4e8a-b9b0-a607d7fec0a4,dependency_error_ratio,trace_client_error_ratio,0.0
1776462053.63,ad,3a8b9295-6ae2-4e8a-b9b0-a607d7fec0a4,error_ratio,trace_server_error_ratio,0.0
1776462053.63,ad,3a8b9295-6ae2-4e8a-b9b0-a607d7fec0a4,request_count,trace_server_count,0.0
1776462053.63,ad,5680c7ee-584c-4353-b6d2-93bc605a0324,dependency_error_ratio,trace_client_error_ratio,0.0
1776462053.63,ad,5680c7ee-584c-4353-b6d2-93bc605a0324,error_ratio,trace_server_error_ratio,0.0
1776462053.63,ad,5680c7ee-584c-4353-b6d2-93bc605a0324,request_count,trace_server_count,0.0
1776462053.63,ad,9f9a3c1c-bd3f-40ea-8764-b59f1ebd2204,dependency_error_ratio,trace_client_error_ratio,0.0
1776462053.63,ad,ad-7fb5b4f859-52ks9,cpu_usage,container_cpu_usage,0.002140336530903592
1776462053.63,ad,ad-7fb5b4f859-52ks9,memory_usage,container_memory_working_set_bytes,260395008.0
1776462053.63,ad,ad-7fb5b4f859-rd4zw,cpu_usage,container_cpu_usage,0.001247861074273274
1776462053.63,ad,ad-7fb5b4f859-rd4zw,memory_usage,container_memory_working_set_bytes,238280704.0
1776462053.63,ad,ad-7fb5b4f859-zsstr,cpu_usage,container_cpu_usage,0.0041357835002985635
1776462053.63,ad,ad-7fb5b4f859-zsstr,memory_usage,container_memory_working_set_bytes,261746688.0
1776462053.63,ad,ad::service,pod_restart_count,k8s_container_restarts,3.0
1776462053.63,ad,ad::service,pod_running_count,k8s_container_ready,3.0
1776462053.63,cart,cart-7c7496d7f-th7mc,cpu_usage,container_cpu_usage,0.048050730887923145
1776462053.63,cart,cart-7c7496d7f-th7mc,memory_usage,container_memory_working_set_bytes,62984192.0
1776462053.63,cart,cart::service,pod_restart_count,k8s_container_restarts,1.0
1776462053.63,cart,cart::service,pod_running_count,k8s_container_ready,1.0
1776462053.63,cart,f1f3afac-3031-4c18-925a-048232421d89,dependency_error_ratio,trace_client_error_ratio,0.0
1776462053.63,cart,f1f3afac-3031-4c18-925a-048232421d89,error_ratio,trace_server_error_ratio,0.0
1776462053.63,cart,f1f3afac-3031-4c18-925a-048232421d89,request_count,trace_server_count,0.0
1776462053.63,checkout,4755bdbd-5ad9-49fa-acb7-3a7dcb6a9277,dependency_error_ratio,trace_client_error_ratio,0.0
1776462053.63,checkout,4755bdbd-5ad9-49fa-acb7-3a7dcb6a9277,error_ratio,trace_server_error_ratio,0.0
1776462053.63,checkout,4755bdbd-5ad9-49fa-acb7-3a7dcb6a9277,request_count,trace_server_count,0.0
1776462053.63,checkout,bb49e6b9-109a-41b8-be66-ab2a38272474,dependency_error_ratio,trace_client_error_ratio,0.0
1776462053.63,checkout,bb49e6b9-109a-41b8-be66-ab2a38272474,error_ratio,trace_server_error_ratio,0.0
1776462053.63,checkout,bb49e6b9-109a-41b8-be66-ab2a38272474,request_count,trace_server_count,0.0
1776462053.63,checkout,bc5804df-6f63-4261-8788-8ecfe5481366,dependency_error_ratio,trace_client_error_ratio,0.0
1776462053.63,checkout,bc5804df-6f63-4261-8788-8ecfe5481366,error_ratio,trace_server_error_ratio,0.0
1776462053.63,checkout,bc5804df-6f63-4261-8788-8ecfe5481366,request_count,trace_server_count,0.0
1776462053.63,checkout,checkout-7f4ccfc547-6crwh,cpu_usage,container_cpu_usage,0.1068793896555568
1776462053.63,checkout,checkout-7f4ccfc547-6crwh,memory_usage,container_memory_working_set_bytes,14835712.0
1776462053.63,checkout,checkout-7f4ccfc547-ftx2n,cpu_usage,container_cpu_usage,0.00047677649861056277
1776462053.63,checkout,checkout-7f4ccfc547-ftx2n,memory_usage,container_memory_working_set_bytes,12255232.0
1776462053.63,checkout,checkout-7f4ccfc547-qlfgr,cpu_usage,container_cpu_usage,0.0449702871410737
1776462053.63,checkout,checkout-7f4ccfc547-qlfgr,memory_usage,container_memory_working_set_bytes,14761984.0
1776462053.63,checkout,checkout::service,pod_restart_count,k8s_container_restarts,45.0
1776462053.63,checkout,checkout::service,pod_running_count,k8s_container_ready,3.0
1776462053.63,email,email-5dcf48b665-66zvj,cpu_usage,container_cpu_usage,0.0017211756009053755
1776462053.63,email,email-5dcf48b665-66zvj,memory_usage,container_memory_working_set_bytes,59588608.0
1776462053.63,email,email-5dcf48b665-9xxmx,cpu_usage,container_cpu_usage,0.005252009844135231
1776462053.63,email,email-5dcf48b665-9xxmx,memory_usage,container_memory_working_set_bytes,56336384.0
1776462053.63,email,email-5dcf48b665-n4zf2,cpu_usage,container_cpu_usage,0.01156241108714633
1776462053.63,email,email-5dcf48b665-n4zf2,memory_usage,container_memory_working_set_bytes,54554624.0
1776462053.63,email,email::service,pod_restart_count,k8s_container_restarts,9.0
1776462053.63,email,email::service,pod_running_count,k8s_container_ready,3.0
1776462053.63,email,otel-demo.email-5dcf48b665-66zvj.email,error_ratio,trace_server_error_ratio,0.0
1776462053.63,email,otel-demo.email-5dcf48b665-66zvj.email,request_count,trace_server_count,0.0
1776462053.63,email,otel-demo.email-5dcf48b665-9xxmx.email,error_ratio,trace_server_error_ratio,0.0
1776462053.63,email,otel-demo.email-5dcf48b665-9xxmx.email,request_count,trace_server_count,0.0
1776462053.63,email,otel-demo.email-5dcf48b665-n4zf2.email,error_ratio,trace_server_error_ratio,0.0
1776462053.63,email,otel-demo.email-5dcf48b665-n4zf2.email,request_count,trace_server_count,0.0
1776462053.63,frontend,frontend-b78bf7696-6bjdg,cpu_usage,container_cpu_usage,0.11176532700515758
1776462053.63,frontend,frontend-b78bf7696-6bjdg,memory_usage,container_memory_working_set_bytes,118603776.0
1776462053.63,frontend,frontend-b78bf7696-77ldd,cpu_usage,container_cpu_usage,0.09339377914249586
1776462053.63,frontend,frontend-b78bf7696-77ldd,memory_usage,container_memory_working_set_bytes,106237952.0
1776462053.63,frontend,frontend-b78bf7696-p9kqx,cpu_usage,container_cpu_usage,0.0587639930936532
1776462053.63,frontend,frontend-b78bf7696-p9kqx,memory_usage,container_memory_working_set_bytes,118124544.0
1776462053.63,frontend,frontend::service,pod_restart_count,k8s_container_restarts,3.0
1776462053.63,frontend,frontend::service,pod_running_count,k8s_container_ready,3.0
1776462053.63,frontend,otel-demo.frontend-b78bf7696-6bjdg.frontend,dependency_error_ratio,trace_client_error_ratio,0.0
1776462053.63,frontend,otel-demo.frontend-b78bf7696-6bjdg.frontend,error_ratio,trace_server_error_ratio,0.0
1776462053.63,frontend,otel-demo.frontend-b78bf7696-6bjdg.frontend,http_5xx_ratio,http_server_5xx_ratio,0.0
1776462053.63,frontend,otel-demo.frontend-b78bf7696-6bjdg.frontend,request_count,trace_server_count,0.0
1776462053.63,frontend,otel-demo.frontend-b78bf7696-77ldd.frontend,dependency_error_ratio,trace_client_error_ratio,0.0
1776462053.63,frontend,otel-demo.frontend-b78bf7696-77ldd.frontend,error_ratio,trace_server_error_ratio,0.0
1776462053.63,frontend,otel-demo.frontend-b78bf7696-77ldd.frontend,http_5xx_ratio,http_server_5xx_ratio,0.0
1776462053.63,frontend,otel-demo.frontend-b78bf7696-77ldd.frontend,request_count,trace_server_count,0.0
1776462053.63,frontend,otel-demo.frontend-b78bf7696-p9kqx.frontend,dependency_error_ratio,trace_client_error_ratio,0.0
1776462053.63,frontend,otel-demo.frontend-b78bf7696-p9kqx.frontend,error_ratio,trace_server_error_ratio,0.0
1776462053.63,frontend,otel-demo.frontend-b78bf7696-p9kqx.frontend,http_5xx_ratio,http_server_5xx_ratio,0.0
1776462053.63,frontend,otel-demo.frontend-b78bf7696-p9kqx.frontend,request_count,trace_server_count,0.0
1776462053.63,kafka,kafka-66df8bdf76-zjcbb,cpu_usage,container_cpu_usage,0.013717828186992683
1776462053.63,kafka,kafka-66df8bdf76-zjcbb,memory_usage,container_memory_working_set_bytes,665927680.0
1776462053.63,kafka,kafka::service,pod_restart_count,k8s_container_restarts,9.0
1776462053.63,kafka,kafka::service,pod_running_count,k8s_container_ready,1.0
1776462053.63,kafka,kafka::service,queue_lag,queue_size_ratio,0.0
1776462053.63,payment,otel-demo.payment-f9f8d647b-74h8z.payment,dependency_error_ratio,trace_client_error_ratio,0.0
1776462053.63,payment,otel-demo.payment-f9f8d647b-74h8z.payment,error_ratio,trace_server_error_ratio,0.0
1776462053.63,payment,otel-demo.payment-f9f8d647b-74h8z.payment,request_count,trace_server_count,0.0
1776462053.63,payment,otel-demo.payment-f9f8d647b-75hmx.payment,dependency_error_ratio,trace_client_error_ratio,0.0
1776462053.63,payment,otel-demo.payment-f9f8d647b-75hmx.payment,error_ratio,trace_server_error_ratio,0.0
1776462053.63,payment,otel-demo.payment-f9f8d647b-75hmx.payment,request_count,trace_server_count,0.0
1776462053.63,payment,otel-demo.payment-f9f8d647b-tv6l5.payment,dependency_error_ratio,trace_client_error_ratio,0.0
1776462053.63,payment,otel-demo.payment-f9f8d647b-tv6l5.payment,error_ratio,trace_server_error_ratio,0.0
1776462053.63,payment,otel-demo.payment-f9f8d647b-tv6l5.payment,request_count,trace_server_count,0.0
1776462053.63,payment,payment-f9f8d647b-74h8z,cpu_usage,container_cpu_usage,0.010897883253105749
1776462053.63,payment,payment-f9f8d647b-74h8z,memory_usage,container_memory_working_set_bytes,109699072.0
1776462053.63,payment,payment-f9f8d647b-75hmx,cpu_usage,container_cpu_usage,0.012532590989221817
1776462053.63,payment,payment-f9f8d647b-75hmx,memory_usage,container_memory_working_set_bytes,109805568.0
1776462053.63,payment,payment-f9f8d647b-tv6l5,cpu_usage,container_cpu_usage,0.006671498468151264
1776462053.63,payment,payment-f9f8d647b-tv6l5,memory_usage,container_memory_working_set_bytes,99213312.0
1776462053.63,payment,payment::service,pod_restart_count,k8s_container_restarts,39.0
1776462053.63,payment,payment::service,pod_running_count,k8s_container_ready,3.0
1776462053.63,product-catalog,otel-demo.product-catalog-784544475c-7crs7.product-catalog,dependency_error_ratio,trace_client_error_ratio,0.0
1776462053.63,product-catalog,otel-demo.product-catalog-784544475c-7crs7.product-catalog,error_ratio,trace_server_error_ratio,0.0
1776462053.63,product-catalog,otel-demo.product-catalog-784544475c-7crs7.product-catalog,request_count,trace_server_count,0.0
1776462053.63,product-catalog,otel-demo.product-catalog-784544475c-8skc7.product-catalog,dependency_error_ratio,trace_client_error_ratio,0.0
1776462053.63,product-catalog,otel-demo.product-catalog-784544475c-8skc7.product-catalog,error_ratio,trace_server_error_ratio,0.0
1776462053.63,product-catalog,otel-demo.product-catalog-784544475c-8skc7.product-catalog,request_count,trace_server_count,0.0
1776462053.63,product-catalog,otel-demo.product-catalog-784544475c-stwzc.product-catalog,dependency_error_ratio,trace_client_error_ratio,0.0
1776462053.63,product-catalog,otel-demo.product-catalog-784544475c-stwzc.product-catalog,error_ratio,trace_server_error_ratio,0.0
1776462053.63,product-catalog,otel-demo.product-catalog-784544475c-stwzc.product-catalog,request_count,trace_server_count,0.0
1776462053.63,product-catalog,product-catalog-784544475c-7crs7,cpu_usage,container_cpu_usage,0.01635237777827267
1776462053.63,product-catalog,product-catalog-784544475c-7crs7,memory_usage,container_memory_working_set_bytes,15544320.0
1776462053.63,product-catalog,product-catalog-784544475c-8skc7,cpu_usage,container_cpu_usage,0.0785874485529305
1776462053.63,product-catalog,product-catalog-784544475c-8skc7,memory_usage,container_memory_working_set_bytes,14974976.0
1776462053.63,product-catalog,product-catalog-784544475c-stwzc,cpu_usage,container_cpu_usage,0.0005730374296124544
1776462053.63,product-catalog,product-catalog-784544475c-stwzc,memory_usage,container_memory_working_set_bytes,32178176.0
1776462053.63,product-catalog,product-catalog::service,pod_restart_count,k8s_container_restarts,37.0
1776462053.63,product-catalog,product-catalog::service,pod_running_count,k8s_container_ready,3.0
1776462053.63,recommendation,otel-demo.recommendation-5b46f7469c-g2rgb.recommendation,dependency_error_ratio,trace_client_error_ratio,0.0
1776462053.63,recommendation,otel-demo.recommendation-5b46f7469c-rjwxq.recommendation,dependency_error_ratio,trace_client_error_ratio,0.0
1776462053.63,recommendation,otel-demo.recommendation-5b46f7469c-rjwxq.recommendation,error_ratio,trace_server_error_ratio,0.0
1776462053.63,recommendation,otel-demo.recommendation-5b46f7469c-rjwxq.recommendation,request_count,trace_server_count,0.0
1776462053.63,recommendation,otel-demo.recommendation-5b46f7469c-t2fm9.recommendation,dependency_error_ratio,trace_client_error_ratio,0.0
1776462053.63,recommendation,otel-demo.recommendation-5b46f7469c-t2fm9.recommendation,error_ratio,trace_server_error_ratio,0.0
1776462053.63,recommendation,otel-demo.recommendation-5b46f7469c-t2fm9.recommendation,request_count,trace_server_count,0.0
1776462053.63,recommendation,recommendation-5b46f7469c-g2rgb,cpu_usage,container_cpu_usage,0.008533969010725798
1776462053.63,recommendation,recommendation-5b46f7469c-g2rgb,memory_usage,container_memory_working_set_bytes,46891008.0
1776462053.63,recommendation,recommendation-5b46f7469c-rjwxq,cpu_usage,container_cpu_usage,0.014229373735597581
1776462053.63,recommendation,recommendation-5b46f7469c-rjwxq,memory_usage,container_memory_working_set_bytes,47820800.0
1776462053.63,recommendation,recommendation-5b46f7469c-t2fm9,cpu_usage,container_cpu_usage,0.03006311708122659
1776462053.63,recommendation,recommendation-5b46f7469c-t2fm9,memory_usage,container_memory_working_set_bytes,52551680.0
1776462053.63,recommendation,recommendation::service,pod_restart_count,k8s_container_restarts,3.0
1776462053.63,recommendation,recommendation::service,pod_running_count,k8s_container_ready,3.0
1776462063.63,ad,3a8b9295-6ae2-4e8a-b9b0-a607d7fec0a4,dependency_error_ratio,trace_client_error_ratio,0.0
1776462063.63,ad,3a8b9295-6ae2-4e8a-b9b0-a607d7fec0a4,error_ratio,trace_server_error_ratio,0.0
1776462063.63,ad,3a8b9295-6ae2-4e8a-b9b0-a607d7fec0a4,request_count,trace_server_count,0.0
1776462063.63,ad,5680c7ee-584c-4353-b6d2-93bc605a0324,dependency_error_ratio,trace_client_error_ratio,0.0
1776462063.63,ad,5680c7ee-584c-4353-b6d2-93bc605a0324,error_ratio,trace_server_error_ratio,0.0
1776462063.63,ad,5680c7ee-584c-4353-b6d2-93bc605a0324,request_count,trace_server_count,0.0
1776462063.63,ad,9f9a3c1c-bd3f-40ea-8764-b59f1ebd2204,dependency_error_ratio,trace_client_error_ratio,0.0
1776462063.63,ad,ad-7fb5b4f859-52ks9,cpu_usage,container_cpu_usage,0.002085199959090509
1776462063.63,ad,ad-7fb5b4f859-52ks9,memory_usage,container_memory_working_set_bytes,260395008.0
1776462063.63,ad,ad-7fb5b4f859-rd4zw,cpu_usage,container_cpu_usage,0.001237576695593144
1776462063.63,ad,ad-7fb5b4f859-rd4zw,memory_usage,container_memory_working_set_bytes,238280704.0
1776462063.63,ad,ad-7fb5b4f859-zsstr,cpu_usage,container_cpu_usage,0.003981402397024755
1776462063.63,ad,ad-7fb5b4f859-zsstr,memory_usage,container_memory_working_set_bytes,261742592.0
1776462063.63,ad,ad::service,pod_restart_count,k8s_container_restarts,3.0
1776462063.63,ad,ad::service,pod_running_count,k8s_container_ready,3.0
1776462063.63,cart,cart-7c7496d7f-th7mc,cpu_usage,container_cpu_usage,0.05350077106406779
1776462063.63,cart,cart-7c7496d7f-th7mc,memory_usage,container_memory_working_set_bytes,62955520.0
1776462063.63,cart,cart::service,pod_restart_count,k8s_container_restarts,1.0
1776462063.63,cart,cart::service,pod_running_count,k8s_container_ready,1.0
1776462063.63,cart,f1f3afac-3031-4c18-925a-048232421d89,dependency_error_ratio,trace_client_error_ratio,0.0
1776462063.63,cart,f1f3afac-3031-4c18-925a-048232421d89,error_ratio,trace_server_error_ratio,0.0
1776462063.63,cart,f1f3afac-3031-4c18-925a-048232421d89,request_count,trace_server_count,0.0
1776462063.63,checkout,4755bdbd-5ad9-49fa-acb7-3a7dcb6a9277,dependency_error_ratio,trace_client_error_ratio,0.0
1776462063.63,checkout,4755bdbd-5ad9-49fa-acb7-3a7dcb6a9277,error_ratio,trace_server_error_ratio,0.0
1776462063.63,checkout,4755bdbd-5ad9-49fa-acb7-3a7dcb6a9277,request_count,trace_server_count,0.0
1776462063.63,checkout,bb49e6b9-109a-41b8-be66-ab2a38272474,dependency_error_ratio,trace_client_error_ratio,0.0
1776462063.63,checkout,bb49e6b9-109a-41b8-be66-ab2a38272474,error_ratio,trace_server_error_ratio,0.0
1776462063.63,checkout,bb49e6b9-109a-41b8-be66-ab2a38272474,request_count,trace_server_count,0.0
1776462063.63,checkout,bc5804df-6f63-4261-8788-8ecfe5481366,dependency_error_ratio,trace_client_error_ratio,0.0
1776462063.63,checkout,bc5804df-6f63-4261-8788-8ecfe5481366,error_ratio,trace_server_error_ratio,0.0
1776462063.63,checkout,bc5804df-6f63-4261-8788-8ecfe5481366,request_count,trace_server_count,0.0
1776462063.63,checkout,checkout-7f4ccfc547-6crwh,cpu_usage,container_cpu_usage,0.10537254297980367
1776462063.63,checkout,checkout-7f4ccfc547-6crwh,memory_usage,container_memory_working_set_bytes,15777792.0
1776462063.63,checkout,checkout-7f4ccfc547-ftx2n,cpu_usage,container_cpu_usage,0.0004655286708650916
1776462063.63,checkout,checkout-7f4ccfc547-ftx2n,memory_usage,container_memory_working_set_bytes,12259328.0
1776462063.63,checkout,checkout-7f4ccfc547-qlfgr,cpu_usage,container_cpu_usage,0.04166187135192485
1776462063.63,checkout,checkout-7f4ccfc547-qlfgr,memory_usage,container_memory_working_set_bytes,14712832.0
1776462063.63,checkout,checkout::service,pod_restart_count,k8s_container_restarts,45.0
1776462063.63,checkout,checkout::service,pod_running_count,k8s_container_ready,3.0
1776462063.63,email,email-5dcf48b665-66zvj,cpu_usage,container_cpu_usage,0.0033619562395268013
1776462063.63,email,email-5dcf48b665-66zvj,memory_usage,container_memory_working_set_bytes,59568128.0
1776462063.63,email,email-5dcf48b665-9xxmx,cpu_usage,container_cpu_usage,0.003926039536469148
1776462063.63,email,email-5dcf48b665-9xxmx,memory_usage,container_memory_working_set_bytes,56336384.0
1776462063.63,email,email-5dcf48b665-n4zf2,cpu_usage,container_cpu_usage,0.01156241108714633
1776462063.63,email,email-5dcf48b665-n4zf2,memory_usage,container_memory_working_set_bytes,54554624.0
1776462063.63,email,email::service,pod_restart_count,k8s_container_restarts,9.0
1776462063.63,email,email::service,pod_running_count,k8s_container_ready,3.0
1776462063.63,email,otel-demo.email-5dcf48b665-66zvj.email,error_ratio,trace_server_error_ratio,0.0
1776462063.63,email,otel-demo.email-5dcf48b665-66zvj.email,request_count,trace_server_count,0.0
1776462063.63,email,otel-demo.email-5dcf48b665-9xxmx.email,error_ratio,trace_server_error_ratio,0.0
1776462063.63,email,otel-demo.email-5dcf48b665-9xxmx.email,request_count,trace_server_count,0.0
1776462063.63,email,otel-demo.email-5dcf48b665-n4zf2.email,error_ratio,trace_server_error_ratio,0.0
1776462063.63,email,otel-demo.email-5dcf48b665-n4zf2.email,request_count,trace_server_count,0.0
1776462063.63,frontend,frontend-b78bf7696-6bjdg,cpu_usage,container_cpu_usage,0.1310967592285992
1776462063.63,frontend,frontend-b78bf7696-6bjdg,memory_usage,container_memory_working_set_bytes,118603776.0
1776462063.63,frontend,frontend-b78bf7696-77ldd,cpu_usage,container_cpu_usage,0.08531166263352435
1776462063.63,frontend,frontend-b78bf7696-77ldd,memory_usage,container_memory_working_set_bytes,106237952.0
1776462063.63,frontend,frontend-b78bf7696-p9kqx,cpu_usage,container_cpu_usage,0.04709575071891033
1776462063.63,frontend,frontend-b78bf7696-p9kqx,memory_usage,container_memory_working_set_bytes,118517760.0
1776462063.63,frontend,frontend::service,pod_restart_count,k8s_container_restarts,3.0
1776462063.63,frontend,frontend::service,pod_running_count,k8s_container_ready,3.0
1776462063.63,frontend,otel-demo.frontend-b78bf7696-6bjdg.frontend,dependency_error_ratio,trace_client_error_ratio,0.0
1776462063.63,frontend,otel-demo.frontend-b78bf7696-6bjdg.frontend,error_ratio,trace_server_error_ratio,0.0
1776462063.63,frontend,otel-demo.frontend-b78bf7696-6bjdg.frontend,http_5xx_ratio,http_server_5xx_ratio,0.0
1776462063.63,frontend,otel-demo.frontend-b78bf7696-6bjdg.frontend,request_count,trace_server_count,0.0
1776462063.63,frontend,otel-demo.frontend-b78bf7696-77ldd.frontend,dependency_error_ratio,trace_client_error_ratio,0.0
1776462063.63,frontend,otel-demo.frontend-b78bf7696-77ldd.frontend,error_ratio,trace_server_error_ratio,0.0
1776462063.63,frontend,otel-demo.frontend-b78bf7696-77ldd.frontend,http_5xx_ratio,http_server_5xx_ratio,0.0
1776462063.63,frontend,otel-demo.frontend-b78bf7696-77ldd.frontend,request_count,trace_server_count,0.0
1776462063.63,frontend,otel-demo.frontend-b78bf7696-p9kqx.frontend,dependency_error_ratio,trace_client_error_ratio,0.0
1776462063.63,frontend,otel-demo.frontend-b78bf7696-p9kqx.frontend,error_ratio,trace_server_error_ratio,0.0
1776462063.63,frontend,otel-demo.frontend-b78bf7696-p9kqx.frontend,http_5xx_ratio,http_server_5xx_ratio,0.0
1776462063.63,frontend,otel-demo.frontend-b78bf7696-p9kqx.frontend,request_count,trace_server_count,0.0
1776462063.63,kafka,kafka-66df8bdf76-zjcbb,cpu_usage,container_cpu_usage,0.013717828186992683
1776462063.63,kafka,kafka-66df8bdf76-zjcbb,memory_usage,container_memory_working_set_bytes,665927680.0
1776462063.63,kafka,kafka::service,pod_restart_count,k8s_container_restarts,9.0
1776462063.63,kafka,kafka::service,pod_running_count,k8s_container_ready,1.0
1776462063.63,kafka,kafka::service,queue_lag,queue_size_ratio,0.0
1776462063.63,payment,otel-demo.payment-f9f8d647b-74h8z.payment,dependency_error_ratio,trace_client_error_ratio,0.0
1776462063.63,payment,otel-demo.payment-f9f8d647b-74h8z.payment,error_ratio,trace_server_error_ratio,0.0
1776462063.63,payment,otel-demo.payment-f9f8d647b-74h8z.payment,request_count,trace_server_count,0.0
1776462063.63,payment,otel-demo.payment-f9f8d647b-75hmx.payment,dependency_error_ratio,trace_client_error_ratio,0.0
1776462063.63,payment,otel-demo.payment-f9f8d647b-75hmx.payment,error_ratio,trace_server_error_ratio,0.0
1776462063.63,payment,otel-demo.payment-f9f8d647b-75hmx.payment,request_count,trace_server_count,0.0
1776462063.63,payment,otel-demo.payment-f9f8d647b-tv6l5.payment,dependency_error_ratio,trace_client_error_ratio,0.0
1776462063.63,payment,otel-demo.payment-f9f8d647b-tv6l5.payment,error_ratio,trace_server_error_ratio,0.0
1776462063.63,payment,otel-demo.payment-f9f8d647b-tv6l5.payment,request_count,trace_server_count,0.0
1776462063.63,payment,payment-f9f8d647b-74h8z,cpu_usage,container_cpu_usage,0.009862786810514976
1776462063.63,payment,payment-f9f8d647b-74h8z,memory_usage,container_memory_working_set_bytes,109699072.0
1776462063.63,payment,payment-f9f8d647b-75hmx,cpu_usage,container_cpu_usage,0.011795480200978781
1776462063.63,payment,payment-f9f8d647b-75hmx,memory_usage,container_memory_working_set_bytes,109801472.0
1776462063.63,payment,payment-f9f8d647b-tv6l5,cpu_usage,container_cpu_usage,0.005301415133248635
1776462063.63,payment,payment-f9f8d647b-tv6l5,memory_usage,container_memory_working_set_bytes,99213312.0
1776462063.63,payment,payment::service,pod_restart_count,k8s_container_restarts,39.0
1776462063.63,payment,payment::service,pod_running_count,k8s_container_ready,3.0
1776462063.63,product-catalog,otel-demo.product-catalog-784544475c-7crs7.product-catalog,dependency_error_ratio,trace_client_error_ratio,0.0
1776462063.63,product-catalog,otel-demo.product-catalog-784544475c-7crs7.product-catalog,error_ratio,trace_server_error_ratio,0.0
1776462063.63,product-catalog,otel-demo.product-catalog-784544475c-7crs7.product-catalog,request_count,trace_server_count,0.0
1776462063.63,product-catalog,otel-demo.product-catalog-784544475c-8skc7.product-catalog,dependency_error_ratio,trace_client_error_ratio,0.0
1776462063.63,product-catalog,otel-demo.product-catalog-784544475c-8skc7.product-catalog,error_ratio,trace_server_error_ratio,0.0
1776462063.63,product-catalog,otel-demo.product-catalog-784544475c-8skc7.product-catalog,request_count,trace_server_count,0.0
1776462063.63,product-catalog,otel-demo.product-catalog-784544475c-stwzc.product-catalog,dependency_error_ratio,trace_client_error_ratio,0.0
1776462063.63,product-catalog,otel-demo.product-catalog-784544475c-stwzc.product-catalog,error_ratio,trace_server_error_ratio,0.0
1776462063.63,product-catalog,otel-demo.product-catalog-784544475c-stwzc.product-catalog,request_count,trace_server_count,0.0
1776462063.63,product-catalog,product-catalog-784544475c-7crs7,cpu_usage,container_cpu_usage,0.01662991585093597
1776462063.63,product-catalog,product-catalog-784544475c-7crs7,memory_usage,container_memory_working_set_bytes,14831616.0
1776462063.63,product-catalog,product-catalog-784544475c-8skc7,cpu_usage,container_cpu_usage,0.10235683145045371
1776462063.63,product-catalog,product-catalog-784544475c-8skc7,memory_usage,container_memory_working_set_bytes,14708736.0
1776462063.63,product-catalog,product-catalog-784544475c-stwzc,cpu_usage,container_cpu_usage,0.0005258521028503087
1776462063.63,product-catalog,product-catalog-784544475c-stwzc,memory_usage,container_memory_working_set_bytes,32178176.0
1776462063.63,product-catalog,product-catalog::service,pod_restart_count,k8s_container_restarts,37.0
1776462063.63,product-catalog,product-catalog::service,pod_running_count,k8s_container_ready,3.0
1776462063.63,recommendation,otel-demo.recommendation-5b46f7469c-g2rgb.recommendation,dependency_error_ratio,trace_client_error_ratio,0.0
1776462063.63,recommendation,otel-demo.recommendation-5b46f7469c-rjwxq.recommendation,dependency_error_ratio,trace_client_error_ratio,0.0
1776462063.63,recommendation,otel-demo.recommendation-5b46f7469c-rjwxq.recommendation,error_ratio,trace_server_error_ratio,0.0
1776462063.63,recommendation,otel-demo.recommendation-5b46f7469c-rjwxq.recommendation,request_count,trace_server_count,0.0
1776462063.63,recommendation,otel-demo.recommendation-5b46f7469c-t2fm9.recommendation,dependency_error_ratio,trace_client_error_ratio,0.0
1776462063.63,recommendation,otel-demo.recommendation-5b46f7469c-t2fm9.recommendation,error_ratio,trace_server_error_ratio,0.0
1776462063.63,recommendation,otel-demo.recommendation-5b46f7469c-t2fm9.recommendation,request_count,trace_server_count,0.0
1776462063.63,recommendation,recommendation-5b46f7469c-g2rgb,cpu_usage,container_cpu_usage,0.009856123525461521
1776462063.63,recommendation,recommendation-5b46f7469c-g2rgb,memory_usage,container_memory_working_set_bytes,46891008.0
1776462063.63,recommendation,recommendation-5b46f7469c-rjwxq,cpu_usage,container_cpu_usage,0.014229373735597583
1776462063.63,recommendation,recommendation-5b46f7469c-rjwxq,memory_usage,container_memory_working_set_bytes,47820800.0
1776462063.63,recommendation,recommendation-5b46f7469c-t2fm9,cpu_usage,container_cpu_usage,0.03370084530123997
1776462063.63,recommendation,recommendation-5b46f7469c-t2fm9,memory_usage,container_memory_working_set_bytes,52551680.0
1776462063.63,recommendation,recommendation::service,pod_restart_count,k8s_container_restarts,3.0
1776462063.63,recommendation,recommendation::service,pod_running_count,k8s_container_ready,3.0
1776462073.63,ad,3a8b9295-6ae2-4e8a-b9b0-a607d7fec0a4,dependency_error_ratio,trace_client_error_ratio,0.0
1776462073.63,ad,3a8b9295-6ae2-4e8a-b9b0-a607d7fec0a4,error_ratio,trace_server_error_ratio,0.0
1776462073.63,ad,3a8b9295-6ae2-4e8a-b9b0-a607d7fec0a4,request_count,trace_server_count,0.0
1776462073.63,ad,5680c7ee-584c-4353-b6d2-93bc605a0324,dependency_error_ratio,trace_client_error_ratio,0.0
1776462073.63,ad,5680c7ee-584c-4353-b6d2-93bc605a0324,error_ratio,trace_server_error_ratio,0.0
1776462073.63,ad,5680c7ee-584c-4353-b6d2-93bc605a0324,request_count,trace_server_count,0.0
1776462073.63,ad,9f9a3c1c-bd3f-40ea-8764-b59f1ebd2204,dependency_error_ratio,trace_client_error_ratio,0.0
1776462073.63,ad,ad-7fb5b4f859-52ks9,cpu_usage,container_cpu_usage,0.002143947906767247
1776462073.63,ad,ad-7fb5b4f859-52ks9,memory_usage,container_memory_working_set_bytes,260395008.0
1776462073.63,ad,ad-7fb5b4f859-rd4zw,cpu_usage,container_cpu_usage,0.001215738859543199
1776462073.63,ad,ad-7fb5b4f859-rd4zw,memory_usage,container_memory_working_set_bytes,238280704.0
1776462073.63,ad,ad-7fb5b4f859-zsstr,cpu_usage,container_cpu_usage,0.0032745664533371296
1776462073.63,ad,ad-7fb5b4f859-zsstr,memory_usage,container_memory_working_set_bytes,261742592.0
1776462073.63,ad,ad::service,pod_restart_count,k8s_container_restarts,3.0
1776462073.63,ad,ad::service,pod_running_count,k8s_container_ready,3.0
1776462073.63,cart,cart-7c7496d7f-th7mc,cpu_usage,container_cpu_usage,0.059068145358171585
1776462073.63,cart,cart-7c7496d7f-th7mc,memory_usage,container_memory_working_set_bytes,62984192.0
1776462073.63,cart,cart::service,pod_restart_count,k8s_container_restarts,1.0
1776462073.63,cart,cart::service,pod_running_count,k8s_container_ready,1.0
1776462073.63,cart,f1f3afac-3031-4c18-925a-048232421d89,dependency_error_ratio,trace_client_error_ratio,0.0
1776462073.63,cart,f1f3afac-3031-4c18-925a-048232421d89,error_ratio,trace_server_error_ratio,0.0
1776462073.63,cart,f1f3afac-3031-4c18-925a-048232421d89,request_count,trace_server_count,0.0
1776462073.63,checkout,4755bdbd-5ad9-49fa-acb7-3a7dcb6a9277,dependency_error_ratio,trace_client_error_ratio,0.0
1776462073.63,checkout,4755bdbd-5ad9-49fa-acb7-3a7dcb6a9277,error_ratio,trace_server_error_ratio,0.0
1776462073.63,checkout,4755bdbd-5ad9-49fa-acb7-3a7dcb6a9277,request_count,trace_server_count,0.0
1776462073.63,checkout,bb49e6b9-109a-41b8-be66-ab2a38272474,dependency_error_ratio,trace_client_error_ratio,0.0
1776462073.63,checkout,bb49e6b9-109a-41b8-be66-ab2a38272474,error_ratio,trace_server_error_ratio,0.0
1776462073.63,checkout,bb49e6b9-109a-41b8-be66-ab2a38272474,request_count,trace_server_count,0.0
1776462073.63,checkout,bc5804df-6f63-4261-8788-8ecfe5481366,dependency_error_ratio,trace_client_error_ratio,0.0
1776462073.63,checkout,bc5804df-6f63-4261-8788-8ecfe5481366,error_ratio,trace_server_error_ratio,0.0
1776462073.63,checkout,bc5804df-6f63-4261-8788-8ecfe5481366,request_count,trace_server_count,0.0
1776462073.63,checkout,checkout-7f4ccfc547-6crwh,cpu_usage,container_cpu_usage,0.1119475326148625
1776462073.63,checkout,checkout-7f4ccfc547-6crwh,memory_usage,container_memory_working_set_bytes,14991360.0
1776462073.63,checkout,checkout-7f4ccfc547-ftx2n,cpu_usage,container_cpu_usage,0.0005163771162996467
1776462073.63,checkout,checkout-7f4ccfc547-ftx2n,memory_usage,container_memory_working_set_bytes,12255232.0
1776462073.63,checkout,checkout-7f4ccfc547-qlfgr,cpu_usage,container_cpu_usage,0.04136438451555735
1776462073.63,checkout,checkout-7f4ccfc547-qlfgr,memory_usage,container_memory_working_set_bytes,14712832.0
1776462073.63,checkout,checkout::service,pod_restart_count,k8s_container_restarts,45.0
1776462073.63,checkout,checkout::service,pod_running_count,k8s_container_ready,3.0
1776462073.63,email,email-5dcf48b665-66zvj,cpu_usage,container_cpu_usage,0.0049222927173144864
1776462073.63,email,email-5dcf48b665-66zvj,memory_usage,container_memory_working_set_bytes,59559936.0
1776462073.63,email,email-5dcf48b665-9xxmx,cpu_usage,container_cpu_usage,0.0025388179455304626
1776462073.63,email,email-5dcf48b665-9xxmx,memory_usage,container_memory_working_set_bytes,56283136.0
1776462073.63,email,email-5dcf48b665-n4zf2,cpu_usage,container_cpu_usage,0.011364360888728917
1776462073.63,email,email-5dcf48b665-n4zf2,memory_usage,container_memory_working_set_bytes,54607872.0
1776462073.63,email,email::service,pod_restart_count,k8s_container_restarts,9.0
1776462073.63,email,email::service,pod_running_count,k8s_container_ready,3.0
1776462073.63,email,otel-demo.email-5dcf48b665-66zvj.email,error_ratio,trace_server_error_ratio,0.0
1776462073.63,email,otel-demo.email-5dcf48b665-66zvj.email,request_count,trace_server_count,0.0
1776462073.63,email,otel-demo.email-5dcf48b665-9xxmx.email,error_ratio,trace_server_error_ratio,0.0
1776462073.63,email,otel-demo.email-5dcf48b665-9xxmx.email,request_count,trace_server_count,0.0
1776462073.63,email,otel-demo.email-5dcf48b665-n4zf2.email,error_ratio,trace_server_error_ratio,0.0
1776462073.63,email,otel-demo.email-5dcf48b665-n4zf2.email,request_count,trace_server_count,0.0
1776462073.63,frontend,frontend-b78bf7696-6bjdg,cpu_usage,container_cpu_usage,0.1263666801129513
1776462073.63,frontend,frontend-b78bf7696-6bjdg,memory_usage,container_memory_working_set_bytes,118865920.0
1776462073.63,frontend,frontend-b78bf7696-77ldd,cpu_usage,container_cpu_usage,0.08720653913297294
1776462073.63,frontend,frontend-b78bf7696-77ldd,memory_usage,container_memory_working_set_bytes,105881600.0
1776462073.63,frontend,frontend-b78bf7696-p9kqx,cpu_usage,container_cpu_usage,0.03896532333644459
1776462073.63,frontend,frontend-b78bf7696-p9kqx,memory_usage,container_memory_working_set_bytes,118517760.0
1776462073.63,frontend,frontend::service,pod_restart_count,k8s_container_restarts,3.0
1776462073.63,frontend,frontend::service,pod_running_count,k8s_container_ready,3.0
1776462073.63,frontend,otel-demo.frontend-b78bf7696-6bjdg.frontend,dependency_error_ratio,trace_client_error_ratio,0.0
1776462073.63,frontend,otel-demo.frontend-b78bf7696-6bjdg.frontend,error_ratio,trace_server_error_ratio,0.0
1776462073.63,frontend,otel-demo.frontend-b78bf7696-6bjdg.frontend,http_5xx_ratio,http_server_5xx_ratio,0.0
1776462073.63,frontend,otel-demo.frontend-b78bf7696-6bjdg.frontend,request_count,trace_server_count,0.0
1776462073.63,frontend,otel-demo.frontend-b78bf7696-77ldd.frontend,dependency_error_ratio,trace_client_error_ratio,0.0
1776462073.63,frontend,otel-demo.frontend-b78bf7696-77ldd.frontend,error_ratio,trace_server_error_ratio,0.0
1776462073.63,frontend,otel-demo.frontend-b78bf7696-77ldd.frontend,http_5xx_ratio,http_server_5xx_ratio,0.0
1776462073.63,frontend,otel-demo.frontend-b78bf7696-77ldd.frontend,request_count,trace_server_count,0.0
1776462073.63,frontend,otel-demo.frontend-b78bf7696-p9kqx.frontend,dependency_error_ratio,trace_client_error_ratio,0.0
1776462073.63,frontend,otel-demo.frontend-b78bf7696-p9kqx.frontend,error_ratio,trace_server_error_ratio,0.0
1776462073.63,frontend,otel-demo.frontend-b78bf7696-p9kqx.frontend,http_5xx_ratio,http_server_5xx_ratio,0.0
1776462073.63,frontend,otel-demo.frontend-b78bf7696-p9kqx.frontend,request_count,trace_server_count,0.0
1776462073.63,kafka,kafka-66df8bdf76-zjcbb,cpu_usage,container_cpu_usage,0.01353116987766461
1776462073.63,kafka,kafka-66df8bdf76-zjcbb,memory_usage,container_memory_working_set_bytes,665735168.0
1776462073.63,kafka,kafka::service,pod_restart_count,k8s_container_restarts,9.0
1776462073.63,kafka,kafka::service,pod_running_count,k8s_container_ready,1.0
1776462073.63,kafka,kafka::service,queue_lag,queue_size_ratio,0.0
1776462073.63,payment,otel-demo.payment-f9f8d647b-74h8z.payment,dependency_error_ratio,trace_client_error_ratio,0.0
1776462073.63,payment,otel-demo.payment-f9f8d647b-74h8z.payment,error_ratio,trace_server_error_ratio,0.0
1776462073.63,payment,otel-demo.payment-f9f8d647b-74h8z.payment,request_count,trace_server_count,0.0
1776462073.63,payment,otel-demo.payment-f9f8d647b-75hmx.payment,dependency_error_ratio,trace_client_error_ratio,0.0
1776462073.63,payment,otel-demo.payment-f9f8d647b-75hmx.payment,error_ratio,trace_server_error_ratio,0.0
1776462073.63,payment,otel-demo.payment-f9f8d647b-75hmx.payment,request_count,trace_server_count,0.0
1776462073.63,payment,otel-demo.payment-f9f8d647b-tv6l5.payment,dependency_error_ratio,trace_client_error_ratio,0.0
1776462073.63,payment,otel-demo.payment-f9f8d647b-tv6l5.payment,error_ratio,trace_server_error_ratio,0.0
1776462073.63,payment,otel-demo.payment-f9f8d647b-tv6l5.payment,request_count,trace_server_count,0.0
1776462073.63,payment,payment-f9f8d647b-74h8z,cpu_usage,container_cpu_usage,0.009820679205507516
1776462073.63,payment,payment-f9f8d647b-74h8z,memory_usage,container_memory_working_set_bytes,109699072.0
1776462073.63,payment,payment-f9f8d647b-75hmx,cpu_usage,container_cpu_usage,0.012545005434245428
1776462073.63,payment,payment-f9f8d647b-75hmx,memory_usage,container_memory_working_set_bytes,109801472.0
1776462073.63,payment,payment-f9f8d647b-tv6l5,cpu_usage,container_cpu_usage,0.006321961620468945
1776462073.63,payment,payment-f9f8d647b-tv6l5,memory_usage,container_memory_working_set_bytes,99213312.0
1776462073.63,payment,payment::service,pod_restart_count,k8s_container_restarts,39.0
1776462073.63,payment,payment::service,pod_running_count,k8s_container_ready,3.0
1776462073.63,product-catalog,otel-demo.product-catalog-784544475c-7crs7.product-catalog,dependency_error_ratio,trace_client_error_ratio,0.0
1776462073.63,product-catalog,otel-demo.product-catalog-784544475c-7crs7.product-catalog,error_ratio,trace_server_error_ratio,0.0
1776462073.63,product-catalog,otel-demo.product-catalog-784544475c-7crs7.product-catalog,request_count,trace_server_count,0.0
1776462073.63,product-catalog,otel-demo.product-catalog-784544475c-8skc7.product-catalog,dependency_error_ratio,trace_client_error_ratio,0.0
1776462073.63,product-catalog,otel-demo.product-catalog-784544475c-8skc7.product-catalog,error_ratio,trace_server_error_ratio,0.0
1776462073.63,product-catalog,otel-demo.product-catalog-784544475c-8skc7.product-catalog,request_count,trace_server_count,0.0
1776462073.63,product-catalog,otel-demo.product-catalog-784544475c-stwzc.product-catalog,dependency_error_ratio,trace_client_error_ratio,0.0
1776462073.63,product-catalog,otel-demo.product-catalog-784544475c-stwzc.product-catalog,error_ratio,trace_server_error_ratio,0.0
1776462073.63,product-catalog,otel-demo.product-catalog-784544475c-stwzc.product-catalog,request_count,trace_server_count,0.0
1776462073.63,product-catalog,product-catalog-784544475c-7crs7,cpu_usage,container_cpu_usage,0.014502406586447119
1776462073.63,product-catalog,product-catalog-784544475c-7crs7,memory_usage,container_memory_working_set_bytes,14831616.0
1776462073.63,product-catalog,product-catalog-784544475c-8skc7,cpu_usage,container_cpu_usage,0.11013812274084661
1776462073.63,product-catalog,product-catalog-784544475c-8skc7,memory_usage,container_memory_working_set_bytes,15056896.0
1776462073.63,product-catalog,product-catalog-784544475c-stwzc,cpu_usage,container_cpu_usage,0.000518332910428825
1776462073.63,product-catalog,product-catalog-784544475c-stwzc,memory_usage,container_memory_working_set_bytes,12587008.0
1776462073.63,product-catalog,product-catalog::service,pod_restart_count,k8s_container_restarts,37.0
1776462073.63,product-catalog,product-catalog::service,pod_running_count,k8s_container_ready,3.0
1776462073.63,recommendation,otel-demo.recommendation-5b46f7469c-g2rgb.recommendation,dependency_error_ratio,trace_client_error_ratio,0.0
1776462073.63,recommendation,otel-demo.recommendation-5b46f7469c-rjwxq.recommendation,dependency_error_ratio,trace_client_error_ratio,0.0
1776462073.63,recommendation,otel-demo.recommendation-5b46f7469c-rjwxq.recommendation,error_ratio,trace_server_error_ratio,0.0
1776462073.63,recommendation,otel-demo.recommendation-5b46f7469c-rjwxq.recommendation,request_count,trace_server_count,0.0
1776462073.63,recommendation,otel-demo.recommendation-5b46f7469c-t2fm9.recommendation,dependency_error_ratio,trace_client_error_ratio,0.0
1776462073.63,recommendation,otel-demo.recommendation-5b46f7469c-t2fm9.recommendation,error_ratio,trace_server_error_ratio,0.0
1776462073.63,recommendation,otel-demo.recommendation-5b46f7469c-t2fm9.recommendation,request_count,trace_server_count,0.0
1776462073.63,recommendation,recommendation-5b46f7469c-g2rgb,cpu_usage,container_cpu_usage,0.010614058061078372
1776462073.63,recommendation,recommendation-5b46f7469c-g2rgb,memory_usage,container_memory_working_set_bytes,46891008.0
1776462073.63,recommendation,recommendation-5b46f7469c-rjwxq,cpu_usage,container_cpu_usage,0.01408602055082966
1776462073.63,recommendation,recommendation-5b46f7469c-rjwxq,memory_usage,container_memory_working_set_bytes,47869952.0
1776462073.63,recommendation,recommendation-5b46f7469c-t2fm9,cpu_usage,container_cpu_usage,0.025389949999998863
1776462073.63,recommendation,recommendation-5b46f7469c-t2fm9,memory_usage,container_memory_working_set_bytes,52551680.0
1776462073.63,recommendation,recommendation::service,pod_restart_count,k8s_container_restarts,3.0
1776462073.63,recommendation,recommendation::service,pod_running_count,k8s_container_ready,3.0
1776462083.63,ad,3a8b9295-6ae2-4e8a-b9b0-a607d7fec0a4,dependency_error_ratio,trace_client_error_ratio,0.0
1776462083.63,ad,3a8b9295-6ae2-4e8a-b9b0-a607d7fec0a4,error_ratio,trace_server_error_ratio,0.0
1776462083.63,ad,3a8b9295-6ae2-4e8a-b9b0-a607d7fec0a4,request_count,trace_server_count,0.0
1776462083.63,ad,5680c7ee-584c-4353-b6d2-93bc605a0324,dependency_error_ratio,trace_client_error_ratio,0.0
1776462083.63,ad,5680c7ee-584c-4353-b6d2-93bc605a0324,error_ratio,trace_server_error_ratio,0.0
1776462083.63,ad,5680c7ee-584c-4353-b6d2-93bc605a0324,request_count,trace_server_count,0.0
1776462083.63,ad,9f9a3c1c-bd3f-40ea-8764-b59f1ebd2204,dependency_error_ratio,trace_client_error_ratio,0.0
1776462083.63,ad,ad-7fb5b4f859-52ks9,cpu_usage,container_cpu_usage,0.002421731258120776
1776462083.63,ad,ad-7fb5b4f859-52ks9,memory_usage,container_memory_working_set_bytes,260395008.0
1776462083.63,ad,ad-7fb5b4f859-rd4zw,cpu_usage,container_cpu_usage,0.0012171035530697827
1776462083.63,ad,ad-7fb5b4f859-rd4zw,memory_usage,container_memory_working_set_bytes,238280704.0
1776462083.63,ad,ad-7fb5b4f859-zsstr,cpu_usage,container_cpu_usage,0.00391151974040654
1776462083.63,ad,ad-7fb5b4f859-zsstr,memory_usage,container_memory_working_set_bytes,261742592.0
1776462083.63,ad,ad::service,pod_restart_count,k8s_container_restarts,3.0
1776462083.63,ad,ad::service,pod_running_count,k8s_container_ready,3.0
1776462083.63,cart,cart-7c7496d7f-th7mc,cpu_usage,container_cpu_usage,0.059068145358171585
1776462083.63,cart,cart-7c7496d7f-th7mc,memory_usage,container_memory_working_set_bytes,62984192.0
1776462083.63,cart,cart::service,pod_restart_count,k8s_container_restarts,1.0
1776462083.63,cart,cart::service,pod_running_count,k8s_container_ready,1.0
1776462083.63,cart,f1f3afac-3031-4c18-925a-048232421d89,dependency_error_ratio,trace_client_error_ratio,0.0
1776462083.63,cart,f1f3afac-3031-4c18-925a-048232421d89,error_ratio,trace_server_error_ratio,0.0
1776462083.63,cart,f1f3afac-3031-4c18-925a-048232421d89,request_count,trace_server_count,0.0
1776462083.63,checkout,4755bdbd-5ad9-49fa-acb7-3a7dcb6a9277,dependency_error_ratio,trace_client_error_ratio,0.0
1776462083.63,checkout,4755bdbd-5ad9-49fa-acb7-3a7dcb6a9277,error_ratio,trace_server_error_ratio,0.0
1776462083.63,checkout,4755bdbd-5ad9-49fa-acb7-3a7dcb6a9277,request_count,trace_server_count,0.0
1776462083.63,checkout,bb49e6b9-109a-41b8-be66-ab2a38272474,dependency_error_ratio,trace_client_error_ratio,0.0
1776462083.63,checkout,bb49e6b9-109a-41b8-be66-ab2a38272474,error_ratio,trace_server_error_ratio,0.0
1776462083.63,checkout,bb49e6b9-109a-41b8-be66-ab2a38272474,request_count,trace_server_count,0.0
1776462083.63,checkout,bc5804df-6f63-4261-8788-8ecfe5481366,dependency_error_ratio,trace_client_error_ratio,0.0
1776462083.63,checkout,bc5804df-6f63-4261-8788-8ecfe5481366,error_ratio,trace_server_error_ratio,0.0
1776462083.63,checkout,bc5804df-6f63-4261-8788-8ecfe5481366,request_count,trace_server_count,0.0
1776462083.63,checkout,checkout-7f4ccfc547-6crwh,cpu_usage,container_cpu_usage,0.09089372931995571
1776462083.63,checkout,checkout-7f4ccfc547-6crwh,memory_usage,container_memory_working_set_bytes,15978496.0
1776462083.63,checkout,checkout-7f4ccfc547-ftx2n,cpu_usage,container_cpu_usage,0.0005239815309231214
1776462083.63,checkout,checkout-7f4ccfc547-ftx2n,memory_usage,container_memory_working_set_bytes,12255232.0
1776462083.63,checkout,checkout-7f4ccfc547-qlfgr,cpu_usage,container_cpu_usage,0.04495802426040682
1776462083.63,checkout,checkout-7f4ccfc547-qlfgr,memory_usage,container_memory_working_set_bytes,14782464.0
1776462083.63,checkout,checkout::service,pod_restart_count,k8s_container_restarts,45.0
1776462083.63,checkout,checkout::service,pod_running_count,k8s_container_ready,3.0
1776462083.63,email,email-5dcf48b665-66zvj,cpu_usage,container_cpu_usage,0.006600614470998199
1776462083.63,email,email-5dcf48b665-66zvj,memory_usage,container_memory_working_set_bytes,59666432.0
1776462083.63,email,email-5dcf48b665-9xxmx,cpu_usage,container_cpu_usage,0.0004429747722497481
1776462083.63,email,email-5dcf48b665-9xxmx,memory_usage,container_memory_working_set_bytes,56283136.0
1776462083.63,email,email-5dcf48b665-n4zf2,cpu_usage,container_cpu_usage,0.011112543593847888
1776462083.63,email,email-5dcf48b665-n4zf2,memory_usage,container_memory_working_set_bytes,54607872.0
1776462083.63,email,email::service,pod_restart_count,k8s_container_restarts,9.0
1776462083.63,email,email::service,pod_running_count,k8s_container_ready,3.0
1776462083.63,email,otel-demo.email-5dcf48b665-66zvj.email,error_ratio,trace_server_error_ratio,0.0
1776462083.63,email,otel-demo.email-5dcf48b665-66zvj.email,request_count,trace_server_count,0.0
1776462083.63,email,otel-demo.email-5dcf48b665-9xxmx.email,error_ratio,trace_server_error_ratio,0.0
1776462083.63,email,otel-demo.email-5dcf48b665-9xxmx.email,request_count,trace_server_count,0.0
1776462083.63,email,otel-demo.email-5dcf48b665-n4zf2.email,error_ratio,trace_server_error_ratio,0.0
1776462083.63,email,otel-demo.email-5dcf48b665-n4zf2.email,request_count,trace_server_count,0.0
1776462083.63,frontend,frontend-b78bf7696-6bjdg,cpu_usage,container_cpu_usage,0.13530844643629983
1776462083.63,frontend,frontend-b78bf7696-6bjdg,memory_usage,container_memory_working_set_bytes,118865920.0
1776462083.63,frontend,frontend-b78bf7696-77ldd,cpu_usage,container_cpu_usage,0.0845442455809937
1776462083.63,frontend,frontend-b78bf7696-77ldd,memory_usage,container_memory_working_set_bytes,105881600.0
1776462083.63,frontend,frontend-b78bf7696-p9kqx,cpu_usage,container_cpu_usage,0.047530802034650585
1776462083.63,frontend,frontend-b78bf7696-p9kqx,memory_usage,container_memory_working_set_bytes,118136832.0
1776462083.63,frontend,frontend::service,pod_restart_count,k8s_container_restarts,3.0
1776462083.63,frontend,frontend::service,pod_running_count,k8s_container_ready,3.0
1776462083.63,frontend,otel-demo.frontend-b78bf7696-6bjdg.frontend,dependency_error_ratio,trace_client_error_ratio,0.0
1776462083.63,frontend,otel-demo.frontend-b78bf7696-6bjdg.frontend,error_ratio,trace_server_error_ratio,0.0
1776462083.63,frontend,otel-demo.frontend-b78bf7696-6bjdg.frontend,http_5xx_ratio,http_server_5xx_ratio,0.0
1776462083.63,frontend,otel-demo.frontend-b78bf7696-6bjdg.frontend,request_count,trace_server_count,0.0
1776462083.63,frontend,otel-demo.frontend-b78bf7696-77ldd.frontend,dependency_error_ratio,trace_client_error_ratio,0.0
1776462083.63,frontend,otel-demo.frontend-b78bf7696-77ldd.frontend,error_ratio,trace_server_error_ratio,0.0
1776462083.63,frontend,otel-demo.frontend-b78bf7696-77ldd.frontend,http_5xx_ratio,http_server_5xx_ratio,0.0
1776462083.63,frontend,otel-demo.frontend-b78bf7696-77ldd.frontend,request_count,trace_server_count,0.0
1776462083.63,frontend,otel-demo.frontend-b78bf7696-p9kqx.frontend,dependency_error_ratio,trace_client_error_ratio,0.0
1776462083.63,frontend,otel-demo.frontend-b78bf7696-p9kqx.frontend,error_ratio,trace_server_error_ratio,0.0
1776462083.63,frontend,otel-demo.frontend-b78bf7696-p9kqx.frontend,http_5xx_ratio,http_server_5xx_ratio,0.0
1776462083.63,frontend,otel-demo.frontend-b78bf7696-p9kqx.frontend,request_count,trace_server_count,0.0
1776462083.63,kafka,kafka-66df8bdf76-zjcbb,cpu_usage,container_cpu_usage,0.013876832226089514
1776462083.63,kafka,kafka-66df8bdf76-zjcbb,memory_usage,container_memory_working_set_bytes,665735168.0
1776462083.63,kafka,kafka::service,pod_restart_count,k8s_container_restarts,9.0
1776462083.63,kafka,kafka::service,pod_running_count,k8s_container_ready,1.0
1776462083.63,kafka,kafka::service,queue_lag,queue_size_ratio,0.0
1776462083.63,payment,otel-demo.payment-f9f8d647b-74h8z.payment,dependency_error_ratio,trace_client_error_ratio,0.0
1776462083.63,payment,otel-demo.payment-f9f8d647b-74h8z.payment,error_ratio,trace_server_error_ratio,0.0
1776462083.63,payment,otel-demo.payment-f9f8d647b-74h8z.payment,request_count,trace_server_count,0.0
1776462083.63,payment,otel-demo.payment-f9f8d647b-75hmx.payment,dependency_error_ratio,trace_client_error_ratio,0.0
1776462083.63,payment,otel-demo.payment-f9f8d647b-75hmx.payment,error_ratio,trace_server_error_ratio,0.0
1776462083.63,payment,otel-demo.payment-f9f8d647b-75hmx.payment,request_count,trace_server_count,0.0
1776462083.63,payment,otel-demo.payment-f9f8d647b-tv6l5.payment,dependency_error_ratio,trace_client_error_ratio,0.0
1776462083.63,payment,otel-demo.payment-f9f8d647b-tv6l5.payment,error_ratio,trace_server_error_ratio,0.0
1776462083.63,payment,otel-demo.payment-f9f8d647b-tv6l5.payment,request_count,trace_server_count,0.0
1776462083.63,payment,payment-f9f8d647b-74h8z,cpu_usage,container_cpu_usage,0.011128889541222915
1776462083.63,payment,payment-f9f8d647b-74h8z,memory_usage,container_memory_working_set_bytes,110370816.0
1776462083.63,payment,payment-f9f8d647b-75hmx,cpu_usage,container_cpu_usage,0.013435335064361103
1776462083.63,payment,payment-f9f8d647b-75hmx,memory_usage,container_memory_working_set_bytes,109821952.0
1776462083.63,payment,payment-f9f8d647b-tv6l5,cpu_usage,container_cpu_usage,0.00688560549430011
1776462083.63,payment,payment-f9f8d647b-tv6l5,memory_usage,container_memory_working_set_bytes,99217408.0
1776462083.63,payment,payment::service,pod_restart_count,k8s_container_restarts,39.0
1776462083.63,payment,payment::service,pod_running_count,k8s_container_ready,3.0
1776462083.63,product-catalog,otel-demo.product-catalog-784544475c-7crs7.product-catalog,dependency_error_ratio,trace_client_error_ratio,0.0
1776462083.63,product-catalog,otel-demo.product-catalog-784544475c-7crs7.product-catalog,error_ratio,trace_server_error_ratio,0.0
1776462083.63,product-catalog,otel-demo.product-catalog-784544475c-7crs7.product-catalog,request_count,trace_server_count,0.0
1776462083.63,product-catalog,otel-demo.product-catalog-784544475c-8skc7.product-catalog,dependency_error_ratio,trace_client_error_ratio,0.0
1776462083.63,product-catalog,otel-demo.product-catalog-784544475c-8skc7.product-catalog,error_ratio,trace_server_error_ratio,0.0
1776462083.63,product-catalog,otel-demo.product-catalog-784544475c-8skc7.product-catalog,request_count,trace_server_count,0.0
1776462083.63,product-catalog,otel-demo.product-catalog-784544475c-stwzc.product-catalog,dependency_error_ratio,trace_client_error_ratio,0.0
1776462083.63,product-catalog,otel-demo.product-catalog-784544475c-stwzc.product-catalog,error_ratio,trace_server_error_ratio,0.0
1776462083.63,product-catalog,otel-demo.product-catalog-784544475c-stwzc.product-catalog,request_count,trace_server_count,0.0
1776462083.63,product-catalog,product-catalog-784544475c-7crs7,cpu_usage,container_cpu_usage,0.020318794795348184
1776462083.63,product-catalog,product-catalog-784544475c-7crs7,memory_usage,container_memory_working_set_bytes,15810560.0
1776462083.63,product-catalog,product-catalog-784544475c-8skc7,cpu_usage,container_cpu_usage,0.11788714088185227
1776462083.63,product-catalog,product-catalog-784544475c-8skc7,memory_usage,container_memory_working_set_bytes,15056896.0
1776462083.63,product-catalog,product-catalog-784544475c-stwzc,cpu_usage,container_cpu_usage,0.0005223072314144817
1776462083.63,product-catalog,product-catalog-784544475c-stwzc,memory_usage,container_memory_working_set_bytes,12587008.0
1776462083.63,product-catalog,product-catalog::service,pod_restart_count,k8s_container_restarts,37.0
1776462083.63,product-catalog,product-catalog::service,pod_running_count,k8s_container_ready,3.0
1776462083.63,recommendation,otel-demo.recommendation-5b46f7469c-g2rgb.recommendation,dependency_error_ratio,trace_client_error_ratio,0.0
1776462083.63,recommendation,otel-demo.recommendation-5b46f7469c-rjwxq.recommendation,dependency_error_ratio,trace_client_error_ratio,0.0
1776462083.63,recommendation,otel-demo.recommendation-5b46f7469c-rjwxq.recommendation,error_ratio,trace_server_error_ratio,0.0
1776462083.63,recommendation,otel-demo.recommendation-5b46f7469c-rjwxq.recommendation,request_count,trace_server_count,0.0
1776462083.63,recommendation,otel-demo.recommendation-5b46f7469c-t2fm9.recommendation,dependency_error_ratio,trace_client_error_ratio,0.0
1776462083.63,recommendation,otel-demo.recommendation-5b46f7469c-t2fm9.recommendation,error_ratio,trace_server_error_ratio,0.0
1776462083.63,recommendation,otel-demo.recommendation-5b46f7469c-t2fm9.recommendation,request_count,trace_server_count,0.0
1776462083.63,recommendation,recommendation-5b46f7469c-g2rgb,cpu_usage,container_cpu_usage,0.010277686803601836
1776462083.63,recommendation,recommendation-5b46f7469c-g2rgb,memory_usage,container_memory_working_set_bytes,46891008.0
1776462083.63,recommendation,recommendation-5b46f7469c-rjwxq,cpu_usage,container_cpu_usage,0.01408602055082966
1776462083.63,recommendation,recommendation-5b46f7469c-rjwxq,memory_usage,container_memory_working_set_bytes,47869952.0
1776462083.63,recommendation,recommendation-5b46f7469c-t2fm9,cpu_usage,container_cpu_usage,0.036454499832717945
1776462083.63,recommendation,recommendation-5b46f7469c-t2fm9,memory_usage,container_memory_working_set_bytes,52518912.0
1776462083.63,recommendation,recommendation::service,pod_restart_count,k8s_container_restarts,3.0
1776462083.63,recommendation,recommendation::service,pod_running_count,k8s_container_ready,3.0
1776462093.63,ad,3a8b9295-6ae2-4e8a-b9b0-a607d7fec0a4,dependency_error_ratio,trace_client_error_ratio,0.0
1776462093.63,ad,3a8b9295-6ae2-4e8a-b9b0-a607d7fec0a4,error_ratio,trace_server_error_ratio,0.0
1776462093.63,ad,3a8b9295-6ae2-4e8a-b9b0-a607d7fec0a4,request_count,trace_server_count,0.0
1776462093.63,ad,5680c7ee-584c-4353-b6d2-93bc605a0324,dependency_error_ratio,trace_client_error_ratio,0.0
1776462093.63,ad,5680c7ee-584c-4353-b6d2-93bc605a0324,error_ratio,trace_server_error_ratio,0.0
1776462093.63,ad,5680c7ee-584c-4353-b6d2-93bc605a0324,request_count,trace_server_count,0.0
1776462093.63,ad,9f9a3c1c-bd3f-40ea-8764-b59f1ebd2204,dependency_error_ratio,trace_client_error_ratio,0.0
1776462093.63,ad,ad-7fb5b4f859-52ks9,cpu_usage,container_cpu_usage,0.002479384781439791
1776462093.63,ad,ad-7fb5b4f859-52ks9,memory_usage,container_memory_working_set_bytes,260395008.0
1776462093.63,ad,ad-7fb5b4f859-rd4zw,cpu_usage,container_cpu_usage,0.0011222605020092353
1776462093.63,ad,ad-7fb5b4f859-rd4zw,memory_usage,container_memory_working_set_bytes,238280704.0
1776462093.63,ad,ad-7fb5b4f859-zsstr,cpu_usage,container_cpu_usage,0.0037683908786418766
1776462093.63,ad,ad-7fb5b4f859-zsstr,memory_usage,container_memory_working_set_bytes,261742592.0
1776462093.63,ad,ad::service,pod_restart_count,k8s_container_restarts,3.0
1776462093.63,ad,ad::service,pod_running_count,k8s_container_ready,3.0
1776462093.63,cart,cart-7c7496d7f-th7mc,cpu_usage,container_cpu_usage,0.05694538445509665
1776462093.63,cart,cart-7c7496d7f-th7mc,memory_usage,container_memory_working_set_bytes,63102976.0
1776462093.63,cart,cart::service,pod_restart_count,k8s_container_restarts,1.0
1776462093.63,cart,cart::service,pod_running_count,k8s_container_ready,1.0
1776462093.63,cart,f1f3afac-3031-4c18-925a-048232421d89,dependency_error_ratio,trace_client_error_ratio,0.0
1776462093.63,cart,f1f3afac-3031-4c18-925a-048232421d89,error_ratio,trace_server_error_ratio,0.0
1776462093.63,cart,f1f3afac-3031-4c18-925a-048232421d89,request_count,trace_server_count,0.0
1776462093.63,checkout,4755bdbd-5ad9-49fa-acb7-3a7dcb6a9277,dependency_error_ratio,trace_client_error_ratio,0.0
1776462093.63,checkout,4755bdbd-5ad9-49fa-acb7-3a7dcb6a9277,error_ratio,trace_server_error_ratio,0.0
1776462093.63,checkout,4755bdbd-5ad9-49fa-acb7-3a7dcb6a9277,request_count,trace_server_count,0.0
1776462093.63,checkout,bb49e6b9-109a-41b8-be66-ab2a38272474,dependency_error_ratio,trace_client_error_ratio,0.0
1776462093.63,checkout,bb49e6b9-109a-41b8-be66-ab2a38272474,error_ratio,trace_server_error_ratio,0.0
1776462093.63,checkout,bb49e6b9-109a-41b8-be66-ab2a38272474,request_count,trace_server_count,0.0
1776462093.63,checkout,bc5804df-6f63-4261-8788-8ecfe5481366,dependency_error_ratio,trace_client_error_ratio,0.0
1776462093.63,checkout,bc5804df-6f63-4261-8788-8ecfe5481366,error_ratio,trace_server_error_ratio,0.0
1776462093.63,checkout,bc5804df-6f63-4261-8788-8ecfe5481366,request_count,trace_server_count,0.0
1776462093.63,checkout,checkout-7f4ccfc547-6crwh,cpu_usage,container_cpu_usage,0.11056734569778083
1776462093.63,checkout,checkout-7f4ccfc547-6crwh,memory_usage,container_memory_working_set_bytes,15978496.0
1776462093.63,checkout,checkout-7f4ccfc547-ftx2n,cpu_usage,container_cpu_usage,0.0005107190752318412
1776462093.63,checkout,checkout-7f4ccfc547-ftx2n,memory_usage,container_memory_working_set_bytes,12263424.0
1776462093.63,checkout,checkout-7f4ccfc547-qlfgr,cpu_usage,container_cpu_usage,0.04068416480037034
1776462093.63,checkout,checkout-7f4ccfc547-qlfgr,memory_usage,container_memory_working_set_bytes,14757888.0
1776462093.63,checkout,checkout::service,pod_restart_count,k8s_container_restarts,45.0
1776462093.63,checkout,checkout::service,pod_running_count,k8s_container_ready,3.0
1776462093.63,email,email-5dcf48b665-66zvj,cpu_usage,container_cpu_usage,0.007075824205839624
1776462093.63,email,email-5dcf48b665-66zvj,memory_usage,container_memory_working_set_bytes,59666432.0
1776462093.63,email,email-5dcf48b665-9xxmx,cpu_usage,container_cpu_usage,0.0004248218577391423
1776462093.63,email,email-5dcf48b665-9xxmx,memory_usage,container_memory_working_set_bytes,56283136.0
1776462093.63,email,email-5dcf48b665-n4zf2,cpu_usage,container_cpu_usage,0.010972674222870278
1776462093.63,email,email-5dcf48b665-n4zf2,memory_usage,container_memory_working_set_bytes,54530048.0
1776462093.63,email,email::service,pod_restart_count,k8s_container_restarts,9.0
1776462093.63,email,email::service,pod_running_count,k8s_container_ready,3.0
1776462093.63,email,otel-demo.email-5dcf48b665-66zvj.email,error_ratio,trace_server_error_ratio,0.0
1776462093.63,email,otel-demo.email-5dcf48b665-66zvj.email,request_count,trace_server_count,0.0
1776462093.63,email,otel-demo.email-5dcf48b665-9xxmx.email,error_ratio,trace_server_error_ratio,0.0
1776462093.63,email,otel-demo.email-5dcf48b665-9xxmx.email,request_count,trace_server_count,0.0
1776462093.63,email,otel-demo.email-5dcf48b665-n4zf2.email,error_ratio,trace_server_error_ratio,0.0
1776462093.63,email,otel-demo.email-5dcf48b665-n4zf2.email,request_count,trace_server_count,0.0
1776462093.63,frontend,frontend-b78bf7696-6bjdg,cpu_usage,container_cpu_usage,0.11161147523368334
1776462093.63,frontend,frontend-b78bf7696-6bjdg,memory_usage,container_memory_working_set_bytes,118603776.0
1776462093.63,frontend,frontend-b78bf7696-77ldd,cpu_usage,container_cpu_usage,0.08735155617888843
1776462093.63,frontend,frontend-b78bf7696-77ldd,memory_usage,container_memory_working_set_bytes,105304064.0
1776462093.63,frontend,frontend-b78bf7696-p9kqx,cpu_usage,container_cpu_usage,0.047530802034650585
1776462093.63,frontend,frontend-b78bf7696-p9kqx,memory_usage,container_memory_working_set_bytes,118136832.0
1776462093.63,frontend,frontend::service,pod_restart_count,k8s_container_restarts,3.0
1776462093.63,frontend,frontend::service,pod_running_count,k8s_container_ready,3.0
1776462093.63,frontend,otel-demo.frontend-b78bf7696-6bjdg.frontend,dependency_error_ratio,trace_client_error_ratio,0.0
1776462093.63,frontend,otel-demo.frontend-b78bf7696-6bjdg.frontend,error_ratio,trace_server_error_ratio,0.0
1776462093.63,frontend,otel-demo.frontend-b78bf7696-6bjdg.frontend,http_5xx_ratio,http_server_5xx_ratio,0.0
1776462093.63,frontend,otel-demo.frontend-b78bf7696-6bjdg.frontend,request_count,trace_server_count,0.0
1776462093.63,frontend,otel-demo.frontend-b78bf7696-77ldd.frontend,dependency_error_ratio,trace_client_error_ratio,0.0
1776462093.63,frontend,otel-demo.frontend-b78bf7696-77ldd.frontend,error_ratio,trace_server_error_ratio,0.0
1776462093.63,frontend,otel-demo.frontend-b78bf7696-77ldd.frontend,http_5xx_ratio,http_server_5xx_ratio,0.0
1776462093.63,frontend,otel-demo.frontend-b78bf7696-77ldd.frontend,request_count,trace_server_count,0.0
1776462093.63,frontend,otel-demo.frontend-b78bf7696-p9kqx.frontend,dependency_error_ratio,trace_client_error_ratio,0.0
1776462093.63,frontend,otel-demo.frontend-b78bf7696-p9kqx.frontend,error_ratio,trace_server_error_ratio,0.0
1776462093.63,frontend,otel-demo.frontend-b78bf7696-p9kqx.frontend,http_5xx_ratio,http_server_5xx_ratio,0.0
1776462093.63,frontend,otel-demo.frontend-b78bf7696-p9kqx.frontend,request_count,trace_server_count,0.0
1776462093.63,kafka,kafka-66df8bdf76-zjcbb,cpu_usage,container_cpu_usage,0.013876832226089514
1776462093.63,kafka,kafka-66df8bdf76-zjcbb,memory_usage,container_memory_working_set_bytes,665735168.0
1776462093.63,kafka,kafka::service,pod_restart_count,k8s_container_restarts,9.0
1776462093.63,kafka,kafka::service,pod_running_count,k8s_container_ready,1.0
1776462093.63,kafka,kafka::service,queue_lag,queue_size_ratio,0.0
1776462093.63,payment,otel-demo.payment-f9f8d647b-74h8z.payment,dependency_error_ratio,trace_client_error_ratio,0.0
1776462093.63,payment,otel-demo.payment-f9f8d647b-74h8z.payment,error_ratio,trace_server_error_ratio,0.0
1776462093.63,payment,otel-demo.payment-f9f8d647b-74h8z.payment,request_count,trace_server_count,0.0
1776462093.63,payment,otel-demo.payment-f9f8d647b-75hmx.payment,dependency_error_ratio,trace_client_error_ratio,0.0
1776462093.63,payment,otel-demo.payment-f9f8d647b-75hmx.payment,error_ratio,trace_server_error_ratio,0.0
1776462093.63,payment,otel-demo.payment-f9f8d647b-75hmx.payment,request_count,trace_server_count,0.0
1776462093.63,payment,otel-demo.payment-f9f8d647b-tv6l5.payment,dependency_error_ratio,trace_client_error_ratio,0.0
1776462093.63,payment,otel-demo.payment-f9f8d647b-tv6l5.payment,error_ratio,trace_server_error_ratio,0.0
1776462093.63,payment,otel-demo.payment-f9f8d647b-tv6l5.payment,request_count,trace_server_count,0.0
1776462093.63,payment,payment-f9f8d647b-74h8z,cpu_usage,container_cpu_usage,0.01083499464343966
1776462093.63,payment,payment-f9f8d647b-74h8z,memory_usage,container_memory_working_set_bytes,110370816.0
1776462093.63,payment,payment-f9f8d647b-75hmx,cpu_usage,container_cpu_usage,0.013393555687268306
1776462093.63,payment,payment-f9f8d647b-75hmx,memory_usage,container_memory_working_set_bytes,109821952.0
1776462093.63,payment,payment-f9f8d647b-tv6l5,cpu_usage,container_cpu_usage,0.005800395815034555
1776462093.63,payment,payment-f9f8d647b-tv6l5,memory_usage,container_memory_working_set_bytes,99217408.0
1776462093.63,payment,payment::service,pod_restart_count,k8s_container_restarts,39.0
1776462093.63,payment,payment::service,pod_running_count,k8s_container_ready,3.0
1776462093.63,product-catalog,otel-demo.product-catalog-784544475c-7crs7.product-catalog,dependency_error_ratio,trace_client_error_ratio,0.0
1776462093.63,product-catalog,otel-demo.product-catalog-784544475c-7crs7.product-catalog,error_ratio,trace_server_error_ratio,0.0
1776462093.63,product-catalog,otel-demo.product-catalog-784544475c-7crs7.product-catalog,request_count,trace_server_count,0.0
1776462093.63,product-catalog,otel-demo.product-catalog-784544475c-8skc7.product-catalog,dependency_error_ratio,trace_client_error_ratio,0.0
1776462093.63,product-catalog,otel-demo.product-catalog-784544475c-8skc7.product-catalog,error_ratio,trace_server_error_ratio,0.0
1776462093.63,product-catalog,otel-demo.product-catalog-784544475c-8skc7.product-catalog,request_count,trace_server_count,0.0
1776462093.63,product-catalog,otel-demo.product-catalog-784544475c-stwzc.product-catalog,dependency_error_ratio,trace_client_error_ratio,0.0
1776462093.63,product-catalog,otel-demo.product-catalog-784544475c-stwzc.product-catalog,error_ratio,trace_server_error_ratio,0.0
1776462093.63,product-catalog,otel-demo.product-catalog-784544475c-stwzc.product-catalog,request_count,trace_server_count,0.0
1776462093.63,product-catalog,product-catalog-784544475c-7crs7,cpu_usage,container_cpu_usage,0.020898445563444168
1776462093.63,product-catalog,product-catalog-784544475c-7crs7,memory_usage,container_memory_working_set_bytes,15810560.0
1776462093.63,product-catalog,product-catalog-784544475c-8skc7,cpu_usage,container_cpu_usage,0.10293817517035168
1776462093.63,product-catalog,product-catalog-784544475c-8skc7,memory_usage,container_memory_working_set_bytes,14708736.0
1776462093.63,product-catalog,product-catalog-784544475c-stwzc,cpu_usage,container_cpu_usage,0.000486816949935923
1776462093.63,product-catalog,product-catalog-784544475c-stwzc,memory_usage,container_memory_working_set_bytes,12587008.0
1776462093.63,product-catalog,product-catalog::service,pod_restart_count,k8s_container_restarts,37.0
1776462093.63,product-catalog,product-catalog::service,pod_running_count,k8s_container_ready,3.0
1776462093.63,recommendation,otel-demo.recommendation-5b46f7469c-g2rgb.recommendation,dependency_error_ratio,trace_client_error_ratio,0.0
1776462093.63,recommendation,otel-demo.recommendation-5b46f7469c-rjwxq.recommendation,dependency_error_ratio,trace_client_error_ratio,0.0
1776462093.63,recommendation,otel-demo.recommendation-5b46f7469c-rjwxq.recommendation,error_ratio,trace_server_error_ratio,0.0
1776462093.63,recommendation,otel-demo.recommendation-5b46f7469c-rjwxq.recommendation,request_count,trace_server_count,0.0
1776462093.63,recommendation,otel-demo.recommendation-5b46f7469c-t2fm9.recommendation,dependency_error_ratio,trace_client_error_ratio,0.0
1776462093.63,recommendation,otel-demo.recommendation-5b46f7469c-t2fm9.recommendation,error_ratio,trace_server_error_ratio,0.0
1776462093.63,recommendation,otel-demo.recommendation-5b46f7469c-t2fm9.recommendation,request_count,trace_server_count,0.0
1776462093.63,recommendation,recommendation-5b46f7469c-g2rgb,cpu_usage,container_cpu_usage,0.010874456252409757
1776462093.63,recommendation,recommendation-5b46f7469c-g2rgb,memory_usage,container_memory_working_set_bytes,46891008.0
1776462093.63,recommendation,recommendation-5b46f7469c-rjwxq,cpu_usage,container_cpu_usage,0.011661593562280902
1776462093.63,recommendation,recommendation-5b46f7469c-rjwxq,memory_usage,container_memory_working_set_bytes,47869952.0
1776462093.63,recommendation,recommendation-5b46f7469c-t2fm9,cpu_usage,container_cpu_usage,0.029995572562356604
1776462093.63,recommendation,recommendation-5b46f7469c-t2fm9,memory_usage,container_memory_working_set_bytes,52518912.0
1776462093.63,recommendation,recommendation::service,pod_restart_count,k8s_container_restarts,3.0
1776462093.63,recommendation,recommendation::service,pod_running_count,k8s_container_ready,3.0
1776462103.63,ad,3a8b9295-6ae2-4e8a-b9b0-a607d7fec0a4,dependency_error_ratio,trace_client_error_ratio,0.0
1776462103.63,ad,3a8b9295-6ae2-4e8a-b9b0-a607d7fec0a4,error_ratio,trace_server_error_ratio,0.0
1776462103.63,ad,3a8b9295-6ae2-4e8a-b9b0-a607d7fec0a4,latency_p95,trace_server_latency_p95,1.9603174603174602
1776462103.63,ad,3a8b9295-6ae2-4e8a-b9b0-a607d7fec0a4,request_count,trace_server_count,6.5
1776462103.63,ad,5680c7ee-584c-4353-b6d2-93bc605a0324,dependency_error_ratio,trace_client_error_ratio,0.0
1776462103.63,ad,5680c7ee-584c-4353-b6d2-93bc605a0324,error_ratio,trace_server_error_ratio,0.0
1776462103.63,ad,5680c7ee-584c-4353-b6d2-93bc605a0324,latency_p95,trace_server_latency_p95,1.9448113207547169
1776462103.63,ad,5680c7ee-584c-4353-b6d2-93bc605a0324,request_count,trace_server_count,21.7
1776462103.63,ad,9f9a3c1c-bd3f-40ea-8764-b59f1ebd2204,dependency_error_ratio,trace_client_error_ratio,0.0
1776462103.63,ad,ad-7fb5b4f859-52ks9,cpu_usage,container_cpu_usage,0.0023174918122925636
1776462103.63,ad,ad-7fb5b4f859-52ks9,memory_usage,container_memory_working_set_bytes,260395008.0
1776462103.63,ad,ad-7fb5b4f859-rd4zw,cpu_usage,container_cpu_usage,0.0009047336841218701
1776462103.63,ad,ad-7fb5b4f859-rd4zw,memory_usage,container_memory_working_set_bytes,238280704.0
1776462103.63,ad,ad-7fb5b4f859-zsstr,cpu_usage,container_cpu_usage,0.0038659981959661823
1776462103.63,ad,ad-7fb5b4f859-zsstr,memory_usage,container_memory_working_set_bytes,261742592.0
1776462103.63,ad,ad::service,pod_restart_count,k8s_container_restarts,3.0
1776462103.63,ad,ad::service,pod_running_count,k8s_container_ready,3.0
1776462103.63,cart,cart-7c7496d7f-th7mc,cpu_usage,container_cpu_usage,0.05022441163671984
1776462103.63,cart,cart-7c7496d7f-th7mc,memory_usage,container_memory_working_set_bytes,63102976.0
1776462103.63,cart,cart::service,pod_restart_count,k8s_container_restarts,1.0
1776462103.63,cart,cart::service,pod_running_count,k8s_container_ready,1.0
1776462103.63,cart,f1f3afac-3031-4c18-925a-048232421d89,dependency_error_ratio,trace_client_error_ratio,0.0
1776462103.63,cart,f1f3afac-3031-4c18-925a-048232421d89,error_ratio,trace_server_error_ratio,0.0
1776462103.63,cart,f1f3afac-3031-4c18-925a-048232421d89,latency_p95,trace_server_latency_p95,2.017105263157891
1776462103.63,cart,f1f3afac-3031-4c18-925a-048232421d89,request_count,trace_server_count,190.7
1776462103.63,checkout,4755bdbd-5ad9-49fa-acb7-3a7dcb6a9277,dependency_error_ratio,trace_client_error_ratio,0.0
1776462103.63,checkout,4755bdbd-5ad9-49fa-acb7-3a7dcb6a9277,error_ratio,trace_server_error_ratio,0.0
1776462103.63,checkout,4755bdbd-5ad9-49fa-acb7-3a7dcb6a9277,latency_p95,trace_server_latency_p95,48.0
1776462103.63,checkout,4755bdbd-5ad9-49fa-acb7-3a7dcb6a9277,request_count,trace_server_count,14.1
1776462103.63,checkout,bb49e6b9-109a-41b8-be66-ab2a38272474,dependency_error_ratio,trace_client_error_ratio,0.0
1776462103.63,checkout,bb49e6b9-109a-41b8-be66-ab2a38272474,error_ratio,trace_server_error_ratio,0.0
1776462103.63,checkout,bb49e6b9-109a-41b8-be66-ab2a38272474,request_count,trace_server_count,0.0
1776462103.63,checkout,bc5804df-6f63-4261-8788-8ecfe5481366,dependency_error_ratio,trace_client_error_ratio,0.0
1776462103.63,checkout,bc5804df-6f63-4261-8788-8ecfe5481366,error_ratio,trace_server_error_ratio,0.0
1776462103.63,checkout,bc5804df-6f63-4261-8788-8ecfe5481366,latency_p95,trace_server_latency_p95,48.0
1776462103.63,checkout,bc5804df-6f63-4261-8788-8ecfe5481366,request_count,trace_server_count,7.6
1776462103.63,checkout,checkout-7f4ccfc547-6crwh,cpu_usage,container_cpu_usage,0.12308963967195004
1776462103.63,checkout,checkout-7f4ccfc547-6crwh,memory_usage,container_memory_working_set_bytes,14848000.0
1776462103.63,checkout,checkout-7f4ccfc547-ftx2n,cpu_usage,container_cpu_usage,0.0004542747493414852
1776462103.63,checkout,checkout-7f4ccfc547-ftx2n,memory_usage,container_memory_working_set_bytes,12263424.0
1776462103.63,checkout,checkout-7f4ccfc547-qlfgr,cpu_usage,container_cpu_usage,0.030781029306741557
1776462103.63,checkout,checkout-7f4ccfc547-qlfgr,memory_usage,container_memory_working_set_bytes,14774272.0
1776462103.63,checkout,checkout::service,pod_restart_count,k8s_container_restarts,45.0
1776462103.63,checkout,checkout::service,pod_running_count,k8s_container_ready,3.0
1776462103.63,email,email-5dcf48b665-66zvj,cpu_usage,container_cpu_usage,0.0059884627853316235
1776462103.63,email,email-5dcf48b665-66zvj,memory_usage,container_memory_working_set_bytes,59482112.0
1776462103.63,email,email-5dcf48b665-9xxmx,cpu_usage,container_cpu_usage,0.00036605937921719997
1776462103.63,email,email-5dcf48b665-9xxmx,memory_usage,container_memory_working_set_bytes,56283136.0
1776462103.63,email,email-5dcf48b665-n4zf2,cpu_usage,container_cpu_usage,0.009757914293396659
1776462103.63,email,email-5dcf48b665-n4zf2,memory_usage,container_memory_working_set_bytes,54530048.0
1776462103.63,email,email::service,pod_restart_count,k8s_container_restarts,9.0
1776462103.63,email,email::service,pod_running_count,k8s_container_ready,3.0
1776462103.63,email,otel-demo.email-5dcf48b665-66zvj.email,error_ratio,trace_server_error_ratio,0.0
1776462103.63,email,otel-demo.email-5dcf48b665-66zvj.email,latency_p95,trace_server_latency_p95,5.212499999999999
1776462103.63,email,otel-demo.email-5dcf48b665-66zvj.email,request_count,trace_server_count,6.3
1776462103.63,email,otel-demo.email-5dcf48b665-9xxmx.email,error_ratio,trace_server_error_ratio,0.0
1776462103.63,email,otel-demo.email-5dcf48b665-9xxmx.email,latency_p95,trace_server_latency_p95,4.699999999999999
1776462103.63,email,otel-demo.email-5dcf48b665-9xxmx.email,request_count,trace_server_count,1.3
1776462103.63,email,otel-demo.email-5dcf48b665-n4zf2.email,error_ratio,trace_server_error_ratio,0.0
1776462103.63,email,otel-demo.email-5dcf48b665-n4zf2.email,latency_p95,trace_server_latency_p95,5.313333333333333
1776462103.63,email,otel-demo.email-5dcf48b665-n4zf2.email,request_count,trace_server_count,14.3
1776462103.63,frontend,frontend-b78bf7696-6bjdg,cpu_usage,container_cpu_usage,0.1165632810059342
1776462103.63,frontend,frontend-b78bf7696-6bjdg,memory_usage,container_memory_working_set_bytes,119205888.0
1776462103.63,frontend,frontend-b78bf7696-77ldd,cpu_usage,container_cpu_usage,0.08735155617888843
1776462103.63,frontend,frontend-b78bf7696-77ldd,memory_usage,container_memory_working_set_bytes,105304064.0
1776462103.63,frontend,frontend-b78bf7696-p9kqx,cpu_usage,container_cpu_usage,0.05948652778485376
1776462103.63,frontend,frontend-b78bf7696-p9kqx,memory_usage,container_memory_working_set_bytes,118411264.0
1776462103.63,frontend,frontend::service,pod_restart_count,k8s_container_restarts,3.0
1776462103.63,frontend,frontend::service,pod_running_count,k8s_container_ready,3.0
1776462103.63,frontend,otel-demo.frontend-b78bf7696-6bjdg.frontend,dependency_error_ratio,trace_client_error_ratio,0.0
1776462103.63,frontend,otel-demo.frontend-b78bf7696-6bjdg.frontend,error_ratio,trace_server_error_ratio,0.0
1776462103.63,frontend,otel-demo.frontend-b78bf7696-6bjdg.frontend,http_5xx_ratio,http_server_5xx_ratio,0.0
1776462103.63,frontend,otel-demo.frontend-b78bf7696-6bjdg.frontend,latency_p95,trace_server_latency_p95,42.044871794871796
1776462103.63,frontend,otel-demo.frontend-b78bf7696-6bjdg.frontend,request_count,trace_server_count,404.3
1776462103.63,frontend,otel-demo.frontend-b78bf7696-77ldd.frontend,dependency_error_ratio,trace_client_error_ratio,0.0
1776462103.63,frontend,otel-demo.frontend-b78bf7696-77ldd.frontend,error_ratio,trace_server_error_ratio,0.0
1776462103.63,frontend,otel-demo.frontend-b78bf7696-77ldd.frontend,http_5xx_ratio,http_server_5xx_ratio,0.0
1776462103.63,frontend,otel-demo.frontend-b78bf7696-77ldd.frontend,latency_p95,trace_server_latency_p95,42.33151183970856
1776462103.63,frontend,otel-demo.frontend-b78bf7696-77ldd.frontend,request_count,trace_server_count,246.5
1776462103.63,frontend,otel-demo.frontend-b78bf7696-p9kqx.frontend,dependency_error_ratio,trace_client_error_ratio,0.0
1776462103.63,frontend,otel-demo.frontend-b78bf7696-p9kqx.frontend,error_ratio,trace_server_error_ratio,0.0
1776462103.63,frontend,otel-demo.frontend-b78bf7696-p9kqx.frontend,http_5xx_ratio,http_server_5xx_ratio,0.0
1776462103.63,frontend,otel-demo.frontend-b78bf7696-p9kqx.frontend,latency_p95,trace_server_latency_p95,39.96282527881041
1776462103.63,frontend,otel-demo.frontend-b78bf7696-p9kqx.frontend,request_count,trace_server_count,143.0
1776462103.63,kafka,kafka-66df8bdf76-zjcbb,cpu_usage,container_cpu_usage,0.013091045012799275
1776462103.63,kafka,kafka-66df8bdf76-zjcbb,memory_usage,container_memory_working_set_bytes,665767936.0
1776462103.63,kafka,kafka::service,pod_restart_count,k8s_container_restarts,9.0
1776462103.63,kafka,kafka::service,pod_running_count,k8s_container_ready,1.0
1776462103.63,kafka,kafka::service,queue_lag,queue_size_ratio,0.0
1776462103.63,payment,otel-demo.payment-f9f8d647b-74h8z.payment,dependency_error_ratio,trace_client_error_ratio,0.0
1776462103.63,payment,otel-demo.payment-f9f8d647b-74h8z.payment,error_ratio,trace_server_error_ratio,0.0
1776462103.63,payment,otel-demo.payment-f9f8d647b-74h8z.payment,request_count,trace_server_count,0.0
1776462103.63,payment,otel-demo.payment-f9f8d647b-75hmx.payment,dependency_error_ratio,trace_client_error_ratio,0.0
1776462103.63,payment,otel-demo.payment-f9f8d647b-75hmx.payment,error_ratio,trace_server_error_ratio,0.0
1776462103.63,payment,otel-demo.payment-f9f8d647b-75hmx.payment,request_count,trace_server_count,0.0
1776462103.63,payment,otel-demo.payment-f9f8d647b-tv6l5.payment,dependency_error_ratio,trace_client_error_ratio,0.0
1776462103.63,payment,otel-demo.payment-f9f8d647b-tv6l5.payment,error_ratio,trace_server_error_ratio,0.0
1776462103.63,payment,otel-demo.payment-f9f8d647b-tv6l5.payment,request_count,trace_server_count,0.0
1776462103.63,payment,payment-f9f8d647b-74h8z,cpu_usage,container_cpu_usage,0.010551068195534091
1776462103.63,payment,payment-f9f8d647b-74h8z,memory_usage,container_memory_working_set_bytes,110370816.0
1776462103.63,payment,payment-f9f8d647b-75hmx,cpu_usage,container_cpu_usage,0.01273034038710727
1776462103.63,payment,payment-f9f8d647b-75hmx,memory_usage,container_memory_working_set_bytes,109826048.0
1776462103.63,payment,payment-f9f8d647b-tv6l5,cpu_usage,container_cpu_usage,0.00654037279719982
1776462103.63,payment,payment-f9f8d647b-tv6l5,memory_usage,container_memory_working_set_bytes,99217408.0
1776462103.63,payment,payment::service,pod_restart_count,k8s_container_restarts,39.0
1776462103.63,payment,payment::service,pod_running_count,k8s_container_ready,3.0
1776462103.63,product-catalog,otel-demo.product-catalog-784544475c-7crs7.product-catalog,dependency_error_ratio,trace_client_error_ratio,0.0
1776462103.63,product-catalog,otel-demo.product-catalog-784544475c-7crs7.product-catalog,error_ratio,trace_server_error_ratio,0.0
1776462103.63,product-catalog,otel-demo.product-catalog-784544475c-7crs7.product-catalog,request_count,trace_server_count,0.0
1776462103.63,product-catalog,otel-demo.product-catalog-784544475c-8skc7.product-catalog,dependency_error_ratio,trace_client_error_ratio,0.0
1776462103.63,product-catalog,otel-demo.product-catalog-784544475c-8skc7.product-catalog,error_ratio,trace_server_error_ratio,0.0
1776462103.63,product-catalog,otel-demo.product-catalog-784544475c-8skc7.product-catalog,request_count,trace_server_count,0.0
1776462103.63,product-catalog,otel-demo.product-catalog-784544475c-stwzc.product-catalog,dependency_error_ratio,trace_client_error_ratio,0.0
1776462103.63,product-catalog,otel-demo.product-catalog-784544475c-stwzc.product-catalog,error_ratio,trace_server_error_ratio,0.0
1776462103.63,product-catalog,otel-demo.product-catalog-784544475c-stwzc.product-catalog,request_count,trace_server_count,0.0
1776462103.63,product-catalog,product-catalog-784544475c-7crs7,cpu_usage,container_cpu_usage,0.019051428029224805
1776462103.63,product-catalog,product-catalog-784544475c-7crs7,memory_usage,container_memory_working_set_bytes,14987264.0
1776462103.63,product-catalog,product-catalog-784544475c-8skc7,cpu_usage,container_cpu_usage,0.0959882059493818
1776462103.63,product-catalog,product-catalog-784544475c-8skc7,memory_usage,container_memory_working_set_bytes,14708736.0
1776462103.63,product-catalog,product-catalog-784544475c-stwzc,cpu_usage,container_cpu_usage,0.00040822653235166127
1776462103.63,product-catalog,product-catalog-784544475c-stwzc,memory_usage,container_memory_working_set_bytes,12587008.0
1776462103.63,product-catalog,product-catalog::service,pod_restart_count,k8s_container_restarts,37.0
1776462103.63,product-catalog,product-catalog::service,pod_running_count,k8s_container_ready,3.0
1776462103.63,recommendation,otel-demo.recommendation-5b46f7469c-g2rgb.recommendation,dependency_error_ratio,trace_client_error_ratio,0.0
1776462103.63,recommendation,otel-demo.recommendation-5b46f7469c-rjwxq.recommendation,dependency_error_ratio,trace_client_error_ratio,0.0
1776462103.63,recommendation,otel-demo.recommendation-5b46f7469c-rjwxq.recommendation,error_ratio,trace_server_error_ratio,0.0
1776462103.63,recommendation,otel-demo.recommendation-5b46f7469c-rjwxq.recommendation,latency_p95,trace_server_latency_p95,3.896
1776462103.63,recommendation,otel-demo.recommendation-5b46f7469c-rjwxq.recommendation,request_count,trace_server_count,4.6
1776462103.63,recommendation,otel-demo.recommendation-5b46f7469c-t2fm9.recommendation,dependency_error_ratio,trace_client_error_ratio,0.0
1776462103.63,recommendation,otel-demo.recommendation-5b46f7469c-t2fm9.recommendation,error_ratio,trace_server_error_ratio,0.0
1776462103.63,recommendation,otel-demo.recommendation-5b46f7469c-t2fm9.recommendation,latency_p95,trace_server_latency_p95,3.9377659574468082
1776462103.63,recommendation,otel-demo.recommendation-5b46f7469c-t2fm9.recommendation,request_count,trace_server_count,27.7
1776462103.63,recommendation,recommendation-5b46f7469c-g2rgb,cpu_usage,container_cpu_usage,0.008014051362505064
1776462103.63,recommendation,recommendation-5b46f7469c-g2rgb,memory_usage,container_memory_working_set_bytes,46891008.0
1776462103.63,recommendation,recommendation-5b46f7469c-rjwxq,cpu_usage,container_cpu_usage,0.01423363211223744
1776462103.63,recommendation,recommendation-5b46f7469c-rjwxq,memory_usage,container_memory_working_set_bytes,47820800.0
1776462103.63,recommendation,recommendation-5b46f7469c-t2fm9,cpu_usage,container_cpu_usage,0.030813664849030982
1776462103.63,recommendation,recommendation-5b46f7469c-t2fm9,memory_usage,container_memory_working_set_bytes,52781056.0
1776462103.63,recommendation,recommendation::service,pod_restart_count,k8s_container_restarts,3.0
1776462103.63,recommendation,recommendation::service,pod_running_count,k8s_container_ready,3.0
1776462113.63,ad,3a8b9295-6ae2-4e8a-b9b0-a607d7fec0a4,dependency_error_ratio,trace_client_error_ratio,0.0
1776462113.63,ad,3a8b9295-6ae2-4e8a-b9b0-a607d7fec0a4,error_ratio,trace_server_error_ratio,0.0
1776462113.63,ad,3a8b9295-6ae2-4e8a-b9b0-a607d7fec0a4,request_count,trace_server_count,0.0
1776462113.63,ad,5680c7ee-584c-4353-b6d2-93bc605a0324,dependency_error_ratio,trace_client_error_ratio,0.0
1776462113.63,ad,5680c7ee-584c-4353-b6d2-93bc605a0324,error_ratio,trace_server_error_ratio,0.0
1776462113.63,ad,5680c7ee-584c-4353-b6d2-93bc605a0324,request_count,trace_server_count,0.0
1776462113.63,ad,9f9a3c1c-bd3f-40ea-8764-b59f1ebd2204,dependency_error_ratio,trace_client_error_ratio,0.0
1776462113.63,ad,ad-7fb5b4f859-52ks9,cpu_usage,container_cpu_usage,0.0024114275823614076
1776462113.63,ad,ad-7fb5b4f859-52ks9,memory_usage,container_memory_working_set_bytes,260395008.0
1776462113.63,ad,ad-7fb5b4f859-rd4zw,cpu_usage,container_cpu_usage,0.0011842853083245545
1776462113.63,ad,ad-7fb5b4f859-rd4zw,memory_usage,container_memory_working_set_bytes,238280704.0
1776462113.63,ad,ad-7fb5b4f859-zsstr,cpu_usage,container_cpu_usage,0.004007665841732422
1776462113.63,ad,ad-7fb5b4f859-zsstr,memory_usage,container_memory_working_set_bytes,261742592.0
1776462113.63,ad,ad::service,pod_restart_count,k8s_container_restarts,3.0
1776462113.63,ad,ad::service,pod_running_count,k8s_container_ready,3.0
1776462113.63,cart,cart-7c7496d7f-th7mc,cpu_usage,container_cpu_usage,0.059968852560529716
1776462113.63,cart,cart-7c7496d7f-th7mc,memory_usage,container_memory_working_set_bytes,63012864.0
1776462113.63,cart,cart::service,pod_restart_count,k8s_container_restarts,1.0
1776462113.63,cart,cart::service,pod_running_count,k8s_container_ready,1.0
1776462113.63,cart,f1f3afac-3031-4c18-925a-048232421d89,dependency_error_ratio,trace_client_error_ratio,0.0
1776462113.63,cart,f1f3afac-3031-4c18-925a-048232421d89,error_ratio,trace_server_error_ratio,0.0
1776462113.63,cart,f1f3afac-3031-4c18-925a-048232421d89,request_count,trace_server_count,0.0
1776462113.63,checkout,4755bdbd-5ad9-49fa-acb7-3a7dcb6a9277,dependency_error_ratio,trace_client_error_ratio,0.0
1776462113.63,checkout,4755bdbd-5ad9-49fa-acb7-3a7dcb6a9277,error_ratio,trace_server_error_ratio,0.0
1776462113.63,checkout,4755bdbd-5ad9-49fa-acb7-3a7dcb6a9277,request_count,trace_server_count,0.0
1776462113.63,checkout,bb49e6b9-109a-41b8-be66-ab2a38272474,dependency_error_ratio,trace_client_error_ratio,0.0
1776462113.63,checkout,bb49e6b9-109a-41b8-be66-ab2a38272474,error_ratio,trace_server_error_ratio,0.0
1776462113.63,checkout,bb49e6b9-109a-41b8-be66-ab2a38272474,request_count,trace_server_count,0.0
1776462113.63,checkout,bc5804df-6f63-4261-8788-8ecfe5481366,dependency_error_ratio,trace_client_error_ratio,0.0
1776462113.63,checkout,bc5804df-6f63-4261-8788-8ecfe5481366,error_ratio,trace_server_error_ratio,0.0
1776462113.63,checkout,bc5804df-6f63-4261-8788-8ecfe5481366,request_count,trace_server_count,0.0
1776462113.63,checkout,checkout-7f4ccfc547-6crwh,cpu_usage,container_cpu_usage,0.12308963967195004
1776462113.63,checkout,checkout-7f4ccfc547-6crwh,memory_usage,container_memory_working_set_bytes,14848000.0
1776462113.63,checkout,checkout-7f4ccfc547-ftx2n,cpu_usage,container_cpu_usage,0.0004963046371174142
1776462113.63,checkout,checkout-7f4ccfc547-ftx2n,memory_usage,container_memory_working_set_bytes,12255232.0
1776462113.63,checkout,checkout-7f4ccfc547-qlfgr,cpu_usage,container_cpu_usage,0.03740252254859438
1776462113.63,checkout,checkout-7f4ccfc547-qlfgr,memory_usage,container_memory_working_set_bytes,14774272.0
1776462113.63,checkout,checkout::service,pod_restart_count,k8s_container_restarts,45.0
1776462113.63,checkout,checkout::service,pod_running_count,k8s_container_ready,3.0
1776462113.63,email,email-5dcf48b665-66zvj,cpu_usage,container_cpu_usage,0.006999371243643029
1776462113.63,email,email-5dcf48b665-66zvj,memory_usage,container_memory_working_set_bytes,59527168.0
1776462113.63,email,email-5dcf48b665-9xxmx,cpu_usage,container_cpu_usage,0.00023182500000018533
1776462113.63,email,email-5dcf48b665-9xxmx,memory_usage,container_memory_working_set_bytes,56283136.0
1776462113.63,email,email-5dcf48b665-n4zf2,cpu_usage,container_cpu_usage,0.012594578203651056
1776462113.63,email,email-5dcf48b665-n4zf2,memory_usage,container_memory_working_set_bytes,54423552.0
1776462113.63,email,email::service,pod_restart_count,k8s_container_restarts,9.0
1776462113.63,email,email::service,pod_running_count,k8s_container_ready,3.0
1776462113.63,email,otel-demo.email-5dcf48b665-66zvj.email,error_ratio,trace_server_error_ratio,0.0
1776462113.63,email,otel-demo.email-5dcf48b665-66zvj.email,request_count,trace_server_count,0.0
1776462113.63,email,otel-demo.email-5dcf48b665-9xxmx.email,error_ratio,trace_server_error_ratio,0.0
1776462113.63,email,otel-demo.email-5dcf48b665-9xxmx.email,request_count,trace_server_count,0.0
1776462113.63,email,otel-demo.email-5dcf48b665-n4zf2.email,error_ratio,trace_server_error_ratio,0.0
1776462113.63,email,otel-demo.email-5dcf48b665-n4zf2.email,request_count,trace_server_count,0.0
1776462113.63,frontend,frontend-b78bf7696-6bjdg,cpu_usage,container_cpu_usage,0.08247025081821424
1776462113.63,frontend,frontend-b78bf7696-6bjdg,memory_usage,container_memory_working_set_bytes,117846016.0
1776462113.63,frontend,frontend-b78bf7696-77ldd,cpu_usage,container_cpu_usage,0.08052854491866049
1776462113.63,frontend,frontend-b78bf7696-77ldd,memory_usage,container_memory_working_set_bytes,107884544.0
1776462113.63,frontend,frontend-b78bf7696-p9kqx,cpu_usage,container_cpu_usage,0.06609726395385644
1776462113.63,frontend,frontend-b78bf7696-p9kqx,memory_usage,container_memory_working_set_bytes,116854784.0
1776462113.63,frontend,frontend::service,pod_restart_count,k8s_container_restarts,3.0
1776462113.63,frontend,frontend::service,pod_running_count,k8s_container_ready,3.0
1776462113.63,frontend,otel-demo.frontend-b78bf7696-6bjdg.frontend,dependency_error_ratio,trace_client_error_ratio,0.0
1776462113.63,frontend,otel-demo.frontend-b78bf7696-6bjdg.frontend,error_ratio,trace_server_error_ratio,0.0
1776462113.63,frontend,otel-demo.frontend-b78bf7696-6bjdg.frontend,http_5xx_ratio,http_server_5xx_ratio,0.0
1776462113.63,frontend,otel-demo.frontend-b78bf7696-6bjdg.frontend,request_count,trace_server_count,0.0
1776462113.63,frontend,otel-demo.frontend-b78bf7696-77ldd.frontend,dependency_error_ratio,trace_client_error_ratio,0.0
1776462113.63,frontend,otel-demo.frontend-b78bf7696-77ldd.frontend,error_ratio,trace_server_error_ratio,0.0
1776462113.63,frontend,otel-demo.frontend-b78bf7696-77ldd.frontend,http_5xx_ratio,http_server_5xx_ratio,0.0
1776462113.63,frontend,otel-demo.frontend-b78bf7696-77ldd.frontend,request_count,trace_server_count,0.0
1776462113.63,frontend,otel-demo.frontend-b78bf7696-p9kqx.frontend,dependency_error_ratio,trace_client_error_ratio,0.0
1776462113.63,frontend,otel-demo.frontend-b78bf7696-p9kqx.frontend,error_ratio,trace_server_error_ratio,0.0
1776462113.63,frontend,otel-demo.frontend-b78bf7696-p9kqx.frontend,http_5xx_ratio,http_server_5xx_ratio,0.0
1776462113.63,frontend,otel-demo.frontend-b78bf7696-p9kqx.frontend,request_count,trace_server_count,0.0
1776462113.63,kafka,kafka-66df8bdf76-zjcbb,cpu_usage,container_cpu_usage,0.010862237086246698
1776462113.63,kafka,kafka-66df8bdf76-zjcbb,memory_usage,container_memory_working_set_bytes,665804800.0
1776462113.63,kafka,kafka::service,pod_restart_count,k8s_container_restarts,9.0
1776462113.63,kafka,kafka::service,pod_running_count,k8s_container_ready,1.0
1776462113.63,kafka,kafka::service,queue_lag,queue_size_ratio,0.0
1776462113.63,payment,otel-demo.payment-f9f8d647b-74h8z.payment,dependency_error_ratio,trace_client_error_ratio,0.0
1776462113.63,payment,otel-demo.payment-f9f8d647b-74h8z.payment,error_ratio,trace_server_error_ratio,0.0
1776462113.63,payment,otel-demo.payment-f9f8d647b-74h8z.payment,request_count,trace_server_count,0.0
1776462113.63,payment,otel-demo.payment-f9f8d647b-75hmx.payment,dependency_error_ratio,trace_client_error_ratio,0.0
1776462113.63,payment,otel-demo.payment-f9f8d647b-75hmx.payment,error_ratio,trace_server_error_ratio,0.0
1776462113.63,payment,otel-demo.payment-f9f8d647b-75hmx.payment,request_count,trace_server_count,0.0
1776462113.63,payment,otel-demo.payment-f9f8d647b-tv6l5.payment,dependency_error_ratio,trace_client_error_ratio,0.0
1776462113.63,payment,otel-demo.payment-f9f8d647b-tv6l5.payment,error_ratio,trace_server_error_ratio,0.0
1776462113.63,payment,otel-demo.payment-f9f8d647b-tv6l5.payment,request_count,trace_server_count,0.0
1776462113.63,payment,payment-f9f8d647b-74h8z,cpu_usage,container_cpu_usage,0.010551068195534091
1776462113.63,payment,payment-f9f8d647b-74h8z,memory_usage,container_memory_working_set_bytes,110370816.0
1776462113.63,payment,payment-f9f8d647b-75hmx,cpu_usage,container_cpu_usage,0.013497831758884075
1776462113.63,payment,payment-f9f8d647b-75hmx,memory_usage,container_memory_working_set_bytes,109850624.0
1776462113.63,payment,payment-f9f8d647b-tv6l5,cpu_usage,container_cpu_usage,0.006928200734394148
1776462113.63,payment,payment-f9f8d647b-tv6l5,memory_usage,container_memory_working_set_bytes,99217408.0
1776462113.63,payment,payment::service,pod_restart_count,k8s_container_restarts,39.0
1776462113.63,payment,payment::service,pod_running_count,k8s_container_ready,3.0
1776462113.63,product-catalog,otel-demo.product-catalog-784544475c-7crs7.product-catalog,dependency_error_ratio,trace_client_error_ratio,0.0
1776462113.63,product-catalog,otel-demo.product-catalog-784544475c-7crs7.product-catalog,error_ratio,trace_server_error_ratio,0.0
1776462113.63,product-catalog,otel-demo.product-catalog-784544475c-7crs7.product-catalog,request_count,trace_server_count,0.0
1776462113.63,product-catalog,otel-demo.product-catalog-784544475c-8skc7.product-catalog,dependency_error_ratio,trace_client_error_ratio,0.0
1776462113.63,product-catalog,otel-demo.product-catalog-784544475c-8skc7.product-catalog,error_ratio,trace_server_error_ratio,0.0
1776462113.63,product-catalog,otel-demo.product-catalog-784544475c-8skc7.product-catalog,request_count,trace_server_count,0.0
1776462113.63,product-catalog,otel-demo.product-catalog-784544475c-stwzc.product-catalog,dependency_error_ratio,trace_client_error_ratio,0.0
1776462113.63,product-catalog,otel-demo.product-catalog-784544475c-stwzc.product-catalog,error_ratio,trace_server_error_ratio,0.0
1776462113.63,product-catalog,otel-demo.product-catalog-784544475c-stwzc.product-catalog,request_count,trace_server_count,0.0
1776462113.63,product-catalog,product-catalog-784544475c-7crs7,cpu_usage,container_cpu_usage,0.022790947246726485
1776462113.63,product-catalog,product-catalog-784544475c-7crs7,memory_usage,container_memory_working_set_bytes,14987264.0
1776462113.63,product-catalog,product-catalog-784544475c-8skc7,cpu_usage,container_cpu_usage,0.09576271498395017
1776462113.63,product-catalog,product-catalog-784544475c-8skc7,memory_usage,container_memory_working_set_bytes,14848000.0
1776462113.63,product-catalog,product-catalog-784544475c-stwzc,cpu_usage,container_cpu_usage,0.0005031613123718392
1776462113.63,product-catalog,product-catalog-784544475c-stwzc,memory_usage,container_memory_working_set_bytes,12595200.0
1776462113.63,product-catalog,product-catalog::service,pod_restart_count,k8s_container_restarts,37.0
1776462113.63,product-catalog,product-catalog::service,pod_running_count,k8s_container_ready,3.0
1776462113.63,recommendation,otel-demo.recommendation-5b46f7469c-g2rgb.recommendation,dependency_error_ratio,trace_client_error_ratio,0.0
1776462113.63,recommendation,otel-demo.recommendation-5b46f7469c-rjwxq.recommendation,dependency_error_ratio,trace_client_error_ratio,0.0
1776462113.63,recommendation,otel-demo.recommendation-5b46f7469c-rjwxq.recommendation,error_ratio,trace_server_error_ratio,0.0
1776462113.63,recommendation,otel-demo.recommendation-5b46f7469c-rjwxq.recommendation,request_count,trace_server_count,0.0
1776462113.63,recommendation,otel-demo.recommendation-5b46f7469c-t2fm9.recommendation,dependency_error_ratio,trace_client_error_ratio,0.0
1776462113.63,recommendation,otel-demo.recommendation-5b46f7469c-t2fm9.recommendation,error_ratio,trace_server_error_ratio,0.0
1776462113.63,recommendation,otel-demo.recommendation-5b46f7469c-t2fm9.recommendation,request_count,trace_server_count,0.0
1776462113.63,recommendation,recommendation-5b46f7469c-g2rgb,cpu_usage,container_cpu_usage,0.00865798291356944
1776462113.63,recommendation,recommendation-5b46f7469c-g2rgb,memory_usage,container_memory_working_set_bytes,46891008.0
1776462113.63,recommendation,recommendation-5b46f7469c-rjwxq,cpu_usage,container_cpu_usage,0.012882146021863264
1776462113.63,recommendation,recommendation-5b46f7469c-rjwxq,memory_usage,container_memory_working_set_bytes,47820800.0
1776462113.63,recommendation,recommendation-5b46f7469c-t2fm9,cpu_usage,container_cpu_usage,0.02688036661842549
1776462113.63,recommendation,recommendation-5b46f7469c-t2fm9,memory_usage,container_memory_working_set_bytes,52518912.0
1776462113.63,recommendation,recommendation::service,pod_restart_count,k8s_container_restarts,3.0
1776462113.63,recommendation,recommendation::service,pod_running_count,k8s_container_ready,3.0
1776462123.63,ad,3a8b9295-6ae2-4e8a-b9b0-a607d7fec0a4,dependency_error_ratio,trace_client_error_ratio,0.0
1776462123.63,ad,3a8b9295-6ae2-4e8a-b9b0-a607d7fec0a4,error_ratio,trace_server_error_ratio,0.0
1776462123.63,ad,3a8b9295-6ae2-4e8a-b9b0-a607d7fec0a4,request_count,trace_server_count,0.0
1776462123.63,ad,5680c7ee-584c-4353-b6d2-93bc605a0324,dependency_error_ratio,trace_client_error_ratio,0.0
1776462123.63,ad,5680c7ee-584c-4353-b6d2-93bc605a0324,error_ratio,trace_server_error_ratio,0.0
1776462123.63,ad,5680c7ee-584c-4353-b6d2-93bc605a0324,request_count,trace_server_count,0.0
1776462123.63,ad,9f9a3c1c-bd3f-40ea-8764-b59f1ebd2204,dependency_error_ratio,trace_client_error_ratio,0.0
1776462123.63,ad,ad-7fb5b4f859-52ks9,cpu_usage,container_cpu_usage,0.0021039747712850803
1776462123.63,ad,ad-7fb5b4f859-52ks9,memory_usage,container_memory_working_set_bytes,260395008.0
1776462123.63,ad,ad-7fb5b4f859-rd4zw,cpu_usage,container_cpu_usage,0.0012228442741907275
1776462123.63,ad,ad-7fb5b4f859-rd4zw,memory_usage,container_memory_working_set_bytes,238280704.0
1776462123.63,ad,ad-7fb5b4f859-zsstr,cpu_usage,container_cpu_usage,0.004182950761175625
1776462123.63,ad,ad-7fb5b4f859-zsstr,memory_usage,container_memory_working_set_bytes,261742592.0
1776462123.63,ad,ad::service,pod_restart_count,k8s_container_restarts,3.0
1776462123.63,ad,ad::service,pod_running_count,k8s_container_ready,3.0
1776462123.63,cart,cart-7c7496d7f-th7mc,cpu_usage,container_cpu_usage,0.05852145517493656
1776462123.63,cart,cart-7c7496d7f-th7mc,memory_usage,container_memory_working_set_bytes,63012864.0
1776462123.63,cart,cart::service,pod_restart_count,k8s_container_restarts,1.0
1776462123.63,cart,cart::service,pod_running_count,k8s_container_ready,1.0
1776462123.63,cart,f1f3afac-3031-4c18-925a-048232421d89,dependency_error_ratio,trace_client_error_ratio,0.0
1776462123.63,cart,f1f3afac-3031-4c18-925a-048232421d89,error_ratio,trace_server_error_ratio,0.0
1776462123.63,cart,f1f3afac-3031-4c18-925a-048232421d89,request_count,trace_server_count,0.0
1776462123.63,checkout,4755bdbd-5ad9-49fa-acb7-3a7dcb6a9277,dependency_error_ratio,trace_client_error_ratio,0.0
1776462123.63,checkout,4755bdbd-5ad9-49fa-acb7-3a7dcb6a9277,error_ratio,trace_server_error_ratio,0.0
1776462123.63,checkout,4755bdbd-5ad9-49fa-acb7-3a7dcb6a9277,request_count,trace_server_count,0.0
1776462123.63,checkout,bb49e6b9-109a-41b8-be66-ab2a38272474,dependency_error_ratio,trace_client_error_ratio,0.0
1776462123.63,checkout,bb49e6b9-109a-41b8-be66-ab2a38272474,error_ratio,trace_server_error_ratio,0.0
1776462123.63,checkout,bb49e6b9-109a-41b8-be66-ab2a38272474,request_count,trace_server_count,0.0
1776462123.63,checkout,bc5804df-6f63-4261-8788-8ecfe5481366,dependency_error_ratio,trace_client_error_ratio,0.0
1776462123.63,checkout,bc5804df-6f63-4261-8788-8ecfe5481366,error_ratio,trace_server_error_ratio,0.0
1776462123.63,checkout,bc5804df-6f63-4261-8788-8ecfe5481366,request_count,trace_server_count,0.0
1776462123.63,checkout,checkout-7f4ccfc547-6crwh,cpu_usage,container_cpu_usage,0.12609934495616118
1776462123.63,checkout,checkout-7f4ccfc547-6crwh,memory_usage,container_memory_working_set_bytes,15810560.0
1776462123.63,checkout,checkout-7f4ccfc547-ftx2n,cpu_usage,container_cpu_usage,0.0004467031399901533
1776462123.63,checkout,checkout-7f4ccfc547-ftx2n,memory_usage,container_memory_working_set_bytes,12255232.0
1776462123.63,checkout,checkout-7f4ccfc547-qlfgr,cpu_usage,container_cpu_usage,0.035322116203782644
1776462123.63,checkout,checkout-7f4ccfc547-qlfgr,memory_usage,container_memory_working_set_bytes,14774272.0
1776462123.63,checkout,checkout::service,pod_restart_count,k8s_container_restarts,45.0
1776462123.63,checkout,checkout::service,pod_running_count,k8s_container_ready,3.0
1776462123.63,email,email-5dcf48b665-66zvj,cpu_usage,container_cpu_usage,0.006046134390428741
1776462123.63,email,email-5dcf48b665-66zvj,memory_usage,container_memory_working_set_bytes,59527168.0
1776462123.63,email,email-5dcf48b665-9xxmx,cpu_usage,container_cpu_usage,0.00042522413270369713
1776462123.63,email,email-5dcf48b665-9xxmx,memory_usage,container_memory_working_set_bytes,56287232.0
1776462123.63,email,email-5dcf48b665-n4zf2,cpu_usage,container_cpu_usage,0.010307927575959846
1776462123.63,email,email-5dcf48b665-n4zf2,memory_usage,container_memory_working_set_bytes,54423552.0
1776462123.63,email,email::service,pod_restart_count,k8s_container_restarts,9.0
1776462123.63,email,email::service,pod_running_count,k8s_container_ready,3.0
1776462123.63,email,otel-demo.email-5dcf48b665-66zvj.email,error_ratio,trace_server_error_ratio,0.0
1776462123.63,email,otel-demo.email-5dcf48b665-66zvj.email,request_count,trace_server_count,0.0
1776462123.63,email,otel-demo.email-5dcf48b665-9xxmx.email,error_ratio,trace_server_error_ratio,0.0
1776462123.63,email,otel-demo.email-5dcf48b665-9xxmx.email,request_count,trace_server_count,0.0
1776462123.63,email,otel-demo.email-5dcf48b665-n4zf2.email,error_ratio,trace_server_error_ratio,0.0
1776462123.63,email,otel-demo.email-5dcf48b665-n4zf2.email,request_count,trace_server_count,0.0
1776462123.63,frontend,frontend-b78bf7696-6bjdg,cpu_usage,container_cpu_usage,0.09882594465933402
1776462123.63,frontend,frontend-b78bf7696-6bjdg,memory_usage,container_memory_working_set_bytes,117846016.0
1776462123.63,frontend,frontend-b78bf7696-77ldd,cpu_usage,container_cpu_usage,0.08052854491866049
1776462123.63,frontend,frontend-b78bf7696-77ldd,memory_usage,container_memory_working_set_bytes,107884544.0
1776462123.63,frontend,frontend-b78bf7696-p9kqx,cpu_usage,container_cpu_usage,0.06461181565111812
1776462123.63,frontend,frontend-b78bf7696-p9kqx,memory_usage,container_memory_working_set_bytes,116854784.0
1776462123.63,frontend,frontend::service,pod_restart_count,k8s_container_restarts,3.0
1776462123.63,frontend,frontend::service,pod_running_count,k8s_container_ready,3.0
1776462123.63,frontend,otel-demo.frontend-b78bf7696-6bjdg.frontend,dependency_error_ratio,trace_client_error_ratio,0.0
1776462123.63,frontend,otel-demo.frontend-b78bf7696-6bjdg.frontend,error_ratio,trace_server_error_ratio,0.0
1776462123.63,frontend,otel-demo.frontend-b78bf7696-6bjdg.frontend,http_5xx_ratio,http_server_5xx_ratio,0.0
1776462123.63,frontend,otel-demo.frontend-b78bf7696-6bjdg.frontend,request_count,trace_server_count,0.0
1776462123.63,frontend,otel-demo.frontend-b78bf7696-77ldd.frontend,dependency_error_ratio,trace_client_error_ratio,0.0
1776462123.63,frontend,otel-demo.frontend-b78bf7696-77ldd.frontend,error_ratio,trace_server_error_ratio,0.0
1776462123.63,frontend,otel-demo.frontend-b78bf7696-77ldd.frontend,http_5xx_ratio,http_server_5xx_ratio,0.0
1776462123.63,frontend,otel-demo.frontend-b78bf7696-77ldd.frontend,request_count,trace_server_count,0.0
1776462123.63,frontend,otel-demo.frontend-b78bf7696-p9kqx.frontend,dependency_error_ratio,trace_client_error_ratio,0.0
1776462123.63,frontend,otel-demo.frontend-b78bf7696-p9kqx.frontend,error_ratio,trace_server_error_ratio,0.0
1776462123.63,frontend,otel-demo.frontend-b78bf7696-p9kqx.frontend,http_5xx_ratio,http_server_5xx_ratio,0.0
1776462123.63,frontend,otel-demo.frontend-b78bf7696-p9kqx.frontend,request_count,trace_server_count,0.0
1776462123.63,kafka,kafka-66df8bdf76-zjcbb,cpu_usage,container_cpu_usage,0.013319547824701801
1776462123.63,kafka,kafka-66df8bdf76-zjcbb,memory_usage,container_memory_working_set_bytes,665882624.0
1776462123.63,kafka,kafka::service,pod_restart_count,k8s_container_restarts,9.0
1776462123.63,kafka,kafka::service,pod_running_count,k8s_container_ready,1.0
1776462123.63,kafka,kafka::service,queue_lag,queue_size_ratio,0.0
1776462123.63,payment,otel-demo.payment-f9f8d647b-74h8z.payment,dependency_error_ratio,trace_client_error_ratio,0.0
1776462123.63,payment,otel-demo.payment-f9f8d647b-74h8z.payment,error_ratio,trace_server_error_ratio,0.0
1776462123.63,payment,otel-demo.payment-f9f8d647b-74h8z.payment,request_count,trace_server_count,0.0
1776462123.63,payment,otel-demo.payment-f9f8d647b-75hmx.payment,dependency_error_ratio,trace_client_error_ratio,0.0
1776462123.63,payment,otel-demo.payment-f9f8d647b-75hmx.payment,error_ratio,trace_server_error_ratio,0.0
1776462123.63,payment,otel-demo.payment-f9f8d647b-75hmx.payment,request_count,trace_server_count,0.0
1776462123.63,payment,otel-demo.payment-f9f8d647b-tv6l5.payment,dependency_error_ratio,trace_client_error_ratio,0.0
1776462123.63,payment,otel-demo.payment-f9f8d647b-tv6l5.payment,error_ratio,trace_server_error_ratio,0.0
1776462123.63,payment,otel-demo.payment-f9f8d647b-tv6l5.payment,request_count,trace_server_count,0.0
1776462123.63,payment,payment-f9f8d647b-74h8z,cpu_usage,container_cpu_usage,0.009708490850476502
1776462123.63,payment,payment-f9f8d647b-74h8z,memory_usage,container_memory_working_set_bytes,110383104.0
1776462123.63,payment,payment-f9f8d647b-75hmx,cpu_usage,container_cpu_usage,0.013648196951728213
1776462123.63,payment,payment-f9f8d647b-75hmx,memory_usage,container_memory_working_set_bytes,109850624.0
1776462123.63,payment,payment-f9f8d647b-tv6l5,cpu_usage,container_cpu_usage,0.007041418650793715
1776462123.63,payment,payment-f9f8d647b-tv6l5,memory_usage,container_memory_working_set_bytes,99233792.0
1776462123.63,payment,payment::service,pod_restart_count,k8s_container_restarts,39.0
1776462123.63,payment,payment::service,pod_running_count,k8s_container_ready,3.0
1776462123.63,product-catalog,otel-demo.product-catalog-784544475c-7crs7.product-catalog,dependency_error_ratio,trace_client_error_ratio,0.0
1776462123.63,product-catalog,otel-demo.product-catalog-784544475c-7crs7.product-catalog,error_ratio,trace_server_error_ratio,0.0
1776462123.63,product-catalog,otel-demo.product-catalog-784544475c-7crs7.product-catalog,request_count,trace_server_count,0.0
1776462123.63,product-catalog,otel-demo.product-catalog-784544475c-8skc7.product-catalog,dependency_error_ratio,trace_client_error_ratio,0.0
1776462123.63,product-catalog,otel-demo.product-catalog-784544475c-8skc7.product-catalog,error_ratio,trace_server_error_ratio,0.0
1776462123.63,product-catalog,otel-demo.product-catalog-784544475c-8skc7.product-catalog,request_count,trace_server_count,0.0
1776462123.63,product-catalog,otel-demo.product-catalog-784544475c-stwzc.product-catalog,dependency_error_ratio,trace_client_error_ratio,0.0
1776462123.63,product-catalog,otel-demo.product-catalog-784544475c-stwzc.product-catalog,error_ratio,trace_server_error_ratio,0.0
1776462123.63,product-catalog,otel-demo.product-catalog-784544475c-stwzc.product-catalog,request_count,trace_server_count,0.0
1776462123.63,product-catalog,product-catalog-784544475c-7crs7,cpu_usage,container_cpu_usage,0.02310353884434617
1776462123.63,product-catalog,product-catalog-784544475c-7crs7,memory_usage,container_memory_working_set_bytes,15085568.0
1776462123.63,product-catalog,product-catalog-784544475c-8skc7,cpu_usage,container_cpu_usage,0.08685494176110553
1776462123.63,product-catalog,product-catalog-784544475c-8skc7,memory_usage,container_memory_working_set_bytes,14848000.0
1776462123.63,product-catalog,product-catalog-784544475c-stwzc,cpu_usage,container_cpu_usage,0.0004930758226037196
1776462123.63,product-catalog,product-catalog-784544475c-stwzc,memory_usage,container_memory_working_set_bytes,12595200.0
1776462123.63,product-catalog,product-catalog::service,pod_restart_count,k8s_container_restarts,37.0
1776462123.63,product-catalog,product-catalog::service,pod_running_count,k8s_container_ready,3.0
1776462123.63,recommendation,otel-demo.recommendation-5b46f7469c-g2rgb.recommendation,dependency_error_ratio,trace_client_error_ratio,0.0
1776462123.63,recommendation,otel-demo.recommendation-5b46f7469c-rjwxq.recommendation,dependency_error_ratio,trace_client_error_ratio,0.0
1776462123.63,recommendation,otel-demo.recommendation-5b46f7469c-rjwxq.recommendation,error_ratio,trace_server_error_ratio,0.0
1776462123.63,recommendation,otel-demo.recommendation-5b46f7469c-rjwxq.recommendation,request_count,trace_server_count,0.0
1776462123.63,recommendation,otel-demo.recommendation-5b46f7469c-t2fm9.recommendation,dependency_error_ratio,trace_client_error_ratio,0.0
1776462123.63,recommendation,otel-demo.recommendation-5b46f7469c-t2fm9.recommendation,error_ratio,trace_server_error_ratio,0.0
1776462123.63,recommendation,otel-demo.recommendation-5b46f7469c-t2fm9.recommendation,request_count,trace_server_count,0.0
1776462123.63,recommendation,recommendation-5b46f7469c-g2rgb,cpu_usage,container_cpu_usage,0.009595878897765076
1776462123.63,recommendation,recommendation-5b46f7469c-g2rgb,memory_usage,container_memory_working_set_bytes,46891008.0
1776462123.63,recommendation,recommendation-5b46f7469c-rjwxq,cpu_usage,container_cpu_usage,0.012882146021863264
1776462123.63,recommendation,recommendation-5b46f7469c-rjwxq,memory_usage,container_memory_working_set_bytes,47820800.0
1776462123.63,recommendation,recommendation-5b46f7469c-t2fm9,cpu_usage,container_cpu_usage,0.025420901583861823
1776462123.63,recommendation,recommendation-5b46f7469c-t2fm9,memory_usage,container_memory_working_set_bytes,52518912.0
1776462123.63,recommendation,recommendation::service,pod_restart_count,k8s_container_restarts,3.0
1776462123.63,recommendation,recommendation::service,pod_running_count,k8s_container_ready,3.0
1776462133.63,ad,3a8b9295-6ae2-4e8a-b9b0-a607d7fec0a4,dependency_error_ratio,trace_client_error_ratio,0.0
1776462133.63,ad,3a8b9295-6ae2-4e8a-b9b0-a607d7fec0a4,error_ratio,trace_server_error_ratio,0.0
1776462133.63,ad,3a8b9295-6ae2-4e8a-b9b0-a607d7fec0a4,request_count,trace_server_count,0.0
1776462133.63,ad,5680c7ee-584c-4353-b6d2-93bc605a0324,dependency_error_ratio,trace_client_error_ratio,0.0
1776462133.63,ad,5680c7ee-584c-4353-b6d2-93bc605a0324,error_ratio,trace_server_error_ratio,0.0
1776462133.63,ad,5680c7ee-584c-4353-b6d2-93bc605a0324,request_count,trace_server_count,0.0
1776462133.63,ad,9f9a3c1c-bd3f-40ea-8764-b59f1ebd2204,dependency_error_ratio,trace_client_error_ratio,0.0
1776462133.63,ad,ad-7fb5b4f859-52ks9,cpu_usage,container_cpu_usage,0.002270822060353369
1776462133.63,ad,ad-7fb5b4f859-52ks9,memory_usage,container_memory_working_set_bytes,260329472.0
1776462133.63,ad,ad-7fb5b4f859-rd4zw,cpu_usage,container_cpu_usage,0.0012235653058254305
1776462133.63,ad,ad-7fb5b4f859-rd4zw,memory_usage,container_memory_working_set_bytes,238280704.0
1776462133.63,ad,ad-7fb5b4f859-zsstr,cpu_usage,container_cpu_usage,0.0033018121833339794
1776462133.63,ad,ad-7fb5b4f859-zsstr,memory_usage,container_memory_working_set_bytes,261742592.0
1776462133.63,ad,ad::service,pod_restart_count,k8s_container_restarts,3.0
1776462133.63,ad,ad::service,pod_running_count,k8s_container_ready,3.0
1776462133.63,cart,cart-7c7496d7f-th7mc,cpu_usage,container_cpu_usage,0.055404448912900195
1776462133.63,cart,cart-7c7496d7f-th7mc,memory_usage,container_memory_working_set_bytes,62930944.0
1776462133.63,cart,cart::service,pod_restart_count,k8s_container_restarts,1.0
1776462133.63,cart,cart::service,pod_running_count,k8s_container_ready,1.0
1776462133.63,cart,f1f3afac-3031-4c18-925a-048232421d89,dependency_error_ratio,trace_client_error_ratio,0.0
1776462133.63,cart,f1f3afac-3031-4c18-925a-048232421d89,error_ratio,trace_server_error_ratio,0.0
1776462133.63,cart,f1f3afac-3031-4c18-925a-048232421d89,request_count,trace_server_count,0.0
1776462133.63,checkout,4755bdbd-5ad9-49fa-acb7-3a7dcb6a9277,dependency_error_ratio,trace_client_error_ratio,0.0
1776462133.63,checkout,4755bdbd-5ad9-49fa-acb7-3a7dcb6a9277,error_ratio,trace_server_error_ratio,0.0
1776462133.63,checkout,4755bdbd-5ad9-49fa-acb7-3a7dcb6a9277,request_count,trace_server_count,0.0
1776462133.63,checkout,bb49e6b9-109a-41b8-be66-ab2a38272474,dependency_error_ratio,trace_client_error_ratio,0.0
1776462133.63,checkout,bb49e6b9-109a-41b8-be66-ab2a38272474,error_ratio,trace_server_error_ratio,0.0
1776462133.63,checkout,bb49e6b9-109a-41b8-be66-ab2a38272474,request_count,trace_server_count,0.0
1776462133.63,checkout,bc5804df-6f63-4261-8788-8ecfe5481366,dependency_error_ratio,trace_client_error_ratio,0.0
1776462133.63,checkout,bc5804df-6f63-4261-8788-8ecfe5481366,error_ratio,trace_server_error_ratio,0.0
1776462133.63,checkout,bc5804df-6f63-4261-8788-8ecfe5481366,request_count,trace_server_count,0.0
1776462133.63,checkout,checkout-7f4ccfc547-6crwh,cpu_usage,container_cpu_usage,0.11438551014905994
1776462133.63,checkout,checkout-7f4ccfc547-6crwh,memory_usage,container_memory_working_set_bytes,14794752.0
1776462133.63,checkout,checkout-7f4ccfc547-ftx2n,cpu_usage,container_cpu_usage,0.000424466772430829
1776462133.63,checkout,checkout-7f4ccfc547-ftx2n,memory_usage,container_memory_working_set_bytes,12271616.0
1776462133.63,checkout,checkout-7f4ccfc547-qlfgr,cpu_usage,container_cpu_usage,0.035322116203782644
1776462133.63,checkout,checkout-7f4ccfc547-qlfgr,memory_usage,container_memory_working_set_bytes,14774272.0
1776462133.63,checkout,checkout::service,pod_restart_count,k8s_container_restarts,45.0
1776462133.63,checkout,checkout::service,pod_running_count,k8s_container_ready,3.0
1776462133.63,email,email-5dcf48b665-66zvj,cpu_usage,container_cpu_usage,0.00614859383144119
1776462133.63,email,email-5dcf48b665-66zvj,memory_usage,container_memory_working_set_bytes,59559936.0
1776462133.63,email,email-5dcf48b665-9xxmx,cpu_usage,container_cpu_usage,0.000444228903976789
1776462133.63,email,email-5dcf48b665-9xxmx,memory_usage,container_memory_working_set_bytes,56287232.0
1776462133.63,email,email-5dcf48b665-n4zf2,cpu_usage,container_cpu_usage,0.011705054475045823
1776462133.63,email,email-5dcf48b665-n4zf2,memory_usage,container_memory_working_set_bytes,54501376.0
1776462133.63,email,email::service,pod_restart_count,k8s_container_restarts,9.0
1776462133.63,email,email::service,pod_running_count,k8s_container_ready,3.0
1776462133.63,email,otel-demo.email-5dcf48b665-66zvj.email,error_ratio,trace_server_error_ratio,0.0
1776462133.63,email,otel-demo.email-5dcf48b665-66zvj.email,request_count,trace_server_count,0.0
1776462133.63,email,otel-demo.email-5dcf48b665-9xxmx.email,error_ratio,trace_server_error_ratio,0.0
1776462133.63,email,otel-demo.email-5dcf48b665-9xxmx.email,request_count,trace_server_count,0.0
1776462133.63,email,otel-demo.email-5dcf48b665-n4zf2.email,error_ratio,trace_server_error_ratio,0.0
1776462133.63,email,otel-demo.email-5dcf48b665-n4zf2.email,request_count,trace_server_count,0.0
1776462133.63,frontend,frontend-b78bf7696-6bjdg,cpu_usage,container_cpu_usage,0.08030734947864138
1776462133.63,frontend,frontend-b78bf7696-6bjdg,memory_usage,container_memory_working_set_bytes,118669312.0
1776462133.63,frontend,frontend-b78bf7696-77ldd,cpu_usage,container_cpu_usage,0.0933568622012454
1776462133.63,frontend,frontend-b78bf7696-77ldd,memory_usage,container_memory_working_set_bytes,109350912.0
1776462133.63,frontend,frontend-b78bf7696-p9kqx,cpu_usage,container_cpu_usage,0.07912816898831818
1776462133.63,frontend,frontend-b78bf7696-p9kqx,memory_usage,container_memory_working_set_bytes,117821440.0
1776462133.63,frontend,frontend::service,pod_restart_count,k8s_container_restarts,3.0
1776462133.63,frontend,frontend::service,pod_running_count,k8s_container_ready,3.0
1776462133.63,frontend,otel-demo.frontend-b78bf7696-6bjdg.frontend,dependency_error_ratio,trace_client_error_ratio,0.0
1776462133.63,frontend,otel-demo.frontend-b78bf7696-6bjdg.frontend,error_ratio,trace_server_error_ratio,0.0
1776462133.63,frontend,otel-demo.frontend-b78bf7696-6bjdg.frontend,http_5xx_ratio,http_server_5xx_ratio,0.0
1776462133.63,frontend,otel-demo.frontend-b78bf7696-6bjdg.frontend,request_count,trace_server_count,0.0
1776462133.63,frontend,otel-demo.frontend-b78bf7696-77ldd.frontend,dependency_error_ratio,trace_client_error_ratio,0.0
1776462133.63,frontend,otel-demo.frontend-b78bf7696-77ldd.frontend,error_ratio,trace_server_error_ratio,0.0
1776462133.63,frontend,otel-demo.frontend-b78bf7696-77ldd.frontend,http_5xx_ratio,http_server_5xx_ratio,0.0
1776462133.63,frontend,otel-demo.frontend-b78bf7696-77ldd.frontend,request_count,trace_server_count,0.0
1776462133.63,frontend,otel-demo.frontend-b78bf7696-p9kqx.frontend,dependency_error_ratio,trace_client_error_ratio,0.0
1776462133.63,frontend,otel-demo.frontend-b78bf7696-p9kqx.frontend,error_ratio,trace_server_error_ratio,0.0
1776462133.63,frontend,otel-demo.frontend-b78bf7696-p9kqx.frontend,http_5xx_ratio,http_server_5xx_ratio,0.0
1776462133.63,frontend,otel-demo.frontend-b78bf7696-p9kqx.frontend,request_count,trace_server_count,0.0
1776462133.63,kafka,kafka-66df8bdf76-zjcbb,cpu_usage,container_cpu_usage,0.010620296237360903
1776462133.63,kafka,kafka-66df8bdf76-zjcbb,memory_usage,container_memory_working_set_bytes,665882624.0
1776462133.63,kafka,kafka::service,pod_restart_count,k8s_container_restarts,9.0
1776462133.63,kafka,kafka::service,pod_running_count,k8s_container_ready,1.0
1776462133.63,kafka,kafka::service,queue_lag,queue_size_ratio,0.0
1776462133.63,payment,otel-demo.payment-f9f8d647b-74h8z.payment,dependency_error_ratio,trace_client_error_ratio,0.0
1776462133.63,payment,otel-demo.payment-f9f8d647b-74h8z.payment,error_ratio,trace_server_error_ratio,0.0
1776462133.63,payment,otel-demo.payment-f9f8d647b-74h8z.payment,request_count,trace_server_count,0.0
1776462133.63,payment,otel-demo.payment-f9f8d647b-75hmx.payment,dependency_error_ratio,trace_client_error_ratio,0.0
1776462133.63,payment,otel-demo.payment-f9f8d647b-75hmx.payment,error_ratio,trace_server_error_ratio,0.0
1776462133.63,payment,otel-demo.payment-f9f8d647b-75hmx.payment,request_count,trace_server_count,0.0
1776462133.63,payment,otel-demo.payment-f9f8d647b-tv6l5.payment,dependency_error_ratio,trace_client_error_ratio,0.0
1776462133.63,payment,otel-demo.payment-f9f8d647b-tv6l5.payment,error_ratio,trace_server_error_ratio,0.0
1776462133.63,payment,otel-demo.payment-f9f8d647b-tv6l5.payment,request_count,trace_server_count,0.0
1776462133.63,payment,payment-f9f8d647b-74h8z,cpu_usage,container_cpu_usage,0.008284120402560899
1776462133.63,payment,payment-f9f8d647b-74h8z,memory_usage,container_memory_working_set_bytes,110383104.0
1776462133.63,payment,payment-f9f8d647b-75hmx,cpu_usage,container_cpu_usage,0.01150644122383197
1776462133.63,payment,payment-f9f8d647b-75hmx,memory_usage,container_memory_working_set_bytes,109899776.0
1776462133.63,payment,payment-f9f8d647b-tv6l5,cpu_usage,container_cpu_usage,0.006835076908378617
1776462133.63,payment,payment-f9f8d647b-tv6l5,memory_usage,container_memory_working_set_bytes,99233792.0
1776462133.63,payment,payment::service,pod_restart_count,k8s_container_restarts,39.0
1776462133.63,payment,payment::service,pod_running_count,k8s_container_ready,3.0
1776462133.63,product-catalog,otel-demo.product-catalog-784544475c-7crs7.product-catalog,dependency_error_ratio,trace_client_error_ratio,0.0
1776462133.63,product-catalog,otel-demo.product-catalog-784544475c-7crs7.product-catalog,error_ratio,trace_server_error_ratio,0.0
1776462133.63,product-catalog,otel-demo.product-catalog-784544475c-7crs7.product-catalog,request_count,trace_server_count,0.0
1776462133.63,product-catalog,otel-demo.product-catalog-784544475c-8skc7.product-catalog,dependency_error_ratio,trace_client_error_ratio,0.0
1776462133.63,product-catalog,otel-demo.product-catalog-784544475c-8skc7.product-catalog,error_ratio,trace_server_error_ratio,0.0
1776462133.63,product-catalog,otel-demo.product-catalog-784544475c-8skc7.product-catalog,request_count,trace_server_count,0.0
1776462133.63,product-catalog,otel-demo.product-catalog-784544475c-stwzc.product-catalog,dependency_error_ratio,trace_client_error_ratio,0.0
1776462133.63,product-catalog,otel-demo.product-catalog-784544475c-stwzc.product-catalog,error_ratio,trace_server_error_ratio,0.0
1776462133.63,product-catalog,otel-demo.product-catalog-784544475c-stwzc.product-catalog,request_count,trace_server_count,0.0
1776462133.63,product-catalog,product-catalog-784544475c-7crs7,cpu_usage,container_cpu_usage,0.024938386317989093
1776462133.63,product-catalog,product-catalog-784544475c-7crs7,memory_usage,container_memory_working_set_bytes,14798848.0
1776462133.63,product-catalog,product-catalog-784544475c-8skc7,cpu_usage,container_cpu_usage,0.07788191901933789
1776462133.63,product-catalog,product-catalog-784544475c-8skc7,memory_usage,container_memory_working_set_bytes,14778368.0
1776462133.63,product-catalog,product-catalog-784544475c-stwzc,cpu_usage,container_cpu_usage,0.0004349561053471669
1776462133.63,product-catalog,product-catalog-784544475c-stwzc,memory_usage,container_memory_working_set_bytes,12587008.0
1776462133.63,product-catalog,product-catalog::service,pod_restart_count,k8s_container_restarts,37.0
1776462133.63,product-catalog,product-catalog::service,pod_running_count,k8s_container_ready,3.0
1776462133.63,recommendation,otel-demo.recommendation-5b46f7469c-g2rgb.recommendation,dependency_error_ratio,trace_client_error_ratio,0.0
1776462133.63,recommendation,otel-demo.recommendation-5b46f7469c-rjwxq.recommendation,dependency_error_ratio,trace_client_error_ratio,0.0
1776462133.63,recommendation,otel-demo.recommendation-5b46f7469c-rjwxq.recommendation,error_ratio,trace_server_error_ratio,0.0
1776462133.63,recommendation,otel-demo.recommendation-5b46f7469c-rjwxq.recommendation,request_count,trace_server_count,0.0
1776462133.63,recommendation,otel-demo.recommendation-5b46f7469c-t2fm9.recommendation,dependency_error_ratio,trace_client_error_ratio,0.0
1776462133.63,recommendation,otel-demo.recommendation-5b46f7469c-t2fm9.recommendation,error_ratio,trace_server_error_ratio,0.0
1776462133.63,recommendation,otel-demo.recommendation-5b46f7469c-t2fm9.recommendation,request_count,trace_server_count,0.0
1776462133.63,recommendation,recommendation-5b46f7469c-g2rgb,cpu_usage,container_cpu_usage,0.009776882427487537
1776462133.63,recommendation,recommendation-5b46f7469c-g2rgb,memory_usage,container_memory_working_set_bytes,46891008.0
1776462133.63,recommendation,recommendation-5b46f7469c-rjwxq,cpu_usage,container_cpu_usage,0.014654577835579776
1776462133.63,recommendation,recommendation-5b46f7469c-rjwxq,memory_usage,container_memory_working_set_bytes,47820800.0
1776462133.63,recommendation,recommendation-5b46f7469c-t2fm9,cpu_usage,container_cpu_usage,0.024609389444913365
1776462133.63,recommendation,recommendation-5b46f7469c-t2fm9,memory_usage,container_memory_working_set_bytes,52568064.0
1776462133.63,recommendation,recommendation::service,pod_restart_count,k8s_container_restarts,3.0
1776462133.63,recommendation,recommendation::service,pod_running_count,k8s_container_ready,3.0
1776462143.63,ad,3a8b9295-6ae2-4e8a-b9b0-a607d7fec0a4,dependency_error_ratio,trace_client_error_ratio,0.0
1776462143.63,ad,3a8b9295-6ae2-4e8a-b9b0-a607d7fec0a4,error_ratio,trace_server_error_ratio,0.0
1776462143.63,ad,3a8b9295-6ae2-4e8a-b9b0-a607d7fec0a4,request_count,trace_server_count,0.0
1776462143.63,ad,5680c7ee-584c-4353-b6d2-93bc605a0324,dependency_error_ratio,trace_client_error_ratio,0.0
1776462143.63,ad,5680c7ee-584c-4353-b6d2-93bc605a0324,error_ratio,trace_server_error_ratio,0.0
1776462143.63,ad,5680c7ee-584c-4353-b6d2-93bc605a0324,request_count,trace_server_count,0.0
1776462143.63,ad,9f9a3c1c-bd3f-40ea-8764-b59f1ebd2204,dependency_error_ratio,trace_client_error_ratio,0.0
1776462143.63,ad,ad-7fb5b4f859-52ks9,cpu_usage,container_cpu_usage,0.0017543250000016995
1776462143.63,ad,ad-7fb5b4f859-52ks9,memory_usage,container_memory_working_set_bytes,260329472.0
1776462143.63,ad,ad-7fb5b4f859-rd4zw,cpu_usage,container_cpu_usage,0.0008998357080472764
1776462143.63,ad,ad-7fb5b4f859-rd4zw,memory_usage,container_memory_working_set_bytes,238280704.0
1776462143.63,ad,ad-7fb5b4f859-zsstr,cpu_usage,container_cpu_usage,0.004195805975468633
1776462143.63,ad,ad-7fb5b4f859-zsstr,memory_usage,container_memory_working_set_bytes,261742592.0
1776462143.63,ad,ad::service,pod_restart_count,k8s_container_restarts,3.0
1776462143.63,ad,ad::service,pod_running_count,k8s_container_ready,3.0
1776462143.63,cart,cart-7c7496d7f-th7mc,cpu_usage,container_cpu_usage,0.05859440421211099
1776462143.63,cart,cart-7c7496d7f-th7mc,memory_usage,container_memory_working_set_bytes,63205376.0
1776462143.63,cart,cart::service,pod_restart_count,k8s_container_restarts,1.0
1776462143.63,cart,cart::service,pod_running_count,k8s_container_ready,1.0
1776462143.63,cart,f1f3afac-3031-4c18-925a-048232421d89,dependency_error_ratio,trace_client_error_ratio,0.0
1776462143.63,cart,f1f3afac-3031-4c18-925a-048232421d89,error_ratio,trace_server_error_ratio,0.0
1776462143.63,cart,f1f3afac-3031-4c18-925a-048232421d89,request_count,trace_server_count,0.0
1776462143.63,checkout,4755bdbd-5ad9-49fa-acb7-3a7dcb6a9277,dependency_error_ratio,trace_client_error_ratio,0.0
1776462143.63,checkout,4755bdbd-5ad9-49fa-acb7-3a7dcb6a9277,error_ratio,trace_server_error_ratio,0.0
1776462143.63,checkout,4755bdbd-5ad9-49fa-acb7-3a7dcb6a9277,request_count,trace_server_count,0.0
1776462143.63,checkout,bb49e6b9-109a-41b8-be66-ab2a38272474,dependency_error_ratio,trace_client_error_ratio,0.0
1776462143.63,checkout,bb49e6b9-109a-41b8-be66-ab2a38272474,error_ratio,trace_server_error_ratio,0.0
1776462143.63,checkout,bb49e6b9-109a-41b8-be66-ab2a38272474,request_count,trace_server_count,0.0
1776462143.63,checkout,bc5804df-6f63-4261-8788-8ecfe5481366,dependency_error_ratio,trace_client_error_ratio,0.0
1776462143.63,checkout,bc5804df-6f63-4261-8788-8ecfe5481366,error_ratio,trace_server_error_ratio,0.0
1776462143.63,checkout,bc5804df-6f63-4261-8788-8ecfe5481366,request_count,trace_server_count,0.0
1776462143.63,checkout,checkout-7f4ccfc547-6crwh,cpu_usage,container_cpu_usage,0.1049451322115416
1776462143.63,checkout,checkout-7f4ccfc547-6crwh,memory_usage,container_memory_working_set_bytes,14794752.0
1776462143.63,checkout,checkout-7f4ccfc547-ftx2n,cpu_usage,container_cpu_usage,0.000424466772430829
1776462143.63,checkout,checkout-7f4ccfc547-ftx2n,memory_usage,container_memory_working_set_bytes,12271616.0
1776462143.63,checkout,checkout-7f4ccfc547-qlfgr,cpu_usage,container_cpu_usage,0.04528624263631157
1776462143.63,checkout,checkout-7f4ccfc547-qlfgr,memory_usage,container_memory_working_set_bytes,14745600.0
1776462143.63,checkout,checkout::service,pod_restart_count,k8s_container_restarts,45.0
1776462143.63,checkout,checkout::service,pod_running_count,k8s_container_ready,3.0
1776462143.63,email,email-5dcf48b665-66zvj,cpu_usage,container_cpu_usage,0.005322230301892142
1776462143.63,email,email-5dcf48b665-66zvj,memory_usage,container_memory_working_set_bytes,59502592.0
1776462143.63,email,email-5dcf48b665-9xxmx,cpu_usage,container_cpu_usage,0.00042529659770532943
1776462143.63,email,email-5dcf48b665-9xxmx,memory_usage,container_memory_working_set_bytes,56283136.0
1776462143.63,email,email-5dcf48b665-n4zf2,cpu_usage,container_cpu_usage,0.013981307858971998
1776462143.63,email,email-5dcf48b665-n4zf2,memory_usage,container_memory_working_set_bytes,54513664.0
1776462143.63,email,email::service,pod_restart_count,k8s_container_restarts,9.0
1776462143.63,email,email::service,pod_running_count,k8s_container_ready,3.0
1776462143.63,email,otel-demo.email-5dcf48b665-66zvj.email,error_ratio,trace_server_error_ratio,0.0
1776462143.63,email,otel-demo.email-5dcf48b665-66zvj.email,request_count,trace_server_count,0.0
1776462143.63,email,otel-demo.email-5dcf48b665-9xxmx.email,error_ratio,trace_server_error_ratio,0.0
1776462143.63,email,otel-demo.email-5dcf48b665-9xxmx.email,request_count,trace_server_count,0.0
1776462143.63,email,otel-demo.email-5dcf48b665-n4zf2.email,error_ratio,trace_server_error_ratio,0.0
1776462143.63,email,otel-demo.email-5dcf48b665-n4zf2.email,request_count,trace_server_count,0.0
1776462143.63,frontend,frontend-b78bf7696-6bjdg,cpu_usage,container_cpu_usage,0.08030734947864138
1776462143.63,frontend,frontend-b78bf7696-6bjdg,memory_usage,container_memory_working_set_bytes,118669312.0
1776462143.63,frontend,frontend-b78bf7696-77ldd,cpu_usage,container_cpu_usage,0.0933568622012454
1776462143.63,frontend,frontend-b78bf7696-77ldd,memory_usage,container_memory_working_set_bytes,109350912.0
1776462143.63,frontend,frontend-b78bf7696-p9kqx,cpu_usage,container_cpu_usage,0.09588125701460135
1776462143.63,frontend,frontend-b78bf7696-p9kqx,memory_usage,container_memory_working_set_bytes,115957760.0
1776462143.63,frontend,frontend::service,pod_restart_count,k8s_container_restarts,3.0
1776462143.63,frontend,frontend::service,pod_running_count,k8s_container_ready,3.0
1776462143.63,frontend,otel-demo.frontend-b78bf7696-6bjdg.frontend,dependency_error_ratio,trace_client_error_ratio,0.0
1776462143.63,frontend,otel-demo.frontend-b78bf7696-6bjdg.frontend,error_ratio,trace_server_error_ratio,0.0
1776462143.63,frontend,otel-demo.frontend-b78bf7696-6bjdg.frontend,http_5xx_ratio,http_server_5xx_ratio,0.0
1776462143.63,frontend,otel-demo.frontend-b78bf7696-6bjdg.frontend,request_count,trace_server_count,0.0
1776462143.63,frontend,otel-demo.frontend-b78bf7696-77ldd.frontend,dependency_error_ratio,trace_client_error_ratio,0.0
1776462143.63,frontend,otel-demo.frontend-b78bf7696-77ldd.frontend,error_ratio,trace_server_error_ratio,0.0
1776462143.63,frontend,otel-demo.frontend-b78bf7696-77ldd.frontend,http_5xx_ratio,http_server_5xx_ratio,0.0
1776462143.63,frontend,otel-demo.frontend-b78bf7696-77ldd.frontend,request_count,trace_server_count,0.0
1776462143.63,frontend,otel-demo.frontend-b78bf7696-p9kqx.frontend,dependency_error_ratio,trace_client_error_ratio,0.0
1776462143.63,frontend,otel-demo.frontend-b78bf7696-p9kqx.frontend,error_ratio,trace_server_error_ratio,0.0
1776462143.63,frontend,otel-demo.frontend-b78bf7696-p9kqx.frontend,http_5xx_ratio,http_server_5xx_ratio,0.0
1776462143.63,frontend,otel-demo.frontend-b78bf7696-p9kqx.frontend,request_count,trace_server_count,0.0
1776462143.63,kafka,kafka-66df8bdf76-zjcbb,cpu_usage,container_cpu_usage,0.013801005316178665
1776462143.63,kafka,kafka-66df8bdf76-zjcbb,memory_usage,container_memory_working_set_bytes,665780224.0
1776462143.63,kafka,kafka::service,pod_restart_count,k8s_container_restarts,9.0
1776462143.63,kafka,kafka::service,pod_running_count,k8s_container_ready,1.0
1776462143.63,kafka,kafka::service,queue_lag,queue_size_ratio,0.0
1776462143.63,payment,otel-demo.payment-f9f8d647b-74h8z.payment,dependency_error_ratio,trace_client_error_ratio,0.0
1776462143.63,payment,otel-demo.payment-f9f8d647b-74h8z.payment,error_ratio,trace_server_error_ratio,0.0
1776462143.63,payment,otel-demo.payment-f9f8d647b-74h8z.payment,request_count,trace_server_count,0.0
1776462143.63,payment,otel-demo.payment-f9f8d647b-75hmx.payment,dependency_error_ratio,trace_client_error_ratio,0.0
1776462143.63,payment,otel-demo.payment-f9f8d647b-75hmx.payment,error_ratio,trace_server_error_ratio,0.0
1776462143.63,payment,otel-demo.payment-f9f8d647b-75hmx.payment,request_count,trace_server_count,0.0
1776462143.63,payment,otel-demo.payment-f9f8d647b-tv6l5.payment,dependency_error_ratio,trace_client_error_ratio,0.0
1776462143.63,payment,otel-demo.payment-f9f8d647b-tv6l5.payment,error_ratio,trace_server_error_ratio,0.0
1776462143.63,payment,otel-demo.payment-f9f8d647b-tv6l5.payment,request_count,trace_server_count,0.0
1776462143.63,payment,payment-f9f8d647b-74h8z,cpu_usage,container_cpu_usage,0.010251849235779875
1776462143.63,payment,payment-f9f8d647b-74h8z,memory_usage,container_memory_working_set_bytes,110489600.0
1776462143.63,payment,payment-f9f8d647b-75hmx,cpu_usage,container_cpu_usage,0.01173711494666128
1776462143.63,payment,payment-f9f8d647b-75hmx,memory_usage,container_memory_working_set_bytes,109899776.0
1776462143.63,payment,payment-f9f8d647b-tv6l5,cpu_usage,container_cpu_usage,0.007179177227529887
1776462143.63,payment,payment-f9f8d647b-tv6l5,memory_usage,container_memory_working_set_bytes,99250176.0
1776462143.63,payment,payment::service,pod_restart_count,k8s_container_restarts,39.0
1776462143.63,payment,payment::service,pod_running_count,k8s_container_ready,3.0
1776462143.63,product-catalog,otel-demo.product-catalog-784544475c-7crs7.product-catalog,dependency_error_ratio,trace_client_error_ratio,0.0
1776462143.63,product-catalog,otel-demo.product-catalog-784544475c-7crs7.product-catalog,error_ratio,trace_server_error_ratio,0.0
1776462143.63,product-catalog,otel-demo.product-catalog-784544475c-7crs7.product-catalog,request_count,trace_server_count,0.0
1776462143.63,product-catalog,otel-demo.product-catalog-784544475c-8skc7.product-catalog,dependency_error_ratio,trace_client_error_ratio,0.0
1776462143.63,product-catalog,otel-demo.product-catalog-784544475c-8skc7.product-catalog,error_ratio,trace_server_error_ratio,0.0
1776462143.63,product-catalog,otel-demo.product-catalog-784544475c-8skc7.product-catalog,request_count,trace_server_count,0.0
1776462143.63,product-catalog,otel-demo.product-catalog-784544475c-stwzc.product-catalog,dependency_error_ratio,trace_client_error_ratio,0.0
1776462143.63,product-catalog,otel-demo.product-catalog-784544475c-stwzc.product-catalog,error_ratio,trace_server_error_ratio,0.0
1776462143.63,product-catalog,otel-demo.product-catalog-784544475c-stwzc.product-catalog,request_count,trace_server_count,0.0
1776462143.63,product-catalog,product-catalog-784544475c-7crs7,cpu_usage,container_cpu_usage,0.02664370611691577
1776462143.63,product-catalog,product-catalog-784544475c-7crs7,memory_usage,container_memory_working_set_bytes,14798848.0
1776462143.63,product-catalog,product-catalog-784544475c-8skc7,cpu_usage,container_cpu_usage,0.0798684485395539
1776462143.63,product-catalog,product-catalog-784544475c-8skc7,memory_usage,container_memory_working_set_bytes,14712832.0
1776462143.63,product-catalog,product-catalog-784544475c-stwzc,cpu_usage,container_cpu_usage,0.00041576624562471504
1776462143.63,product-catalog,product-catalog-784544475c-stwzc,memory_usage,container_memory_working_set_bytes,12587008.0
1776462143.63,product-catalog,product-catalog::service,pod_restart_count,k8s_container_restarts,37.0
1776462143.63,product-catalog,product-catalog::service,pod_running_count,k8s_container_ready,3.0
1776462143.63,recommendation,otel-demo.recommendation-5b46f7469c-g2rgb.recommendation,dependency_error_ratio,trace_client_error_ratio,0.0
1776462143.63,recommendation,otel-demo.recommendation-5b46f7469c-rjwxq.recommendation,dependency_error_ratio,trace_client_error_ratio,0.0
1776462143.63,recommendation,otel-demo.recommendation-5b46f7469c-rjwxq.recommendation,error_ratio,trace_server_error_ratio,0.0
1776462143.63,recommendation,otel-demo.recommendation-5b46f7469c-rjwxq.recommendation,request_count,trace_server_count,0.0
1776462143.63,recommendation,otel-demo.recommendation-5b46f7469c-t2fm9.recommendation,dependency_error_ratio,trace_client_error_ratio,0.0
1776462143.63,recommendation,otel-demo.recommendation-5b46f7469c-t2fm9.recommendation,error_ratio,trace_server_error_ratio,0.0
1776462143.63,recommendation,otel-demo.recommendation-5b46f7469c-t2fm9.recommendation,request_count,trace_server_count,0.0
1776462143.63,recommendation,recommendation-5b46f7469c-g2rgb,cpu_usage,container_cpu_usage,0.010716094584287173
1776462143.63,recommendation,recommendation-5b46f7469c-g2rgb,memory_usage,container_memory_working_set_bytes,46891008.0
1776462143.63,recommendation,recommendation-5b46f7469c-rjwxq,cpu_usage,container_cpu_usage,0.01838640521380926
1776462143.63,recommendation,recommendation-5b46f7469c-rjwxq,memory_usage,container_memory_working_set_bytes,47820800.0
1776462143.63,recommendation,recommendation-5b46f7469c-t2fm9,cpu_usage,container_cpu_usage,0.020938775742761817
1776462143.63,recommendation,recommendation-5b46f7469c-t2fm9,memory_usage,container_memory_working_set_bytes,52568064.0
1776462143.63,recommendation,recommendation::service,pod_restart_count,k8s_container_restarts,3.0
1776462143.63,recommendation,recommendation::service,pod_running_count,k8s_container_ready,3.0
1776462153.63,ad,3a8b9295-6ae2-4e8a-b9b0-a607d7fec0a4,dependency_error_ratio,trace_client_error_ratio,0.0
1776462153.63,ad,3a8b9295-6ae2-4e8a-b9b0-a607d7fec0a4,error_ratio,trace_server_error_ratio,0.0
1776462153.63,ad,3a8b9295-6ae2-4e8a-b9b0-a607d7fec0a4,request_count,trace_server_count,0.0
1776462153.63,ad,5680c7ee-584c-4353-b6d2-93bc605a0324,dependency_error_ratio,trace_client_error_ratio,0.0
1776462153.63,ad,5680c7ee-584c-4353-b6d2-93bc605a0324,error_ratio,trace_server_error_ratio,0.0
1776462153.63,ad,5680c7ee-584c-4353-b6d2-93bc605a0324,request_count,trace_server_count,0.0
1776462153.63,ad,9f9a3c1c-bd3f-40ea-8764-b59f1ebd2204,dependency_error_ratio,trace_client_error_ratio,0.0
1776462153.63,ad,ad-7fb5b4f859-52ks9,cpu_usage,container_cpu_usage,0.002763783711965311
1776462153.63,ad,ad-7fb5b4f859-52ks9,memory_usage,container_memory_working_set_bytes,260329472.0
1776462153.63,ad,ad-7fb5b4f859-rd4zw,cpu_usage,container_cpu_usage,0.001270431004211878
1776462153.63,ad,ad-7fb5b4f859-rd4zw,memory_usage,container_memory_working_set_bytes,238280704.0
1776462153.63,ad,ad-7fb5b4f859-zsstr,cpu_usage,container_cpu_usage,0.004195805975468633
1776462153.63,ad,ad-7fb5b4f859-zsstr,memory_usage,container_memory_working_set_bytes,261742592.0
1776462153.63,ad,ad::service,pod_restart_count,k8s_container_restarts,3.0
1776462153.63,ad,ad::service,pod_running_count,k8s_container_ready,3.0
1776462153.63,cart,cart-7c7496d7f-th7mc,cpu_usage,container_cpu_usage,0.05910450573925083
1776462153.63,cart,cart-7c7496d7f-th7mc,memory_usage,container_memory_working_set_bytes,63205376.0
1776462153.63,cart,cart::service,pod_restart_count,k8s_container_restarts,1.0
1776462153.63,cart,cart::service,pod_running_count,k8s_container_ready,1.0
1776462153.63,cart,f1f3afac-3031-4c18-925a-048232421d89,dependency_error_ratio,trace_client_error_ratio,0.0
1776462153.63,cart,f1f3afac-3031-4c18-925a-048232421d89,error_ratio,trace_server_error_ratio,0.0
1776462153.63,cart,f1f3afac-3031-4c18-925a-048232421d89,request_count,trace_server_count,0.0
1776462153.63,checkout,4755bdbd-5ad9-49fa-acb7-3a7dcb6a9277,dependency_error_ratio,trace_client_error_ratio,0.0
1776462153.63,checkout,4755bdbd-5ad9-49fa-acb7-3a7dcb6a9277,error_ratio,trace_server_error_ratio,0.0
1776462153.63,checkout,4755bdbd-5ad9-49fa-acb7-3a7dcb6a9277,request_count,trace_server_count,0.0
1776462153.63,checkout,bb49e6b9-109a-41b8-be66-ab2a38272474,dependency_error_ratio,trace_client_error_ratio,0.0
1776462153.63,checkout,bb49e6b9-109a-41b8-be66-ab2a38272474,error_ratio,trace_server_error_ratio,0.0
1776462153.63,checkout,bb49e6b9-109a-41b8-be66-ab2a38272474,request_count,trace_server_count,0.0
1776462153.63,checkout,bc5804df-6f63-4261-8788-8ecfe5481366,dependency_error_ratio,trace_client_error_ratio,0.0
1776462153.63,checkout,bc5804df-6f63-4261-8788-8ecfe5481366,error_ratio,trace_server_error_ratio,0.0
1776462153.63,checkout,bc5804df-6f63-4261-8788-8ecfe5481366,request_count,trace_server_count,0.0
1776462153.63,checkout,checkout-7f4ccfc547-6crwh,cpu_usage,container_cpu_usage,0.116091955614456
1776462153.63,checkout,checkout-7f4ccfc547-6crwh,memory_usage,container_memory_working_set_bytes,15085568.0
1776462153.63,checkout,checkout-7f4ccfc547-ftx2n,cpu_usage,container_cpu_usage,0.00046753388420736993
1776462153.63,checkout,checkout-7f4ccfc547-ftx2n,memory_usage,container_memory_working_set_bytes,12271616.0
1776462153.63,checkout,checkout-7f4ccfc547-qlfgr,cpu_usage,container_cpu_usage,0.050699330963368525
1776462153.63,checkout,checkout-7f4ccfc547-qlfgr,memory_usage,container_memory_working_set_bytes,14712832.0
1776462153.63,checkout,checkout::service,pod_restart_count,k8s_container_restarts,45.0
1776462153.63,checkout,checkout::service,pod_running_count,k8s_container_ready,3.0
1776462153.63,email,email-5dcf48b665-66zvj,cpu_usage,container_cpu_usage,0.005322230301892142
1776462153.63,email,email-5dcf48b665-66zvj,memory_usage,container_memory_working_set_bytes,59502592.0
1776462153.63,email,email-5dcf48b665-9xxmx,cpu_usage,container_cpu_usage,0.00046291614551361115
1776462153.63,email,email-5dcf48b665-9xxmx,memory_usage,container_memory_working_set_bytes,56283136.0
1776462153.63,email,email-5dcf48b665-n4zf2,cpu_usage,container_cpu_usage,0.015271572260455486
1776462153.63,email,email-5dcf48b665-n4zf2,memory_usage,container_memory_working_set_bytes,54566912.0
1776462153.63,email,email::service,pod_restart_count,k8s_container_restarts,9.0
1776462153.63,email,email::service,pod_running_count,k8s_container_ready,3.0
1776462153.63,email,otel-demo.email-5dcf48b665-66zvj.email,error_ratio,trace_server_error_ratio,0.0
1776462153.63,email,otel-demo.email-5dcf48b665-66zvj.email,request_count,trace_server_count,0.0
1776462153.63,email,otel-demo.email-5dcf48b665-9xxmx.email,error_ratio,trace_server_error_ratio,0.0
1776462153.63,email,otel-demo.email-5dcf48b665-9xxmx.email,request_count,trace_server_count,0.0
1776462153.63,email,otel-demo.email-5dcf48b665-n4zf2.email,error_ratio,trace_server_error_ratio,0.0
1776462153.63,email,otel-demo.email-5dcf48b665-n4zf2.email,request_count,trace_server_count,0.0
1776462153.63,frontend,frontend-b78bf7696-6bjdg,cpu_usage,container_cpu_usage,0.047734116226912454
1776462153.63,frontend,frontend-b78bf7696-6bjdg,memory_usage,container_memory_working_set_bytes,118669312.0
1776462153.63,frontend,frontend-b78bf7696-77ldd,cpu_usage,container_cpu_usage,0.12093667784676203
1776462153.63,frontend,frontend-b78bf7696-77ldd,memory_usage,container_memory_working_set_bytes,107237376.0
1776462153.63,frontend,frontend-b78bf7696-p9kqx,cpu_usage,container_cpu_usage,0.09588125701460133
1776462153.63,frontend,frontend-b78bf7696-p9kqx,memory_usage,container_memory_working_set_bytes,115957760.0
1776462153.63,frontend,frontend::service,pod_restart_count,k8s_container_restarts,3.0
1776462153.63,frontend,frontend::service,pod_running_count,k8s_container_ready,3.0
1776462153.63,frontend,otel-demo.frontend-b78bf7696-6bjdg.frontend,dependency_error_ratio,trace_client_error_ratio,0.0
1776462153.63,frontend,otel-demo.frontend-b78bf7696-6bjdg.frontend,error_ratio,trace_server_error_ratio,0.0
1776462153.63,frontend,otel-demo.frontend-b78bf7696-6bjdg.frontend,http_5xx_ratio,http_server_5xx_ratio,0.0
1776462153.63,frontend,otel-demo.frontend-b78bf7696-6bjdg.frontend,request_count,trace_server_count,0.0
1776462153.63,frontend,otel-demo.frontend-b78bf7696-77ldd.frontend,dependency_error_ratio,trace_client_error_ratio,0.0
1776462153.63,frontend,otel-demo.frontend-b78bf7696-77ldd.frontend,error_ratio,trace_server_error_ratio,0.0
1776462153.63,frontend,otel-demo.frontend-b78bf7696-77ldd.frontend,http_5xx_ratio,http_server_5xx_ratio,0.0
1776462153.63,frontend,otel-demo.frontend-b78bf7696-77ldd.frontend,request_count,trace_server_count,0.0
1776462153.63,frontend,otel-demo.frontend-b78bf7696-p9kqx.frontend,dependency_error_ratio,trace_client_error_ratio,0.0
1776462153.63,frontend,otel-demo.frontend-b78bf7696-p9kqx.frontend,error_ratio,trace_server_error_ratio,0.0
1776462153.63,frontend,otel-demo.frontend-b78bf7696-p9kqx.frontend,http_5xx_ratio,http_server_5xx_ratio,0.0
1776462153.63,frontend,otel-demo.frontend-b78bf7696-p9kqx.frontend,request_count,trace_server_count,0.0
1776462153.63,kafka,kafka-66df8bdf76-zjcbb,cpu_usage,container_cpu_usage,0.013801005316178665
1776462153.63,kafka,kafka-66df8bdf76-zjcbb,memory_usage,container_memory_working_set_bytes,665780224.0
1776462153.63,kafka,kafka::service,pod_restart_count,k8s_container_restarts,9.0
1776462153.63,kafka,kafka::service,pod_running_count,k8s_container_ready,1.0
1776462153.63,kafka,kafka::service,queue_lag,queue_size_ratio,0.0
1776462153.63,payment,otel-demo.payment-f9f8d647b-74h8z.payment,dependency_error_ratio,trace_client_error_ratio,0.0
1776462153.63,payment,otel-demo.payment-f9f8d647b-74h8z.payment,error_ratio,trace_server_error_ratio,0.0
1776462153.63,payment,otel-demo.payment-f9f8d647b-74h8z.payment,request_count,trace_server_count,0.0
1776462153.63,payment,otel-demo.payment-f9f8d647b-75hmx.payment,dependency_error_ratio,trace_client_error_ratio,0.0
1776462153.63,payment,otel-demo.payment-f9f8d647b-75hmx.payment,error_ratio,trace_server_error_ratio,0.0
1776462153.63,payment,otel-demo.payment-f9f8d647b-75hmx.payment,request_count,trace_server_count,0.0
1776462153.63,payment,otel-demo.payment-f9f8d647b-tv6l5.payment,dependency_error_ratio,trace_client_error_ratio,0.0
1776462153.63,payment,otel-demo.payment-f9f8d647b-tv6l5.payment,error_ratio,trace_server_error_ratio,0.0
1776462153.63,payment,otel-demo.payment-f9f8d647b-tv6l5.payment,request_count,trace_server_count,0.0
1776462153.63,payment,payment-f9f8d647b-74h8z,cpu_usage,container_cpu_usage,0.011408029779314086
1776462153.63,payment,payment-f9f8d647b-74h8z,memory_usage,container_memory_working_set_bytes,110489600.0
1776462153.63,payment,payment-f9f8d647b-75hmx,cpu_usage,container_cpu_usage,0.012884794150249592
1776462153.63,payment,payment-f9f8d647b-75hmx,memory_usage,container_memory_working_set_bytes,109903872.0
1776462153.63,payment,payment-f9f8d647b-tv6l5,cpu_usage,container_cpu_usage,0.007179177227529887
1776462153.63,payment,payment-f9f8d647b-tv6l5,memory_usage,container_memory_working_set_bytes,99250176.0
1776462153.63,payment,payment::service,pod_restart_count,k8s_container_restarts,39.0
1776462153.63,payment,payment::service,pod_running_count,k8s_container_ready,3.0
1776462153.63,product-catalog,otel-demo.product-catalog-784544475c-7crs7.product-catalog,dependency_error_ratio,trace_client_error_ratio,0.0
1776462153.63,product-catalog,otel-demo.product-catalog-784544475c-7crs7.product-catalog,error_ratio,trace_server_error_ratio,0.0
1776462153.63,product-catalog,otel-demo.product-catalog-784544475c-7crs7.product-catalog,request_count,trace_server_count,0.0
1776462153.63,product-catalog,otel-demo.product-catalog-784544475c-8skc7.product-catalog,dependency_error_ratio,trace_client_error_ratio,0.0
1776462153.63,product-catalog,otel-demo.product-catalog-784544475c-8skc7.product-catalog,error_ratio,trace_server_error_ratio,0.0
1776462153.63,product-catalog,otel-demo.product-catalog-784544475c-8skc7.product-catalog,request_count,trace_server_count,0.0
1776462153.63,product-catalog,otel-demo.product-catalog-784544475c-stwzc.product-catalog,dependency_error_ratio,trace_client_error_ratio,0.0
1776462153.63,product-catalog,otel-demo.product-catalog-784544475c-stwzc.product-catalog,error_ratio,trace_server_error_ratio,0.0
1776462153.63,product-catalog,otel-demo.product-catalog-784544475c-stwzc.product-catalog,request_count,trace_server_count,0.0
1776462153.63,product-catalog,product-catalog-784544475c-7crs7,cpu_usage,container_cpu_usage,0.03163044470256368
1776462153.63,product-catalog,product-catalog-784544475c-7crs7,memory_usage,container_memory_working_set_bytes,14958592.0
1776462153.63,product-catalog,product-catalog-784544475c-8skc7,cpu_usage,container_cpu_usage,0.07304544354512592
1776462153.63,product-catalog,product-catalog-784544475c-8skc7,memory_usage,container_memory_working_set_bytes,14712832.0
1776462153.63,product-catalog,product-catalog-784544475c-stwzc,cpu_usage,container_cpu_usage,0.00041130731022286934
1776462153.63,product-catalog,product-catalog-784544475c-stwzc,memory_usage,container_memory_working_set_bytes,12587008.0
1776462153.63,product-catalog,product-catalog::service,pod_restart_count,k8s_container_restarts,37.0
1776462153.63,product-catalog,product-catalog::service,pod_running_count,k8s_container_ready,3.0
1776462153.63,recommendation,otel-demo.recommendation-5b46f7469c-g2rgb.recommendation,dependency_error_ratio,trace_client_error_ratio,0.0
1776462153.63,recommendation,otel-demo.recommendation-5b46f7469c-rjwxq.recommendation,dependency_error_ratio,trace_client_error_ratio,0.0
1776462153.63,recommendation,otel-demo.recommendation-5b46f7469c-rjwxq.recommendation,error_ratio,trace_server_error_ratio,0.0
1776462153.63,recommendation,otel-demo.recommendation-5b46f7469c-rjwxq.recommendation,request_count,trace_server_count,0.0
1776462153.63,recommendation,otel-demo.recommendation-5b46f7469c-t2fm9.recommendation,dependency_error_ratio,trace_client_error_ratio,0.0
1776462153.63,recommendation,otel-demo.recommendation-5b46f7469c-t2fm9.recommendation,error_ratio,trace_server_error_ratio,0.0
1776462153.63,recommendation,otel-demo.recommendation-5b46f7469c-t2fm9.recommendation,request_count,trace_server_count,0.0
1776462153.63,recommendation,recommendation-5b46f7469c-g2rgb,cpu_usage,container_cpu_usage,0.010716094584287173
1776462153.63,recommendation,recommendation-5b46f7469c-g2rgb,memory_usage,container_memory_working_set_bytes,46891008.0
1776462153.63,recommendation,recommendation-5b46f7469c-rjwxq,cpu_usage,container_cpu_usage,0.018467464215415404
1776462153.63,recommendation,recommendation-5b46f7469c-rjwxq,memory_usage,container_memory_working_set_bytes,47849472.0
1776462153.63,recommendation,recommendation-5b46f7469c-t2fm9,cpu_usage,container_cpu_usage,0.02679200047009888
1776462153.63,recommendation,recommendation-5b46f7469c-t2fm9,memory_usage,container_memory_working_set_bytes,52518912.0
1776462153.63,recommendation,recommendation::service,pod_restart_count,k8s_container_restarts,3.0
1776462153.63,recommendation,recommendation::service,pod_running_count,k8s_container_ready,3.0
1776462163.63,ad,3a8b9295-6ae2-4e8a-b9b0-a607d7fec0a4,dependency_error_ratio,trace_client_error_ratio,0.0
1776462163.63,ad,3a8b9295-6ae2-4e8a-b9b0-a607d7fec0a4,error_ratio,trace_server_error_ratio,0.0
1776462163.63,ad,3a8b9295-6ae2-4e8a-b9b0-a607d7fec0a4,latency_p95,trace_server_latency_p95,1.9962025316455694
1776462163.63,ad,3a8b9295-6ae2-4e8a-b9b0-a607d7fec0a4,request_count,trace_server_count,8.3
1776462163.63,ad,5680c7ee-584c-4353-b6d2-93bc605a0324,dependency_error_ratio,trace_client_error_ratio,0.0
1776462163.63,ad,5680c7ee-584c-4353-b6d2-93bc605a0324,error_ratio,trace_server_error_ratio,0.0
1776462163.63,ad,5680c7ee-584c-4353-b6d2-93bc605a0324,latency_p95,trace_server_latency_p95,3.0222222222222213
1776462163.63,ad,5680c7ee-584c-4353-b6d2-93bc605a0324,request_count,trace_server_count,24.8
1776462163.63,ad,9f9a3c1c-bd3f-40ea-8764-b59f1ebd2204,dependency_error_ratio,trace_client_error_ratio,0.0
1776462163.63,ad,ad-7fb5b4f859-52ks9,cpu_usage,container_cpu_usage,0.0027538575837164677
1776462163.63,ad,ad-7fb5b4f859-52ks9,memory_usage,container_memory_working_set_bytes,260329472.0
1776462163.63,ad,ad-7fb5b4f859-rd4zw,cpu_usage,container_cpu_usage,0.001270431004211878
1776462163.63,ad,ad-7fb5b4f859-rd4zw,memory_usage,container_memory_working_set_bytes,238280704.0
1776462163.63,ad,ad-7fb5b4f859-zsstr,cpu_usage,container_cpu_usage,0.004544095766266924
1776462163.63,ad,ad-7fb5b4f859-zsstr,memory_usage,container_memory_working_set_bytes,261742592.0
1776462163.63,ad,ad::service,pod_restart_count,k8s_container_restarts,3.0
1776462163.63,ad,ad::service,pod_running_count,k8s_container_ready,3.0
1776462163.63,cart,cart-7c7496d7f-th7mc,cpu_usage,container_cpu_usage,0.05843726149545059
1776462163.63,cart,cart-7c7496d7f-th7mc,memory_usage,container_memory_working_set_bytes,63168512.0
1776462163.63,cart,cart::service,pod_restart_count,k8s_container_restarts,1.0
1776462163.63,cart,cart::service,pod_running_count,k8s_container_ready,1.0
1776462163.63,cart,f1f3afac-3031-4c18-925a-048232421d89,dependency_error_ratio,trace_client_error_ratio,0.0
1776462163.63,cart,f1f3afac-3031-4c18-925a-048232421d89,error_ratio,trace_server_error_ratio,0.0
1776462163.63,cart,f1f3afac-3031-4c18-925a-048232421d89,latency_p95,trace_server_latency_p95,3.621604938271604
1776462163.63,cart,f1f3afac-3031-4c18-925a-048232421d89,request_count,trace_server_count,195.3
1776462163.63,checkout,4755bdbd-5ad9-49fa-acb7-3a7dcb6a9277,dependency_error_ratio,trace_client_error_ratio,0.0
1776462163.63,checkout,4755bdbd-5ad9-49fa-acb7-3a7dcb6a9277,error_ratio,trace_server_error_ratio,0.0
1776462163.63,checkout,4755bdbd-5ad9-49fa-acb7-3a7dcb6a9277,latency_p95,trace_server_latency_p95,54.99999999999995
1776462163.63,checkout,4755bdbd-5ad9-49fa-acb7-3a7dcb6a9277,request_count,trace_server_count,12.8
1776462163.63,checkout,bb49e6b9-109a-41b8-be66-ab2a38272474,dependency_error_ratio,trace_client_error_ratio,0.0
1776462163.63,checkout,bb49e6b9-109a-41b8-be66-ab2a38272474,error_ratio,trace_server_error_ratio,0.0
1776462163.63,checkout,bb49e6b9-109a-41b8-be66-ab2a38272474,request_count,trace_server_count,0.0
1776462163.63,checkout,bc5804df-6f63-4261-8788-8ecfe5481366,dependency_error_ratio,trace_client_error_ratio,0.0
1776462163.63,checkout,bc5804df-6f63-4261-8788-8ecfe5481366,error_ratio,trace_server_error_ratio,0.0
1776462163.63,checkout,bc5804df-6f63-4261-8788-8ecfe5481366,latency_p95,trace_server_latency_p95,49.48051948051948
1776462163.63,checkout,bc5804df-6f63-4261-8788-8ecfe5481366,request_count,trace_server_count,8.0
1776462163.63,checkout,checkout-7f4ccfc547-6crwh,cpu_usage,container_cpu_usage,0.11375712927756797
1776462163.63,checkout,checkout-7f4ccfc547-6crwh,memory_usage,container_memory_working_set_bytes,15085568.0
1776462163.63,checkout,checkout-7f4ccfc547-ftx2n,cpu_usage,container_cpu_usage,0.0004928448997488844
1776462163.63,checkout,checkout-7f4ccfc547-ftx2n,memory_usage,container_memory_working_set_bytes,12271616.0
1776462163.63,checkout,checkout-7f4ccfc547-qlfgr,cpu_usage,container_cpu_usage,0.03586850000000013
1776462163.63,checkout,checkout-7f4ccfc547-qlfgr,memory_usage,container_memory_working_set_bytes,14712832.0
1776462163.63,checkout,checkout::service,pod_restart_count,k8s_container_restarts,45.0
1776462163.63,checkout,checkout::service,pod_running_count,k8s_container_ready,3.0
1776462163.63,email,email-5dcf48b665-66zvj,cpu_usage,container_cpu_usage,0.0021007884362674815
1776462163.63,email,email-5dcf48b665-66zvj,memory_usage,container_memory_working_set_bytes,59502592.0
1776462163.63,email,email-5dcf48b665-9xxmx,cpu_usage,container_cpu_usage,0.00039222577491173646
1776462163.63,email,email-5dcf48b665-9xxmx,memory_usage,container_memory_working_set_bytes,56283136.0
1776462163.63,email,email-5dcf48b665-n4zf2,cpu_usage,container_cpu_usage,0.015271572260455486
1776462163.63,email,email-5dcf48b665-n4zf2,memory_usage,container_memory_working_set_bytes,54566912.0
1776462163.63,email,email::service,pod_restart_count,k8s_container_restarts,9.0
1776462163.63,email,email::service,pod_running_count,k8s_container_ready,3.0
1776462163.63,email,otel-demo.email-5dcf48b665-66zvj.email,error_ratio,trace_server_error_ratio,0.0
1776462163.63,email,otel-demo.email-5dcf48b665-66zvj.email,latency_p95,trace_server_latency_p95,5.399999999999999
1776462163.63,email,otel-demo.email-5dcf48b665-66zvj.email,request_count,trace_server_count,3.6
1776462163.63,email,otel-demo.email-5dcf48b665-9xxmx.email,error_ratio,trace_server_error_ratio,0.0
1776462163.63,email,otel-demo.email-5dcf48b665-9xxmx.email,request_count,trace_server_count,0.0
1776462163.63,email,otel-demo.email-5dcf48b665-n4zf2.email,error_ratio,trace_server_error_ratio,0.0
1776462163.63,email,otel-demo.email-5dcf48b665-n4zf2.email,latency_p95,trace_server_latency_p95,7.572727272727274
1776462163.63,email,otel-demo.email-5dcf48b665-n4zf2.email,request_count,trace_server_count,16.7
1776462163.63,frontend,frontend-b78bf7696-6bjdg,cpu_usage,container_cpu_usage,0.07717147555013276
1776462163.63,frontend,frontend-b78bf7696-6bjdg,memory_usage,container_memory_working_set_bytes,119308288.0
1776462163.63,frontend,frontend-b78bf7696-77ldd,cpu_usage,container_cpu_usage,0.12093667784676203
1776462163.63,frontend,frontend-b78bf7696-77ldd,memory_usage,container_memory_working_set_bytes,107237376.0
1776462163.63,frontend,frontend-b78bf7696-p9kqx,cpu_usage,container_cpu_usage,0.07534841135418939
1776462163.63,frontend,frontend-b78bf7696-p9kqx,memory_usage,container_memory_working_set_bytes,115957760.0
1776462163.63,frontend,frontend::service,pod_restart_count,k8s_container_restarts,3.0
1776462163.63,frontend,frontend::service,pod_running_count,k8s_container_ready,3.0
1776462163.63,frontend,otel-demo.frontend-b78bf7696-6bjdg.frontend,dependency_error_ratio,trace_client_error_ratio,0.0
1776462163.63,frontend,otel-demo.frontend-b78bf7696-6bjdg.frontend,error_ratio,trace_server_error_ratio,0.0
1776462163.63,frontend,otel-demo.frontend-b78bf7696-6bjdg.frontend,http_5xx_ratio,http_server_5xx_ratio,0.0
1776462163.63,frontend,otel-demo.frontend-b78bf7696-6bjdg.frontend,latency_p95,trace_server_latency_p95,45.097505668934225
1776462163.63,frontend,otel-demo.frontend-b78bf7696-6bjdg.frontend,request_count,trace_server_count,208.1
1776462163.63,frontend,otel-demo.frontend-b78bf7696-77ldd.frontend,dependency_error_ratio,trace_client_error_ratio,0.0
1776462163.63,frontend,otel-demo.frontend-b78bf7696-77ldd.frontend,error_ratio,trace_server_error_ratio,0.0
1776462163.63,frontend,otel-demo.frontend-b78bf7696-77ldd.frontend,http_5xx_ratio,http_server_5xx_ratio,0.0
1776462163.63,frontend,otel-demo.frontend-b78bf7696-77ldd.frontend,latency_p95,trace_server_latency_p95,45.03168567807351
1776462163.63,frontend,otel-demo.frontend-b78bf7696-77ldd.frontend,request_count,trace_server_count,340.0
1776462163.63,frontend,otel-demo.frontend-b78bf7696-p9kqx.frontend,dependency_error_ratio,trace_client_error_ratio,0.0
1776462163.63,frontend,otel-demo.frontend-b78bf7696-p9kqx.frontend,error_ratio,trace_server_error_ratio,0.0
1776462163.63,frontend,otel-demo.frontend-b78bf7696-p9kqx.frontend,http_5xx_ratio,http_server_5xx_ratio,0.0
1776462163.63,frontend,otel-demo.frontend-b78bf7696-p9kqx.frontend,latency_p95,trace_server_latency_p95,43.61147902869758
1776462163.63,frontend,otel-demo.frontend-b78bf7696-p9kqx.frontend,request_count,trace_server_count,232.7
1776462163.63,kafka,kafka-66df8bdf76-zjcbb,cpu_usage,container_cpu_usage,0.013718163905713787
1776462163.63,kafka,kafka-66df8bdf76-zjcbb,memory_usage,container_memory_working_set_bytes,665821184.0
1776462163.63,kafka,kafka::service,pod_restart_count,k8s_container_restarts,9.0
1776462163.63,kafka,kafka::service,pod_running_count,k8s_container_ready,1.0
1776462163.63,kafka,kafka::service,queue_lag,queue_size_ratio,0.0
1776462163.63,payment,otel-demo.payment-f9f8d647b-74h8z.payment,dependency_error_ratio,trace_client_error_ratio,0.0
1776462163.63,payment,otel-demo.payment-f9f8d647b-74h8z.payment,error_ratio,trace_server_error_ratio,0.0
1776462163.63,payment,otel-demo.payment-f9f8d647b-74h8z.payment,request_count,trace_server_count,0.0
1776462163.63,payment,otel-demo.payment-f9f8d647b-75hmx.payment,dependency_error_ratio,trace_client_error_ratio,0.0
1776462163.63,payment,otel-demo.payment-f9f8d647b-75hmx.payment,error_ratio,trace_server_error_ratio,0.0
1776462163.63,payment,otel-demo.payment-f9f8d647b-75hmx.payment,request_count,trace_server_count,0.0
1776462163.63,payment,otel-demo.payment-f9f8d647b-tv6l5.payment,dependency_error_ratio,trace_client_error_ratio,0.0
1776462163.63,payment,otel-demo.payment-f9f8d647b-tv6l5.payment,error_ratio,trace_server_error_ratio,0.0
1776462163.63,payment,otel-demo.payment-f9f8d647b-tv6l5.payment,request_count,trace_server_count,0.0
1776462163.63,payment,payment-f9f8d647b-74h8z,cpu_usage,container_cpu_usage,0.011907705037234161
1776462163.63,payment,payment-f9f8d647b-74h8z,memory_usage,container_memory_working_set_bytes,110485504.0
1776462163.63,payment,payment-f9f8d647b-75hmx,cpu_usage,container_cpu_usage,0.012352102594691156
1776462163.63,payment,payment-f9f8d647b-75hmx,memory_usage,container_memory_working_set_bytes,109903872.0
1776462163.63,payment,payment-f9f8d647b-tv6l5,cpu_usage,container_cpu_usage,0.0074776726362712695
1776462163.63,payment,payment-f9f8d647b-tv6l5,memory_usage,container_memory_working_set_bytes,99250176.0
1776462163.63,payment,payment::service,pod_restart_count,k8s_container_restarts,39.0
1776462163.63,payment,payment::service,pod_running_count,k8s_container_ready,3.0
1776462163.63,product-catalog,otel-demo.product-catalog-784544475c-7crs7.product-catalog,dependency_error_ratio,trace_client_error_ratio,0.0
1776462163.63,product-catalog,otel-demo.product-catalog-784544475c-7crs7.product-catalog,error_ratio,trace_server_error_ratio,0.0
1776462163.63,product-catalog,otel-demo.product-catalog-784544475c-7crs7.product-catalog,request_count,trace_server_count,0.0
1776462163.63,product-catalog,otel-demo.product-catalog-784544475c-8skc7.product-catalog,dependency_error_ratio,trace_client_error_ratio,0.0
1776462163.63,product-catalog,otel-demo.product-catalog-784544475c-8skc7.product-catalog,error_ratio,trace_server_error_ratio,0.0
1776462163.63,product-catalog,otel-demo.product-catalog-784544475c-8skc7.product-catalog,request_count,trace_server_count,0.0
1776462163.63,product-catalog,otel-demo.product-catalog-784544475c-stwzc.product-catalog,dependency_error_ratio,trace_client_error_ratio,0.0
1776462163.63,product-catalog,otel-demo.product-catalog-784544475c-stwzc.product-catalog,error_ratio,trace_server_error_ratio,0.0
1776462163.63,product-catalog,otel-demo.product-catalog-784544475c-stwzc.product-catalog,request_count,trace_server_count,0.0
1776462163.63,product-catalog,product-catalog-784544475c-7crs7,cpu_usage,container_cpu_usage,0.03128558784031253
1776462163.63,product-catalog,product-catalog-784544475c-7crs7,memory_usage,container_memory_working_set_bytes,14958592.0
1776462163.63,product-catalog,product-catalog-784544475c-8skc7,cpu_usage,container_cpu_usage,0.07728272755274646
1776462163.63,product-catalog,product-catalog-784544475c-8skc7,memory_usage,container_memory_working_set_bytes,14569472.0
1776462163.63,product-catalog,product-catalog-784544475c-stwzc,cpu_usage,container_cpu_usage,0.00041130731022286934
1776462163.63,product-catalog,product-catalog-784544475c-stwzc,memory_usage,container_memory_working_set_bytes,12587008.0
1776462163.63,product-catalog,product-catalog::service,pod_restart_count,k8s_container_restarts,37.0
1776462163.63,product-catalog,product-catalog::service,pod_running_count,k8s_container_ready,3.0
1776462163.63,recommendation,otel-demo.recommendation-5b46f7469c-g2rgb.recommendation,dependency_error_ratio,trace_client_error_ratio,0.0
1776462163.63,recommendation,otel-demo.recommendation-5b46f7469c-rjwxq.recommendation,dependency_error_ratio,trace_client_error_ratio,0.0
1776462163.63,recommendation,otel-demo.recommendation-5b46f7469c-rjwxq.recommendation,error_ratio,trace_server_error_ratio,0.0
1776462163.63,recommendation,otel-demo.recommendation-5b46f7469c-rjwxq.recommendation,latency_p95,trace_server_latency_p95,5.333333333333333
1776462163.63,recommendation,otel-demo.recommendation-5b46f7469c-rjwxq.recommendation,request_count,trace_server_count,8.0
1776462163.63,recommendation,otel-demo.recommendation-5b46f7469c-t2fm9.recommendation,dependency_error_ratio,trace_client_error_ratio,0.0
1776462163.63,recommendation,otel-demo.recommendation-5b46f7469c-t2fm9.recommendation,error_ratio,trace_server_error_ratio,0.0
1776462163.63,recommendation,otel-demo.recommendation-5b46f7469c-t2fm9.recommendation,latency_p95,trace_server_latency_p95,6.579999999999996
1776462163.63,recommendation,otel-demo.recommendation-5b46f7469c-t2fm9.recommendation,request_count,trace_server_count,17.1
1776462163.63,recommendation,recommendation-5b46f7469c-g2rgb,cpu_usage,container_cpu_usage,0.010210203930567338
1776462163.63,recommendation,recommendation-5b46f7469c-g2rgb,memory_usage,container_memory_working_set_bytes,46891008.0
1776462163.63,recommendation,recommendation-5b46f7469c-rjwxq,cpu_usage,container_cpu_usage,0.019773103727868925
1776462163.63,recommendation,recommendation-5b46f7469c-rjwxq,memory_usage,container_memory_working_set_bytes,47820800.0
1776462163.63,recommendation,recommendation-5b46f7469c-t2fm9,cpu_usage,container_cpu_usage,0.0292124317820485
1776462163.63,recommendation,recommendation-5b46f7469c-t2fm9,memory_usage,container_memory_working_set_bytes,52535296.0
1776462163.63,recommendation,recommendation::service,pod_restart_count,k8s_container_restarts,3.0
1776462163.63,recommendation,recommendation::service,pod_running_count,k8s_container_ready,3.0
1776462173.63,ad,3a8b9295-6ae2-4e8a-b9b0-a607d7fec0a4,dependency_error_ratio,trace_client_error_ratio,0.0
1776462173.63,ad,3a8b9295-6ae2-4e8a-b9b0-a607d7fec0a4,error_ratio,trace_server_error_ratio,0.0
1776462173.63,ad,3a8b9295-6ae2-4e8a-b9b0-a607d7fec0a4,request_count,trace_server_count,0.0
1776462173.63,ad,5680c7ee-584c-4353-b6d2-93bc605a0324,dependency_error_ratio,trace_client_error_ratio,0.0
1776462173.63,ad,5680c7ee-584c-4353-b6d2-93bc605a0324,error_ratio,trace_server_error_ratio,0.0
1776462173.63,ad,5680c7ee-584c-4353-b6d2-93bc605a0324,request_count,trace_server_count,0.0
1776462173.63,ad,9f9a3c1c-bd3f-40ea-8764-b59f1ebd2204,dependency_error_ratio,trace_client_error_ratio,0.0
1776462173.63,ad,ad-7fb5b4f859-52ks9,cpu_usage,container_cpu_usage,0.0028701414100306614
1776462173.63,ad,ad-7fb5b4f859-52ks9,memory_usage,container_memory_working_set_bytes,260329472.0
1776462173.63,ad,ad-7fb5b4f859-rd4zw,cpu_usage,container_cpu_usage,0.0012839154042839564
1776462173.63,ad,ad-7fb5b4f859-rd4zw,memory_usage,container_memory_working_set_bytes,238280704.0
1776462173.63,ad,ad-7fb5b4f859-zsstr,cpu_usage,container_cpu_usage,0.004047124811018791
1776462173.63,ad,ad-7fb5b4f859-zsstr,memory_usage,container_memory_working_set_bytes,261742592.0
1776462173.63,ad,ad::service,pod_restart_count,k8s_container_restarts,3.0
1776462173.63,ad,ad::service,pod_running_count,k8s_container_ready,3.0
1776462173.63,cart,cart-7c7496d7f-th7mc,cpu_usage,container_cpu_usage,0.06157668166746119
1776462173.63,cart,cart-7c7496d7f-th7mc,memory_usage,container_memory_working_set_bytes,63168512.0
1776462173.63,cart,cart::service,pod_restart_count,k8s_container_restarts,1.0
1776462173.63,cart,cart::service,pod_running_count,k8s_container_ready,1.0
1776462173.63,cart,f1f3afac-3031-4c18-925a-048232421d89,dependency_error_ratio,trace_client_error_ratio,0.0
1776462173.63,cart,f1f3afac-3031-4c18-925a-048232421d89,error_ratio,trace_server_error_ratio,0.0
1776462173.63,cart,f1f3afac-3031-4c18-925a-048232421d89,request_count,trace_server_count,0.0
1776462173.63,checkout,4755bdbd-5ad9-49fa-acb7-3a7dcb6a9277,dependency_error_ratio,trace_client_error_ratio,0.0
1776462173.63,checkout,4755bdbd-5ad9-49fa-acb7-3a7dcb6a9277,error_ratio,trace_server_error_ratio,0.0
1776462173.63,checkout,4755bdbd-5ad9-49fa-acb7-3a7dcb6a9277,request_count,trace_server_count,0.0
1776462173.63,checkout,bb49e6b9-109a-41b8-be66-ab2a38272474,dependency_error_ratio,trace_client_error_ratio,0.0
1776462173.63,checkout,bb49e6b9-109a-41b8-be66-ab2a38272474,error_ratio,trace_server_error_ratio,0.0
1776462173.63,checkout,bb49e6b9-109a-41b8-be66-ab2a38272474,request_count,trace_server_count,0.0
1776462173.63,checkout,bc5804df-6f63-4261-8788-8ecfe5481366,dependency_error_ratio,trace_client_error_ratio,0.0
1776462173.63,checkout,bc5804df-6f63-4261-8788-8ecfe5481366,error_ratio,trace_server_error_ratio,0.0
1776462173.63,checkout,bc5804df-6f63-4261-8788-8ecfe5481366,request_count,trace_server_count,0.0
1776462173.63,checkout,checkout-7f4ccfc547-6crwh,cpu_usage,container_cpu_usage,0.10399504449184535
1776462173.63,checkout,checkout-7f4ccfc547-6crwh,memory_usage,container_memory_working_set_bytes,14802944.0
1776462173.63,checkout,checkout-7f4ccfc547-ftx2n,cpu_usage,container_cpu_usage,0.0004160745905553217
1776462173.63,checkout,checkout-7f4ccfc547-ftx2n,memory_usage,container_memory_working_set_bytes,12271616.0
1776462173.63,checkout,checkout-7f4ccfc547-qlfgr,cpu_usage,container_cpu_usage,0.0545257395591647
1776462173.63,checkout,checkout-7f4ccfc547-qlfgr,memory_usage,container_memory_working_set_bytes,14716928.0
1776462173.63,checkout,checkout::service,pod_restart_count,k8s_container_restarts,45.0
1776462173.63,checkout,checkout::service,pod_running_count,k8s_container_ready,3.0
1776462173.63,email,email-5dcf48b665-66zvj,cpu_usage,container_cpu_usage,0.0005872624043440356
1776462173.63,email,email-5dcf48b665-66zvj,memory_usage,container_memory_working_set_bytes,59502592.0
1776462173.63,email,email-5dcf48b665-9xxmx,cpu_usage,container_cpu_usage,0.00046111010956821624
1776462173.63,email,email-5dcf48b665-9xxmx,memory_usage,container_memory_working_set_bytes,56283136.0
1776462173.63,email,email-5dcf48b665-n4zf2,cpu_usage,container_cpu_usage,0.01864856623713005
1776462173.63,email,email-5dcf48b665-n4zf2,memory_usage,container_memory_working_set_bytes,54665216.0
1776462173.63,email,email::service,pod_restart_count,k8s_container_restarts,9.0
1776462173.63,email,email::service,pod_running_count,k8s_container_ready,3.0
1776462173.63,email,otel-demo.email-5dcf48b665-66zvj.email,error_ratio,trace_server_error_ratio,0.0
1776462173.63,email,otel-demo.email-5dcf48b665-66zvj.email,request_count,trace_server_count,0.0
1776462173.63,email,otel-demo.email-5dcf48b665-9xxmx.email,error_ratio,trace_server_error_ratio,0.0
1776462173.63,email,otel-demo.email-5dcf48b665-9xxmx.email,request_count,trace_server_count,0.0
1776462173.63,email,otel-demo.email-5dcf48b665-n4zf2.email,error_ratio,trace_server_error_ratio,0.0
1776462173.63,email,otel-demo.email-5dcf48b665-n4zf2.email,request_count,trace_server_count,0.0
1776462173.63,frontend,frontend-b78bf7696-6bjdg,cpu_usage,container_cpu_usage,0.08232422398681644
1776462173.63,frontend,frontend-b78bf7696-6bjdg,memory_usage,container_memory_working_set_bytes,119635968.0
1776462173.63,frontend,frontend-b78bf7696-77ldd,cpu_usage,container_cpu_usage,0.1380780394587609
1776462173.63,frontend,frontend-b78bf7696-77ldd,memory_usage,container_memory_working_set_bytes,108953600.0
1776462173.63,frontend,frontend-b78bf7696-p9kqx,cpu_usage,container_cpu_usage,0.08867643138532821
1776462173.63,frontend,frontend-b78bf7696-p9kqx,memory_usage,container_memory_working_set_bytes,117612544.0
1776462173.63,frontend,frontend::service,pod_restart_count,k8s_container_restarts,3.0
1776462173.63,frontend,frontend::service,pod_running_count,k8s_container_ready,3.0
1776462173.63,frontend,otel-demo.frontend-b78bf7696-6bjdg.frontend,dependency_error_ratio,trace_client_error_ratio,0.0
1776462173.63,frontend,otel-demo.frontend-b78bf7696-6bjdg.frontend,error_ratio,trace_server_error_ratio,0.0
1776462173.63,frontend,otel-demo.frontend-b78bf7696-6bjdg.frontend,http_5xx_ratio,http_server_5xx_ratio,0.0
1776462173.63,frontend,otel-demo.frontend-b78bf7696-6bjdg.frontend,request_count,trace_server_count,0.0
1776462173.63,frontend,otel-demo.frontend-b78bf7696-77ldd.frontend,dependency_error_ratio,trace_client_error_ratio,0.0
1776462173.63,frontend,otel-demo.frontend-b78bf7696-77ldd.frontend,error_ratio,trace_server_error_ratio,0.0
1776462173.63,frontend,otel-demo.frontend-b78bf7696-77ldd.frontend,http_5xx_ratio,http_server_5xx_ratio,0.0
1776462173.63,frontend,otel-demo.frontend-b78bf7696-77ldd.frontend,request_count,trace_server_count,0.0
1776462173.63,frontend,otel-demo.frontend-b78bf7696-p9kqx.frontend,dependency_error_ratio,trace_client_error_ratio,0.0
1776462173.63,frontend,otel-demo.frontend-b78bf7696-p9kqx.frontend,error_ratio,trace_server_error_ratio,0.0
1776462173.63,frontend,otel-demo.frontend-b78bf7696-p9kqx.frontend,http_5xx_ratio,http_server_5xx_ratio,0.0
1776462173.63,frontend,otel-demo.frontend-b78bf7696-p9kqx.frontend,request_count,trace_server_count,0.0
1776462173.63,kafka,kafka-66df8bdf76-zjcbb,cpu_usage,container_cpu_usage,0.013934664482750247
1776462173.63,kafka,kafka-66df8bdf76-zjcbb,memory_usage,container_memory_working_set_bytes,665821184.0
1776462173.63,kafka,kafka::service,pod_restart_count,k8s_container_restarts,9.0
1776462173.63,kafka,kafka::service,pod_running_count,k8s_container_ready,1.0
1776462173.63,kafka,kafka::service,queue_lag,queue_size_ratio,0.0
1776462173.63,payment,otel-demo.payment-f9f8d647b-74h8z.payment,dependency_error_ratio,trace_client_error_ratio,0.0
1776462173.63,payment,otel-demo.payment-f9f8d647b-74h8z.payment,error_ratio,trace_server_error_ratio,0.0
1776462173.63,payment,otel-demo.payment-f9f8d647b-74h8z.payment,request_count,trace_server_count,0.0
1776462173.63,payment,otel-demo.payment-f9f8d647b-75hmx.payment,dependency_error_ratio,trace_client_error_ratio,0.0
1776462173.63,payment,otel-demo.payment-f9f8d647b-75hmx.payment,error_ratio,trace_server_error_ratio,0.0
1776462173.63,payment,otel-demo.payment-f9f8d647b-75hmx.payment,request_count,trace_server_count,0.0
1776462173.63,payment,otel-demo.payment-f9f8d647b-tv6l5.payment,dependency_error_ratio,trace_client_error_ratio,0.0
1776462173.63,payment,otel-demo.payment-f9f8d647b-tv6l5.payment,error_ratio,trace_server_error_ratio,0.0
1776462173.63,payment,otel-demo.payment-f9f8d647b-tv6l5.payment,request_count,trace_server_count,0.0
1776462173.63,payment,payment-f9f8d647b-74h8z,cpu_usage,container_cpu_usage,0.011907705037234161
1776462173.63,payment,payment-f9f8d647b-74h8z,memory_usage,container_memory_working_set_bytes,110485504.0
1776462173.63,payment,payment-f9f8d647b-75hmx,cpu_usage,container_cpu_usage,0.014394522414498132
1776462173.63,payment,payment-f9f8d647b-75hmx,memory_usage,container_memory_working_set_bytes,109903872.0
1776462173.63,payment,payment-f9f8d647b-tv6l5,cpu_usage,container_cpu_usage,0.00803812374463392
1776462173.63,payment,payment-f9f8d647b-tv6l5,memory_usage,container_memory_working_set_bytes,99250176.0
1776462173.63,payment,payment::service,pod_restart_count,k8s_container_restarts,39.0
1776462173.63,payment,payment::service,pod_running_count,k8s_container_ready,3.0
1776462173.63,product-catalog,otel-demo.product-catalog-784544475c-7crs7.product-catalog,dependency_error_ratio,trace_client_error_ratio,0.0
1776462173.63,product-catalog,otel-demo.product-catalog-784544475c-7crs7.product-catalog,error_ratio,trace_server_error_ratio,0.0
1776462173.63,product-catalog,otel-demo.product-catalog-784544475c-7crs7.product-catalog,request_count,trace_server_count,0.0
1776462173.63,product-catalog,otel-demo.product-catalog-784544475c-8skc7.product-catalog,dependency_error_ratio,trace_client_error_ratio,0.0
1776462173.63,product-catalog,otel-demo.product-catalog-784544475c-8skc7.product-catalog,error_ratio,trace_server_error_ratio,0.0
1776462173.63,product-catalog,otel-demo.product-catalog-784544475c-8skc7.product-catalog,request_count,trace_server_count,0.0
1776462173.63,product-catalog,otel-demo.product-catalog-784544475c-stwzc.product-catalog,dependency_error_ratio,trace_client_error_ratio,0.0
1776462173.63,product-catalog,otel-demo.product-catalog-784544475c-stwzc.product-catalog,error_ratio,trace_server_error_ratio,0.0
1776462173.63,product-catalog,otel-demo.product-catalog-784544475c-stwzc.product-catalog,request_count,trace_server_count,0.0
1776462173.63,product-catalog,product-catalog-784544475c-7crs7,cpu_usage,container_cpu_usage,0.02864961657205455
1776462173.63,product-catalog,product-catalog-784544475c-7crs7,memory_usage,container_memory_working_set_bytes,14925824.0
1776462173.63,product-catalog,product-catalog-784544475c-8skc7,cpu_usage,container_cpu_usage,0.08455458964291776
1776462173.63,product-catalog,product-catalog-784544475c-8skc7,memory_usage,container_memory_working_set_bytes,14794752.0
1776462173.63,product-catalog,product-catalog-784544475c-stwzc,cpu_usage,container_cpu_usage,0.0005176668536174979
1776462173.63,product-catalog,product-catalog-784544475c-stwzc,memory_usage,container_memory_working_set_bytes,12587008.0
1776462173.63,product-catalog,product-catalog::service,pod_restart_count,k8s_container_restarts,37.0
1776462173.63,product-catalog,product-catalog::service,pod_running_count,k8s_container_ready,3.0
1776462173.63,recommendation,otel-demo.recommendation-5b46f7469c-g2rgb.recommendation,dependency_error_ratio,trace_client_error_ratio,0.0
1776462173.63,recommendation,otel-demo.recommendation-5b46f7469c-rjwxq.recommendation,dependency_error_ratio,trace_client_error_ratio,0.0
1776462173.63,recommendation,otel-demo.recommendation-5b46f7469c-rjwxq.recommendation,error_ratio,trace_server_error_ratio,0.0
1776462173.63,recommendation,otel-demo.recommendation-5b46f7469c-rjwxq.recommendation,request_count,trace_server_count,0.0
1776462173.63,recommendation,otel-demo.recommendation-5b46f7469c-t2fm9.recommendation,dependency_error_ratio,trace_client_error_ratio,0.0
1776462173.63,recommendation,otel-demo.recommendation-5b46f7469c-t2fm9.recommendation,error_ratio,trace_server_error_ratio,0.0
1776462173.63,recommendation,otel-demo.recommendation-5b46f7469c-t2fm9.recommendation,request_count,trace_server_count,0.0
1776462173.63,recommendation,recommendation-5b46f7469c-g2rgb,cpu_usage,container_cpu_usage,0.009872298883356136
1776462173.63,recommendation,recommendation-5b46f7469c-g2rgb,memory_usage,container_memory_working_set_bytes,46891008.0
1776462173.63,recommendation,recommendation-5b46f7469c-rjwxq,cpu_usage,container_cpu_usage,0.018167150851657935
1776462173.63,recommendation,recommendation-5b46f7469c-rjwxq,memory_usage,container_memory_working_set_bytes,47820800.0
1776462173.63,recommendation,recommendation-5b46f7469c-t2fm9,cpu_usage,container_cpu_usage,0.03185183427741151
1776462173.63,recommendation,recommendation-5b46f7469c-t2fm9,memory_usage,container_memory_working_set_bytes,52535296.0
1776462173.63,recommendation,recommendation::service,pod_restart_count,k8s_container_restarts,3.0
1776462173.63,recommendation,recommendation::service,pod_running_count,k8s_container_ready,3.0
1776462183.63,ad,3a8b9295-6ae2-4e8a-b9b0-a607d7fec0a4,dependency_error_ratio,trace_client_error_ratio,0.0
1776462183.63,ad,3a8b9295-6ae2-4e8a-b9b0-a607d7fec0a4,error_ratio,trace_server_error_ratio,0.0
1776462183.63,ad,3a8b9295-6ae2-4e8a-b9b0-a607d7fec0a4,request_count,trace_server_count,0.0
1776462183.63,ad,5680c7ee-584c-4353-b6d2-93bc605a0324,dependency_error_ratio,trace_client_error_ratio,0.0
1776462183.63,ad,5680c7ee-584c-4353-b6d2-93bc605a0324,error_ratio,trace_server_error_ratio,0.0
1776462183.63,ad,5680c7ee-584c-4353-b6d2-93bc605a0324,request_count,trace_server_count,0.0
1776462183.63,ad,9f9a3c1c-bd3f-40ea-8764-b59f1ebd2204,dependency_error_ratio,trace_client_error_ratio,0.0
1776462183.63,ad,ad-7fb5b4f859-52ks9,cpu_usage,container_cpu_usage,0.003138243544559078
1776462183.63,ad,ad-7fb5b4f859-52ks9,memory_usage,container_memory_working_set_bytes,260362240.0
1776462183.63,ad,ad-7fb5b4f859-rd4zw,cpu_usage,container_cpu_usage,0.0015040905916358645
1776462183.63,ad,ad-7fb5b4f859-rd4zw,memory_usage,container_memory_working_set_bytes,238280704.0
1776462183.63,ad,ad-7fb5b4f859-zsstr,cpu_usage,container_cpu_usage,0.004814495051197404
1776462183.63,ad,ad-7fb5b4f859-zsstr,memory_usage,container_memory_working_set_bytes,261742592.0
1776462183.63,ad,ad::service,pod_restart_count,k8s_container_restarts,3.0
1776462183.63,ad,ad::service,pod_running_count,k8s_container_ready,3.0
1776462183.63,cart,cart-7c7496d7f-th7mc,cpu_usage,container_cpu_usage,0.06430915756755196
1776462183.63,cart,cart-7c7496d7f-th7mc,memory_usage,container_memory_working_set_bytes,63021056.0
1776462183.63,cart,cart::service,pod_restart_count,k8s_container_restarts,1.0
1776462183.63,cart,cart::service,pod_running_count,k8s_container_ready,1.0
1776462183.63,cart,f1f3afac-3031-4c18-925a-048232421d89,dependency_error_ratio,trace_client_error_ratio,0.0
1776462183.63,cart,f1f3afac-3031-4c18-925a-048232421d89,error_ratio,trace_server_error_ratio,0.0
1776462183.63,cart,f1f3afac-3031-4c18-925a-048232421d89,request_count,trace_server_count,0.0
1776462183.63,checkout,4755bdbd-5ad9-49fa-acb7-3a7dcb6a9277,dependency_error_ratio,trace_client_error_ratio,0.0
1776462183.63,checkout,4755bdbd-5ad9-49fa-acb7-3a7dcb6a9277,error_ratio,trace_server_error_ratio,0.0
1776462183.63,checkout,4755bdbd-5ad9-49fa-acb7-3a7dcb6a9277,request_count,trace_server_count,0.0
1776462183.63,checkout,bb49e6b9-109a-41b8-be66-ab2a38272474,dependency_error_ratio,trace_client_error_ratio,0.0
1776462183.63,checkout,bb49e6b9-109a-41b8-be66-ab2a38272474,error_ratio,trace_server_error_ratio,0.0
1776462183.63,checkout,bb49e6b9-109a-41b8-be66-ab2a38272474,request_count,trace_server_count,0.0
1776462183.63,checkout,bc5804df-6f63-4261-8788-8ecfe5481366,dependency_error_ratio,trace_client_error_ratio,0.0
1776462183.63,checkout,bc5804df-6f63-4261-8788-8ecfe5481366,error_ratio,trace_server_error_ratio,0.0
1776462183.63,checkout,bc5804df-6f63-4261-8788-8ecfe5481366,request_count,trace_server_count,0.0
1776462183.63,checkout,checkout-7f4ccfc547-6crwh,cpu_usage,container_cpu_usage,0.116917421639071
1776462183.63,checkout,checkout-7f4ccfc547-6crwh,memory_usage,container_memory_working_set_bytes,15400960.0
1776462183.63,checkout,checkout-7f4ccfc547-ftx2n,cpu_usage,container_cpu_usage,0.0005279258554712576
1776462183.63,checkout,checkout-7f4ccfc547-ftx2n,memory_usage,container_memory_working_set_bytes,12271616.0
1776462183.63,checkout,checkout-7f4ccfc547-qlfgr,cpu_usage,container_cpu_usage,0.0640159316149164
1776462183.63,checkout,checkout-7f4ccfc547-qlfgr,memory_usage,container_memory_working_set_bytes,14995456.0
1776462183.63,checkout,checkout::service,pod_restart_count,k8s_container_restarts,45.0
1776462183.63,checkout,checkout::service,pod_running_count,k8s_container_ready,3.0
1776462183.63,email,email-5dcf48b665-66zvj,cpu_usage,container_cpu_usage,0.0022300129810623294
1776462183.63,email,email-5dcf48b665-66zvj,memory_usage,container_memory_working_set_bytes,59498496.0
1776462183.63,email,email-5dcf48b665-9xxmx,cpu_usage,container_cpu_usage,0.0018146615119551967
1776462183.63,email,email-5dcf48b665-9xxmx,memory_usage,container_memory_working_set_bytes,56209408.0
1776462183.63,email,email-5dcf48b665-n4zf2,cpu_usage,container_cpu_usage,0.01679894225173716
1776462183.63,email,email-5dcf48b665-n4zf2,memory_usage,container_memory_working_set_bytes,54845440.0
1776462183.63,email,email::service,pod_restart_count,k8s_container_restarts,9.0
1776462183.63,email,email::service,pod_running_count,k8s_container_ready,3.0
1776462183.63,email,otel-demo.email-5dcf48b665-66zvj.email,error_ratio,trace_server_error_ratio,0.0
1776462183.63,email,otel-demo.email-5dcf48b665-66zvj.email,request_count,trace_server_count,0.0
1776462183.63,email,otel-demo.email-5dcf48b665-9xxmx.email,error_ratio,trace_server_error_ratio,0.0
1776462183.63,email,otel-demo.email-5dcf48b665-9xxmx.email,request_count,trace_server_count,0.0
1776462183.63,email,otel-demo.email-5dcf48b665-n4zf2.email,error_ratio,trace_server_error_ratio,0.0
1776462183.63,email,otel-demo.email-5dcf48b665-n4zf2.email,request_count,trace_server_count,0.0
1776462183.63,frontend,frontend-b78bf7696-6bjdg,cpu_usage,container_cpu_usage,0.08232422398681644
1776462183.63,frontend,frontend-b78bf7696-6bjdg,memory_usage,container_memory_working_set_bytes,119635968.0
1776462183.63,frontend,frontend-b78bf7696-77ldd,cpu_usage,container_cpu_usage,0.14884381989515505
1776462183.63,frontend,frontend-b78bf7696-77ldd,memory_usage,container_memory_working_set_bytes,108400640.0
1776462183.63,frontend,frontend-b78bf7696-p9kqx,cpu_usage,container_cpu_usage,0.10532340425528663
1776462183.63,frontend,frontend-b78bf7696-p9kqx,memory_usage,container_memory_working_set_bytes,116981760.0
1776462183.63,frontend,frontend::service,pod_restart_count,k8s_container_restarts,3.0
1776462183.63,frontend,frontend::service,pod_running_count,k8s_container_ready,3.0
1776462183.63,frontend,otel-demo.frontend-b78bf7696-6bjdg.frontend,dependency_error_ratio,trace_client_error_ratio,0.0
1776462183.63,frontend,otel-demo.frontend-b78bf7696-6bjdg.frontend,error_ratio,trace_server_error_ratio,0.0
1776462183.63,frontend,otel-demo.frontend-b78bf7696-6bjdg.frontend,http_5xx_ratio,http_server_5xx_ratio,0.0
1776462183.63,frontend,otel-demo.frontend-b78bf7696-6bjdg.frontend,request_count,trace_server_count,0.0
1776462183.63,frontend,otel-demo.frontend-b78bf7696-77ldd.frontend,dependency_error_ratio,trace_client_error_ratio,0.0
1776462183.63,frontend,otel-demo.frontend-b78bf7696-77ldd.frontend,error_ratio,trace_server_error_ratio,0.0
1776462183.63,frontend,otel-demo.frontend-b78bf7696-77ldd.frontend,http_5xx_ratio,http_server_5xx_ratio,0.0
1776462183.63,frontend,otel-demo.frontend-b78bf7696-77ldd.frontend,request_count,trace_server_count,0.0
1776462183.63,frontend,otel-demo.frontend-b78bf7696-p9kqx.frontend,dependency_error_ratio,trace_client_error_ratio,0.0
1776462183.63,frontend,otel-demo.frontend-b78bf7696-p9kqx.frontend,error_ratio,trace_server_error_ratio,0.0
1776462183.63,frontend,otel-demo.frontend-b78bf7696-p9kqx.frontend,http_5xx_ratio,http_server_5xx_ratio,0.0
1776462183.63,frontend,otel-demo.frontend-b78bf7696-p9kqx.frontend,request_count,trace_server_count,0.0
1776462183.63,kafka,kafka-66df8bdf76-zjcbb,cpu_usage,container_cpu_usage,0.015707693908339364
1776462183.63,kafka,kafka-66df8bdf76-zjcbb,memory_usage,container_memory_working_set_bytes,665874432.0
1776462183.63,kafka,kafka::service,pod_restart_count,k8s_container_restarts,9.0
1776462183.63,kafka,kafka::service,pod_running_count,k8s_container_ready,1.0
1776462183.63,kafka,kafka::service,queue_lag,queue_size_ratio,0.0
1776462183.63,payment,otel-demo.payment-f9f8d647b-74h8z.payment,dependency_error_ratio,trace_client_error_ratio,0.0
1776462183.63,payment,otel-demo.payment-f9f8d647b-74h8z.payment,error_ratio,trace_server_error_ratio,0.0
1776462183.63,payment,otel-demo.payment-f9f8d647b-74h8z.payment,request_count,trace_server_count,0.0
1776462183.63,payment,otel-demo.payment-f9f8d647b-75hmx.payment,dependency_error_ratio,trace_client_error_ratio,0.0
1776462183.63,payment,otel-demo.payment-f9f8d647b-75hmx.payment,error_ratio,trace_server_error_ratio,0.0
1776462183.63,payment,otel-demo.payment-f9f8d647b-75hmx.payment,request_count,trace_server_count,0.0
1776462183.63,payment,otel-demo.payment-f9f8d647b-tv6l5.payment,dependency_error_ratio,trace_client_error_ratio,0.0
1776462183.63,payment,otel-demo.payment-f9f8d647b-tv6l5.payment,error_ratio,trace_server_error_ratio,0.0
1776462183.63,payment,otel-demo.payment-f9f8d647b-tv6l5.payment,request_count,trace_server_count,0.0
1776462183.63,payment,payment-f9f8d647b-74h8z,cpu_usage,container_cpu_usage,0.01365088961366097
1776462183.63,payment,payment-f9f8d647b-74h8z,memory_usage,container_memory_working_set_bytes,110485504.0
1776462183.63,payment,payment-f9f8d647b-75hmx,cpu_usage,container_cpu_usage,0.01488219519564924
1776462183.63,payment,payment-f9f8d647b-75hmx,memory_usage,container_memory_working_set_bytes,109903872.0
1776462183.63,payment,payment-f9f8d647b-tv6l5,cpu_usage,container_cpu_usage,0.00756217143846902
1776462183.63,payment,payment-f9f8d647b-tv6l5,memory_usage,container_memory_working_set_bytes,99250176.0
1776462183.63,payment,payment::service,pod_restart_count,k8s_container_restarts,39.0
1776462183.63,payment,payment::service,pod_running_count,k8s_container_ready,3.0
1776462183.63,product-catalog,otel-demo.product-catalog-784544475c-7crs7.product-catalog,dependency_error_ratio,trace_client_error_ratio,0.0
1776462183.63,product-catalog,otel-demo.product-catalog-784544475c-7crs7.product-catalog,error_ratio,trace_server_error_ratio,0.0
1776462183.63,product-catalog,otel-demo.product-catalog-784544475c-7crs7.product-catalog,request_count,trace_server_count,0.0
1776462183.63,product-catalog,otel-demo.product-catalog-784544475c-8skc7.product-catalog,dependency_error_ratio,trace_client_error_ratio,0.0
1776462183.63,product-catalog,otel-demo.product-catalog-784544475c-8skc7.product-catalog,error_ratio,trace_server_error_ratio,0.0
1776462183.63,product-catalog,otel-demo.product-catalog-784544475c-8skc7.product-catalog,request_count,trace_server_count,0.0
1776462183.63,product-catalog,otel-demo.product-catalog-784544475c-stwzc.product-catalog,dependency_error_ratio,trace_client_error_ratio,0.0
1776462183.63,product-catalog,otel-demo.product-catalog-784544475c-stwzc.product-catalog,error_ratio,trace_server_error_ratio,0.0
1776462183.63,product-catalog,otel-demo.product-catalog-784544475c-stwzc.product-catalog,request_count,trace_server_count,0.0
1776462183.63,product-catalog,product-catalog-784544475c-7crs7,cpu_usage,container_cpu_usage,0.031608702835546544
1776462183.63,product-catalog,product-catalog-784544475c-7crs7,memory_usage,container_memory_working_set_bytes,15659008.0
1776462183.63,product-catalog,product-catalog-784544475c-8skc7,cpu_usage,container_cpu_usage,0.08455458964291776
1776462183.63,product-catalog,product-catalog-784544475c-8skc7,memory_usage,container_memory_working_set_bytes,14794752.0
1776462183.63,product-catalog,product-catalog-784544475c-stwzc,cpu_usage,container_cpu_usage,0.0005040263762613641
1776462183.63,product-catalog,product-catalog-784544475c-stwzc,memory_usage,container_memory_working_set_bytes,12591104.0
1776462183.63,product-catalog,product-catalog::service,pod_restart_count,k8s_container_restarts,37.0
1776462183.63,product-catalog,product-catalog::service,pod_running_count,k8s_container_ready,3.0
1776462183.63,recommendation,otel-demo.recommendation-5b46f7469c-g2rgb.recommendation,dependency_error_ratio,trace_client_error_ratio,0.0
1776462183.63,recommendation,otel-demo.recommendation-5b46f7469c-rjwxq.recommendation,dependency_error_ratio,trace_client_error_ratio,0.0
1776462183.63,recommendation,otel-demo.recommendation-5b46f7469c-rjwxq.recommendation,error_ratio,trace_server_error_ratio,0.0
1776462183.63,recommendation,otel-demo.recommendation-5b46f7469c-rjwxq.recommendation,request_count,trace_server_count,0.0
1776462183.63,recommendation,otel-demo.recommendation-5b46f7469c-t2fm9.recommendation,dependency_error_ratio,trace_client_error_ratio,0.0
1776462183.63,recommendation,otel-demo.recommendation-5b46f7469c-t2fm9.recommendation,error_ratio,trace_server_error_ratio,0.0
1776462183.63,recommendation,otel-demo.recommendation-5b46f7469c-t2fm9.recommendation,request_count,trace_server_count,0.0
1776462183.63,recommendation,recommendation-5b46f7469c-g2rgb,cpu_usage,container_cpu_usage,0.006443624999999997
1776462183.63,recommendation,recommendation-5b46f7469c-g2rgb,memory_usage,container_memory_working_set_bytes,46891008.0
1776462183.63,recommendation,recommendation-5b46f7469c-rjwxq,cpu_usage,container_cpu_usage,0.021169537517699063
1776462183.63,recommendation,recommendation-5b46f7469c-rjwxq,memory_usage,container_memory_working_set_bytes,47837184.0
1776462183.63,recommendation,recommendation-5b46f7469c-t2fm9,cpu_usage,container_cpu_usage,0.03285426988647427
1776462183.63,recommendation,recommendation-5b46f7469c-t2fm9,memory_usage,container_memory_working_set_bytes,52518912.0
1776462183.63,recommendation,recommendation::service,pod_restart_count,k8s_container_restarts,3.0
1776462183.63,recommendation,recommendation::service,pod_running_count,k8s_container_ready,3.0
1776462193.63,ad,3a8b9295-6ae2-4e8a-b9b0-a607d7fec0a4,dependency_error_ratio,trace_client_error_ratio,0.0
1776462193.63,ad,3a8b9295-6ae2-4e8a-b9b0-a607d7fec0a4,error_ratio,trace_server_error_ratio,0.0
1776462193.63,ad,3a8b9295-6ae2-4e8a-b9b0-a607d7fec0a4,request_count,trace_server_count,0.0
1776462193.63,ad,5680c7ee-584c-4353-b6d2-93bc605a0324,dependency_error_ratio,trace_client_error_ratio,0.0
1776462193.63,ad,5680c7ee-584c-4353-b6d2-93bc605a0324,error_ratio,trace_server_error_ratio,0.0
1776462193.63,ad,5680c7ee-584c-4353-b6d2-93bc605a0324,request_count,trace_server_count,0.0
1776462193.63,ad,9f9a3c1c-bd3f-40ea-8764-b59f1ebd2204,dependency_error_ratio,trace_client_error_ratio,0.0
1776462193.63,ad,ad-7fb5b4f859-52ks9,cpu_usage,container_cpu_usage,0.003271896067040859
1776462193.63,ad,ad-7fb5b4f859-52ks9,memory_usage,container_memory_working_set_bytes,260362240.0
1776462193.63,ad,ad-7fb5b4f859-rd4zw,cpu_usage,container_cpu_usage,0.001494132801612418
1776462193.63,ad,ad-7fb5b4f859-rd4zw,memory_usage,container_memory_working_set_bytes,238280704.0
1776462193.63,ad,ad-7fb5b4f859-zsstr,cpu_usage,container_cpu_usage,0.004814495051197404
1776462193.63,ad,ad-7fb5b4f859-zsstr,memory_usage,container_memory_working_set_bytes,261742592.0
1776462193.63,ad,ad::service,pod_restart_count,k8s_container_restarts,3.0
1776462193.63,ad,ad::service,pod_running_count,k8s_container_ready,3.0
1776462193.63,cart,cart-7c7496d7f-th7mc,cpu_usage,container_cpu_usage,0.0632529425474964
1776462193.63,cart,cart-7c7496d7f-th7mc,memory_usage,container_memory_working_set_bytes,63021056.0
1776462193.63,cart,cart::service,pod_restart_count,k8s_container_restarts,1.0
1776462193.63,cart,cart::service,pod_running_count,k8s_container_ready,1.0
1776462193.63,cart,f1f3afac-3031-4c18-925a-048232421d89,dependency_error_ratio,trace_client_error_ratio,0.0
1776462193.63,cart,f1f3afac-3031-4c18-925a-048232421d89,error_ratio,trace_server_error_ratio,0.0
1776462193.63,cart,f1f3afac-3031-4c18-925a-048232421d89,request_count,trace_server_count,0.0
1776462193.63,checkout,4755bdbd-5ad9-49fa-acb7-3a7dcb6a9277,dependency_error_ratio,trace_client_error_ratio,0.0
1776462193.63,checkout,4755bdbd-5ad9-49fa-acb7-3a7dcb6a9277,error_ratio,trace_server_error_ratio,0.0
1776462193.63,checkout,4755bdbd-5ad9-49fa-acb7-3a7dcb6a9277,request_count,trace_server_count,0.0
1776462193.63,checkout,bb49e6b9-109a-41b8-be66-ab2a38272474,dependency_error_ratio,trace_client_error_ratio,0.0
1776462193.63,checkout,bb49e6b9-109a-41b8-be66-ab2a38272474,error_ratio,trace_server_error_ratio,0.0
1776462193.63,checkout,bb49e6b9-109a-41b8-be66-ab2a38272474,request_count,trace_server_count,0.0
1776462193.63,checkout,bc5804df-6f63-4261-8788-8ecfe5481366,dependency_error_ratio,trace_client_error_ratio,0.0
1776462193.63,checkout,bc5804df-6f63-4261-8788-8ecfe5481366,error_ratio,trace_server_error_ratio,0.0
1776462193.63,checkout,bc5804df-6f63-4261-8788-8ecfe5481366,request_count,trace_server_count,0.0
1776462193.63,checkout,checkout-7f4ccfc547-6crwh,cpu_usage,container_cpu_usage,0.10531273993103153
1776462193.63,checkout,checkout-7f4ccfc547-6crwh,memory_usage,container_memory_working_set_bytes,15400960.0
1776462193.63,checkout,checkout-7f4ccfc547-ftx2n,cpu_usage,container_cpu_usage,0.0005426437154920555
1776462193.63,checkout,checkout-7f4ccfc547-ftx2n,memory_usage,container_memory_working_set_bytes,12271616.0
1776462193.63,checkout,checkout-7f4ccfc547-qlfgr,cpu_usage,container_cpu_usage,0.0640159316149164
1776462193.63,checkout,checkout-7f4ccfc547-qlfgr,memory_usage,container_memory_working_set_bytes,14995456.0
1776462193.63,checkout,checkout::service,pod_restart_count,k8s_container_restarts,45.0
1776462193.63,checkout,checkout::service,pod_running_count,k8s_container_ready,3.0
1776462193.63,email,email-5dcf48b665-66zvj,cpu_usage,container_cpu_usage,0.002792704719857038
1776462193.63,email,email-5dcf48b665-66zvj,memory_usage,container_memory_working_set_bytes,59498496.0
1776462193.63,email,email-5dcf48b665-9xxmx,cpu_usage,container_cpu_usage,0.0018146615119551967
1776462193.63,email,email-5dcf48b665-9xxmx,memory_usage,container_memory_working_set_bytes,56209408.0
1776462193.63,email,email-5dcf48b665-n4zf2,cpu_usage,container_cpu_usage,0.01601301497905766
1776462193.63,email,email-5dcf48b665-n4zf2,memory_usage,container_memory_working_set_bytes,54845440.0
1776462193.63,email,email::service,pod_restart_count,k8s_container_restarts,9.0
1776462193.63,email,email::service,pod_running_count,k8s_container_ready,3.0
1776462193.63,email,otel-demo.email-5dcf48b665-66zvj.email,error_ratio,trace_server_error_ratio,0.0
1776462193.63,email,otel-demo.email-5dcf48b665-66zvj.email,request_count,trace_server_count,0.0
1776462193.63,email,otel-demo.email-5dcf48b665-9xxmx.email,error_ratio,trace_server_error_ratio,0.0
1776462193.63,email,otel-demo.email-5dcf48b665-9xxmx.email,request_count,trace_server_count,0.0
1776462193.63,email,otel-demo.email-5dcf48b665-n4zf2.email,error_ratio,trace_server_error_ratio,0.0
1776462193.63,email,otel-demo.email-5dcf48b665-n4zf2.email,request_count,trace_server_count,0.0
1776462193.63,frontend,frontend-b78bf7696-6bjdg,cpu_usage,container_cpu_usage,0.05137968625392804
1776462193.63,frontend,frontend-b78bf7696-6bjdg,memory_usage,container_memory_working_set_bytes,120905728.0
1776462193.63,frontend,frontend-b78bf7696-77ldd,cpu_usage,container_cpu_usage,0.15546844819238112
1776462193.63,frontend,frontend-b78bf7696-77ldd,memory_usage,container_memory_working_set_bytes,108400640.0
1776462193.63,frontend,frontend-b78bf7696-p9kqx,cpu_usage,container_cpu_usage,0.1091060414025951
1776462193.63,frontend,frontend-b78bf7696-p9kqx,memory_usage,container_memory_working_set_bytes,116981760.0
1776462193.63,frontend,frontend::service,pod_restart_count,k8s_container_restarts,3.0
1776462193.63,frontend,frontend::service,pod_running_count,k8s_container_ready,3.0
1776462193.63,frontend,otel-demo.frontend-b78bf7696-6bjdg.frontend,dependency_error_ratio,trace_client_error_ratio,0.0
1776462193.63,frontend,otel-demo.frontend-b78bf7696-6bjdg.frontend,error_ratio,trace_server_error_ratio,0.0
1776462193.63,frontend,otel-demo.frontend-b78bf7696-6bjdg.frontend,http_5xx_ratio,http_server_5xx_ratio,0.0
1776462193.63,frontend,otel-demo.frontend-b78bf7696-6bjdg.frontend,request_count,trace_server_count,0.0
1776462193.63,frontend,otel-demo.frontend-b78bf7696-77ldd.frontend,dependency_error_ratio,trace_client_error_ratio,0.0
1776462193.63,frontend,otel-demo.frontend-b78bf7696-77ldd.frontend,error_ratio,trace_server_error_ratio,0.0
1776462193.63,frontend,otel-demo.frontend-b78bf7696-77ldd.frontend,http_5xx_ratio,http_server_5xx_ratio,0.0
1776462193.63,frontend,otel-demo.frontend-b78bf7696-77ldd.frontend,request_count,trace_server_count,0.0
1776462193.63,frontend,otel-demo.frontend-b78bf7696-p9kqx.frontend,dependency_error_ratio,trace_client_error_ratio,0.0
1776462193.63,frontend,otel-demo.frontend-b78bf7696-p9kqx.frontend,error_ratio,trace_server_error_ratio,0.0
1776462193.63,frontend,otel-demo.frontend-b78bf7696-p9kqx.frontend,http_5xx_ratio,http_server_5xx_ratio,0.0
1776462193.63,frontend,otel-demo.frontend-b78bf7696-p9kqx.frontend,request_count,trace_server_count,0.0
1776462193.63,kafka,kafka-66df8bdf76-zjcbb,cpu_usage,container_cpu_usage,0.015707693908339364
1776462193.63,kafka,kafka-66df8bdf76-zjcbb,memory_usage,container_memory_working_set_bytes,665874432.0
1776462193.63,kafka,kafka::service,pod_restart_count,k8s_container_restarts,9.0
1776462193.63,kafka,kafka::service,pod_running_count,k8s_container_ready,1.0
1776462193.63,kafka,kafka::service,queue_lag,queue_size_ratio,0.0
1776462193.63,payment,otel-demo.payment-f9f8d647b-74h8z.payment,dependency_error_ratio,trace_client_error_ratio,0.0
1776462193.63,payment,otel-demo.payment-f9f8d647b-74h8z.payment,error_ratio,trace_server_error_ratio,0.0
1776462193.63,payment,otel-demo.payment-f9f8d647b-74h8z.payment,request_count,trace_server_count,0.0
1776462193.63,payment,otel-demo.payment-f9f8d647b-75hmx.payment,dependency_error_ratio,trace_client_error_ratio,0.0
1776462193.63,payment,otel-demo.payment-f9f8d647b-75hmx.payment,error_ratio,trace_server_error_ratio,0.0
1776462193.63,payment,otel-demo.payment-f9f8d647b-75hmx.payment,request_count,trace_server_count,0.0
1776462193.63,payment,otel-demo.payment-f9f8d647b-tv6l5.payment,dependency_error_ratio,trace_client_error_ratio,0.0
1776462193.63,payment,otel-demo.payment-f9f8d647b-tv6l5.payment,error_ratio,trace_server_error_ratio,0.0
1776462193.63,payment,otel-demo.payment-f9f8d647b-tv6l5.payment,request_count,trace_server_count,0.0
1776462193.63,payment,payment-f9f8d647b-74h8z,cpu_usage,container_cpu_usage,0.013196966262420244
1776462193.63,payment,payment-f9f8d647b-74h8z,memory_usage,container_memory_working_set_bytes,110489600.0
1776462193.63,payment,payment-f9f8d647b-75hmx,cpu_usage,container_cpu_usage,0.014817752055697634
1776462193.63,payment,payment-f9f8d647b-75hmx,memory_usage,container_memory_working_set_bytes,109903872.0
1776462193.63,payment,payment-f9f8d647b-tv6l5,cpu_usage,container_cpu_usage,0.009210865124233993
1776462193.63,payment,payment-f9f8d647b-tv6l5,memory_usage,container_memory_working_set_bytes,99250176.0
1776462193.63,payment,payment::service,pod_restart_count,k8s_container_restarts,39.0
1776462193.63,payment,payment::service,pod_running_count,k8s_container_ready,3.0
1776462193.63,product-catalog,otel-demo.product-catalog-784544475c-7crs7.product-catalog,dependency_error_ratio,trace_client_error_ratio,0.0
1776462193.63,product-catalog,otel-demo.product-catalog-784544475c-7crs7.product-catalog,error_ratio,trace_server_error_ratio,0.0
1776462193.63,product-catalog,otel-demo.product-catalog-784544475c-7crs7.product-catalog,request_count,trace_server_count,0.0
1776462193.63,product-catalog,otel-demo.product-catalog-784544475c-8skc7.product-catalog,dependency_error_ratio,trace_client_error_ratio,0.0
1776462193.63,product-catalog,otel-demo.product-catalog-784544475c-8skc7.product-catalog,error_ratio,trace_server_error_ratio,0.0
1776462193.63,product-catalog,otel-demo.product-catalog-784544475c-8skc7.product-catalog,request_count,trace_server_count,0.0
1776462193.63,product-catalog,otel-demo.product-catalog-784544475c-stwzc.product-catalog,dependency_error_ratio,trace_client_error_ratio,0.0
1776462193.63,product-catalog,otel-demo.product-catalog-784544475c-stwzc.product-catalog,error_ratio,trace_server_error_ratio,0.0
1776462193.63,product-catalog,otel-demo.product-catalog-784544475c-stwzc.product-catalog,request_count,trace_server_count,0.0
1776462193.63,product-catalog,product-catalog-784544475c-7crs7,cpu_usage,container_cpu_usage,0.02614520451820832
1776462193.63,product-catalog,product-catalog-784544475c-7crs7,memory_usage,container_memory_working_set_bytes,15659008.0
1776462193.63,product-catalog,product-catalog-784544475c-8skc7,cpu_usage,container_cpu_usage,0.08969968541956523
1776462193.63,product-catalog,product-catalog-784544475c-8skc7,memory_usage,container_memory_working_set_bytes,15773696.0
1776462193.63,product-catalog,product-catalog-784544475c-stwzc,cpu_usage,container_cpu_usage,0.0005084345691445828
1776462193.63,product-catalog,product-catalog-784544475c-stwzc,memory_usage,container_memory_working_set_bytes,12591104.0
1776462193.63,product-catalog,product-catalog::service,pod_restart_count,k8s_container_restarts,37.0
1776462193.63,product-catalog,product-catalog::service,pod_running_count,k8s_container_ready,3.0
1776462193.63,recommendation,otel-demo.recommendation-5b46f7469c-g2rgb.recommendation,dependency_error_ratio,trace_client_error_ratio,0.0
1776462193.63,recommendation,otel-demo.recommendation-5b46f7469c-rjwxq.recommendation,dependency_error_ratio,trace_client_error_ratio,0.0
1776462193.63,recommendation,otel-demo.recommendation-5b46f7469c-rjwxq.recommendation,error_ratio,trace_server_error_ratio,0.0
1776462193.63,recommendation,otel-demo.recommendation-5b46f7469c-rjwxq.recommendation,request_count,trace_server_count,0.0
1776462193.63,recommendation,otel-demo.recommendation-5b46f7469c-t2fm9.recommendation,dependency_error_ratio,trace_client_error_ratio,0.0
1776462193.63,recommendation,otel-demo.recommendation-5b46f7469c-t2fm9.recommendation,error_ratio,trace_server_error_ratio,0.0
1776462193.63,recommendation,otel-demo.recommendation-5b46f7469c-t2fm9.recommendation,request_count,trace_server_count,0.0
1776462193.63,recommendation,recommendation-5b46f7469c-g2rgb,cpu_usage,container_cpu_usage,0.011986668660670363
1776462193.63,recommendation,recommendation-5b46f7469c-g2rgb,memory_usage,container_memory_working_set_bytes,46891008.0
1776462193.63,recommendation,recommendation-5b46f7469c-rjwxq,cpu_usage,container_cpu_usage,0.022483245307789966
1776462193.63,recommendation,recommendation-5b46f7469c-rjwxq,memory_usage,container_memory_working_set_bytes,47837184.0
1776462193.63,recommendation,recommendation-5b46f7469c-t2fm9,cpu_usage,container_cpu_usage,0.035099064286395504
1776462193.63,recommendation,recommendation-5b46f7469c-t2fm9,memory_usage,container_memory_working_set_bytes,52518912.0
1776462193.63,recommendation,recommendation::service,pod_restart_count,k8s_container_restarts,3.0
1776462193.63,recommendation,recommendation::service,pod_running_count,k8s_container_ready,3.0
1776462203.63,ad,3a8b9295-6ae2-4e8a-b9b0-a607d7fec0a4,dependency_error_ratio,trace_client_error_ratio,0.0
1776462203.63,ad,3a8b9295-6ae2-4e8a-b9b0-a607d7fec0a4,error_ratio,trace_server_error_ratio,0.0
1776462203.63,ad,3a8b9295-6ae2-4e8a-b9b0-a607d7fec0a4,request_count,trace_server_count,0.0
1776462203.63,ad,5680c7ee-584c-4353-b6d2-93bc605a0324,dependency_error_ratio,trace_client_error_ratio,0.0
1776462203.63,ad,5680c7ee-584c-4353-b6d2-93bc605a0324,error_ratio,trace_server_error_ratio,0.0
1776462203.63,ad,5680c7ee-584c-4353-b6d2-93bc605a0324,request_count,trace_server_count,0.0
1776462203.63,ad,9f9a3c1c-bd3f-40ea-8764-b59f1ebd2204,dependency_error_ratio,trace_client_error_ratio,0.0
1776462203.63,ad,ad-7fb5b4f859-52ks9,cpu_usage,container_cpu_usage,0.0033591709804588693
1776462203.63,ad,ad-7fb5b4f859-52ks9,memory_usage,container_memory_working_set_bytes,260395008.0
1776462203.63,ad,ad-7fb5b4f859-rd4zw,cpu_usage,container_cpu_usage,0.0015048740861094768
1776462203.63,ad,ad-7fb5b4f859-rd4zw,memory_usage,container_memory_working_set_bytes,238280704.0
1776462203.63,ad,ad-7fb5b4f859-zsstr,cpu_usage,container_cpu_usage,0.004074989807907291
1776462203.63,ad,ad-7fb5b4f859-zsstr,memory_usage,container_memory_working_set_bytes,261775360.0
1776462203.63,ad,ad::service,pod_restart_count,k8s_container_restarts,3.0
1776462203.63,ad,ad::service,pod_running_count,k8s_container_ready,3.0
1776462203.63,cart,cart-7c7496d7f-th7mc,cpu_usage,container_cpu_usage,0.0574995996355355
1776462203.63,cart,cart-7c7496d7f-th7mc,memory_usage,container_memory_working_set_bytes,63053824.0
1776462203.63,cart,cart::service,pod_restart_count,k8s_container_restarts,1.0
1776462203.63,cart,cart::service,pod_running_count,k8s_container_ready,1.0
1776462203.63,cart,f1f3afac-3031-4c18-925a-048232421d89,dependency_error_ratio,trace_client_error_ratio,0.0
1776462203.63,cart,f1f3afac-3031-4c18-925a-048232421d89,error_ratio,trace_server_error_ratio,0.0
1776462203.63,cart,f1f3afac-3031-4c18-925a-048232421d89,request_count,trace_server_count,0.0
1776462203.63,checkout,4755bdbd-5ad9-49fa-acb7-3a7dcb6a9277,dependency_error_ratio,trace_client_error_ratio,0.0
1776462203.63,checkout,4755bdbd-5ad9-49fa-acb7-3a7dcb6a9277,error_ratio,trace_server_error_ratio,0.0
1776462203.63,checkout,4755bdbd-5ad9-49fa-acb7-3a7dcb6a9277,request_count,trace_server_count,0.0
1776462203.63,checkout,bb49e6b9-109a-41b8-be66-ab2a38272474,dependency_error_ratio,trace_client_error_ratio,0.0
1776462203.63,checkout,bb49e6b9-109a-41b8-be66-ab2a38272474,error_ratio,trace_server_error_ratio,0.0
1776462203.63,checkout,bb49e6b9-109a-41b8-be66-ab2a38272474,request_count,trace_server_count,0.0
1776462203.63,checkout,bc5804df-6f63-4261-8788-8ecfe5481366,dependency_error_ratio,trace_client_error_ratio,0.0
1776462203.63,checkout,bc5804df-6f63-4261-8788-8ecfe5481366,error_ratio,trace_server_error_ratio,0.0
1776462203.63,checkout,bc5804df-6f63-4261-8788-8ecfe5481366,request_count,trace_server_count,0.0
1776462203.63,checkout,checkout-7f4ccfc547-6crwh,cpu_usage,container_cpu_usage,0.09844078904253119
1776462203.63,checkout,checkout-7f4ccfc547-6crwh,memory_usage,container_memory_working_set_bytes,15511552.0
1776462203.63,checkout,checkout-7f4ccfc547-ftx2n,cpu_usage,container_cpu_usage,0.0005319550844789533
1776462203.63,checkout,checkout-7f4ccfc547-ftx2n,memory_usage,container_memory_working_set_bytes,12271616.0
1776462203.63,checkout,checkout-7f4ccfc547-qlfgr,cpu_usage,container_cpu_usage,0.055358795272663464
1776462203.63,checkout,checkout-7f4ccfc547-qlfgr,memory_usage,container_memory_working_set_bytes,14995456.0
1776462203.63,checkout,checkout::service,pod_restart_count,k8s_container_restarts,45.0
1776462203.63,checkout,checkout::service,pod_running_count,k8s_container_ready,3.0
1776462203.63,email,email-5dcf48b665-66zvj,cpu_usage,container_cpu_usage,0.006323232595064138
1776462203.63,email,email-5dcf48b665-66zvj,memory_usage,container_memory_working_set_bytes,59662336.0
1776462203.63,email,email-5dcf48b665-9xxmx,cpu_usage,container_cpu_usage,0.0024106516863725033
1776462203.63,email,email-5dcf48b665-9xxmx,memory_usage,container_memory_working_set_bytes,56270848.0
1776462203.63,email,email-5dcf48b665-n4zf2,cpu_usage,container_cpu_usage,0.010717344286366184
1776462203.63,email,email-5dcf48b665-n4zf2,memory_usage,container_memory_working_set_bytes,54657024.0
1776462203.63,email,email::service,pod_restart_count,k8s_container_restarts,9.0
1776462203.63,email,email::service,pod_running_count,k8s_container_ready,3.0
1776462203.63,email,otel-demo.email-5dcf48b665-66zvj.email,error_ratio,trace_server_error_ratio,0.0
1776462203.63,email,otel-demo.email-5dcf48b665-66zvj.email,request_count,trace_server_count,0.0
1776462203.63,email,otel-demo.email-5dcf48b665-9xxmx.email,error_ratio,trace_server_error_ratio,0.0
1776462203.63,email,otel-demo.email-5dcf48b665-9xxmx.email,request_count,trace_server_count,0.0
1776462203.63,email,otel-demo.email-5dcf48b665-n4zf2.email,error_ratio,trace_server_error_ratio,0.0
1776462203.63,email,otel-demo.email-5dcf48b665-n4zf2.email,request_count,trace_server_count,0.0
1776462203.63,frontend,frontend-b78bf7696-6bjdg,cpu_usage,container_cpu_usage,0.06409275033624955
1776462203.63,frontend,frontend-b78bf7696-6bjdg,memory_usage,container_memory_working_set_bytes,120905728.0
1776462203.63,frontend,frontend-b78bf7696-77ldd,cpu_usage,container_cpu_usage,0.1333408906545814
1776462203.63,frontend,frontend-b78bf7696-77ldd,memory_usage,container_memory_working_set_bytes,108490752.0
1776462203.63,frontend,frontend-b78bf7696-p9kqx,cpu_usage,container_cpu_usage,0.11630451931660248
1776462203.63,frontend,frontend-b78bf7696-p9kqx,memory_usage,container_memory_working_set_bytes,118652928.0
1776462203.63,frontend,frontend::service,pod_restart_count,k8s_container_restarts,3.0
1776462203.63,frontend,frontend::service,pod_running_count,k8s_container_ready,3.0
1776462203.63,frontend,otel-demo.frontend-b78bf7696-6bjdg.frontend,dependency_error_ratio,trace_client_error_ratio,0.0
1776462203.63,frontend,otel-demo.frontend-b78bf7696-6bjdg.frontend,error_ratio,trace_server_error_ratio,0.0
1776462203.63,frontend,otel-demo.frontend-b78bf7696-6bjdg.frontend,http_5xx_ratio,http_server_5xx_ratio,0.0
1776462203.63,frontend,otel-demo.frontend-b78bf7696-6bjdg.frontend,request_count,trace_server_count,0.0
1776462203.63,frontend,otel-demo.frontend-b78bf7696-77ldd.frontend,dependency_error_ratio,trace_client_error_ratio,0.0
1776462203.63,frontend,otel-demo.frontend-b78bf7696-77ldd.frontend,error_ratio,trace_server_error_ratio,0.0
1776462203.63,frontend,otel-demo.frontend-b78bf7696-77ldd.frontend,http_5xx_ratio,http_server_5xx_ratio,0.0
1776462203.63,frontend,otel-demo.frontend-b78bf7696-77ldd.frontend,request_count,trace_server_count,0.0
1776462203.63,frontend,otel-demo.frontend-b78bf7696-p9kqx.frontend,dependency_error_ratio,trace_client_error_ratio,0.0
1776462203.63,frontend,otel-demo.frontend-b78bf7696-p9kqx.frontend,error_ratio,trace_server_error_ratio,0.0
1776462203.63,frontend,otel-demo.frontend-b78bf7696-p9kqx.frontend,http_5xx_ratio,http_server_5xx_ratio,0.0
1776462203.63,frontend,otel-demo.frontend-b78bf7696-p9kqx.frontend,request_count,trace_server_count,0.0
1776462203.63,kafka,kafka-66df8bdf76-zjcbb,cpu_usage,container_cpu_usage,0.017891560114735496
1776462203.63,kafka,kafka-66df8bdf76-zjcbb,memory_usage,container_memory_working_set_bytes,665640960.0
1776462203.63,kafka,kafka::service,pod_restart_count,k8s_container_restarts,9.0
1776462203.63,kafka,kafka::service,pod_running_count,k8s_container_ready,1.0
1776462203.63,kafka,kafka::service,queue_lag,queue_size_ratio,0.0
1776462203.63,payment,otel-demo.payment-f9f8d647b-74h8z.payment,dependency_error_ratio,trace_client_error_ratio,0.0
1776462203.63,payment,otel-demo.payment-f9f8d647b-74h8z.payment,error_ratio,trace_server_error_ratio,0.0
1776462203.63,payment,otel-demo.payment-f9f8d647b-74h8z.payment,request_count,trace_server_count,0.0
1776462203.63,payment,otel-demo.payment-f9f8d647b-75hmx.payment,dependency_error_ratio,trace_client_error_ratio,0.0
1776462203.63,payment,otel-demo.payment-f9f8d647b-75hmx.payment,error_ratio,trace_server_error_ratio,0.0
1776462203.63,payment,otel-demo.payment-f9f8d647b-75hmx.payment,request_count,trace_server_count,0.0
1776462203.63,payment,otel-demo.payment-f9f8d647b-tv6l5.payment,dependency_error_ratio,trace_client_error_ratio,0.0
1776462203.63,payment,otel-demo.payment-f9f8d647b-tv6l5.payment,error_ratio,trace_server_error_ratio,0.0
1776462203.63,payment,otel-demo.payment-f9f8d647b-tv6l5.payment,request_count,trace_server_count,0.0
1776462203.63,payment,payment-f9f8d647b-74h8z,cpu_usage,container_cpu_usage,0.01386302149178253
1776462203.63,payment,payment-f9f8d647b-74h8z,memory_usage,container_memory_working_set_bytes,110489600.0
1776462203.63,payment,payment-f9f8d647b-75hmx,cpu_usage,container_cpu_usage,0.014262492288710646
1776462203.63,payment,payment-f9f8d647b-75hmx,memory_usage,container_memory_working_set_bytes,109903872.0
1776462203.63,payment,payment-f9f8d647b-tv6l5,cpu_usage,container_cpu_usage,0.008187170902270417
1776462203.63,payment,payment-f9f8d647b-tv6l5,memory_usage,container_memory_working_set_bytes,99254272.0
1776462203.63,payment,payment::service,pod_restart_count,k8s_container_restarts,39.0
1776462203.63,payment,payment::service,pod_running_count,k8s_container_ready,3.0
1776462203.63,product-catalog,otel-demo.product-catalog-784544475c-7crs7.product-catalog,dependency_error_ratio,trace_client_error_ratio,0.0
1776462203.63,product-catalog,otel-demo.product-catalog-784544475c-7crs7.product-catalog,error_ratio,trace_server_error_ratio,0.0
1776462203.63,product-catalog,otel-demo.product-catalog-784544475c-7crs7.product-catalog,request_count,trace_server_count,0.0
1776462203.63,product-catalog,otel-demo.product-catalog-784544475c-8skc7.product-catalog,dependency_error_ratio,trace_client_error_ratio,0.0
1776462203.63,product-catalog,otel-demo.product-catalog-784544475c-8skc7.product-catalog,error_ratio,trace_server_error_ratio,0.0
1776462203.63,product-catalog,otel-demo.product-catalog-784544475c-8skc7.product-catalog,request_count,trace_server_count,0.0
1776462203.63,product-catalog,otel-demo.product-catalog-784544475c-stwzc.product-catalog,dependency_error_ratio,trace_client_error_ratio,0.0
1776462203.63,product-catalog,otel-demo.product-catalog-784544475c-stwzc.product-catalog,error_ratio,trace_server_error_ratio,0.0
1776462203.63,product-catalog,otel-demo.product-catalog-784544475c-stwzc.product-catalog,request_count,trace_server_count,0.0
1776462203.63,product-catalog,product-catalog-784544475c-7crs7,cpu_usage,container_cpu_usage,0.03696127211548896
1776462203.63,product-catalog,product-catalog-784544475c-7crs7,memory_usage,container_memory_working_set_bytes,15085568.0
1776462203.63,product-catalog,product-catalog-784544475c-8skc7,cpu_usage,container_cpu_usage,0.05951069999999845
1776462203.63,product-catalog,product-catalog-784544475c-8skc7,memory_usage,container_memory_working_set_bytes,15773696.0
1776462203.63,product-catalog,product-catalog-784544475c-stwzc,cpu_usage,container_cpu_usage,0.0005593929879644159
1776462203.63,product-catalog,product-catalog-784544475c-stwzc,memory_usage,container_memory_working_set_bytes,12591104.0
1776462203.63,product-catalog,product-catalog::service,pod_restart_count,k8s_container_restarts,37.0
1776462203.63,product-catalog,product-catalog::service,pod_running_count,k8s_container_ready,3.0
1776462203.63,recommendation,otel-demo.recommendation-5b46f7469c-g2rgb.recommendation,dependency_error_ratio,trace_client_error_ratio,0.0
1776462203.63,recommendation,otel-demo.recommendation-5b46f7469c-rjwxq.recommendation,dependency_error_ratio,trace_client_error_ratio,0.0
1776462203.63,recommendation,otel-demo.recommendation-5b46f7469c-rjwxq.recommendation,error_ratio,trace_server_error_ratio,0.0
1776462203.63,recommendation,otel-demo.recommendation-5b46f7469c-rjwxq.recommendation,request_count,trace_server_count,0.0
1776462203.63,recommendation,otel-demo.recommendation-5b46f7469c-t2fm9.recommendation,dependency_error_ratio,trace_client_error_ratio,0.0
1776462203.63,recommendation,otel-demo.recommendation-5b46f7469c-t2fm9.recommendation,error_ratio,trace_server_error_ratio,0.0
1776462203.63,recommendation,otel-demo.recommendation-5b46f7469c-t2fm9.recommendation,request_count,trace_server_count,0.0
1776462203.63,recommendation,recommendation-5b46f7469c-g2rgb,cpu_usage,container_cpu_usage,0.0134205115424161
1776462203.63,recommendation,recommendation-5b46f7469c-g2rgb,memory_usage,container_memory_working_set_bytes,46891008.0
1776462203.63,recommendation,recommendation-5b46f7469c-rjwxq,cpu_usage,container_cpu_usage,0.03757545698773159
1776462203.63,recommendation,recommendation-5b46f7469c-rjwxq,memory_usage,container_memory_working_set_bytes,47951872.0
1776462203.63,recommendation,recommendation-5b46f7469c-t2fm9,cpu_usage,container_cpu_usage,0.04119493925464228
1776462203.63,recommendation,recommendation-5b46f7469c-t2fm9,memory_usage,container_memory_working_set_bytes,52633600.0
1776462203.63,recommendation,recommendation::service,pod_restart_count,k8s_container_restarts,3.0
1776462203.63,recommendation,recommendation::service,pod_running_count,k8s_container_ready,3.0
1776462213.63,ad,3a8b9295-6ae2-4e8a-b9b0-a607d7fec0a4,dependency_error_ratio,trace_client_error_ratio,0.0
1776462213.63,ad,3a8b9295-6ae2-4e8a-b9b0-a607d7fec0a4,error_ratio,trace_server_error_ratio,0.0
1776462213.63,ad,3a8b9295-6ae2-4e8a-b9b0-a607d7fec0a4,request_count,trace_server_count,0.0
1776462213.63,ad,5680c7ee-584c-4353-b6d2-93bc605a0324,dependency_error_ratio,trace_client_error_ratio,0.0
1776462213.63,ad,5680c7ee-584c-4353-b6d2-93bc605a0324,error_ratio,trace_server_error_ratio,0.0
1776462213.63,ad,5680c7ee-584c-4353-b6d2-93bc605a0324,request_count,trace_server_count,0.0
1776462213.63,ad,9f9a3c1c-bd3f-40ea-8764-b59f1ebd2204,dependency_error_ratio,trace_client_error_ratio,0.0
1776462213.63,ad,ad-7fb5b4f859-52ks9,cpu_usage,container_cpu_usage,0.003608506158542669
1776462213.63,ad,ad-7fb5b4f859-52ks9,memory_usage,container_memory_working_set_bytes,260395008.0
1776462213.63,ad,ad-7fb5b4f859-rd4zw,cpu_usage,container_cpu_usage,0.0015431482447998525
1776462213.63,ad,ad-7fb5b4f859-rd4zw,memory_usage,container_memory_working_set_bytes,238280704.0
1776462213.63,ad,ad-7fb5b4f859-zsstr,cpu_usage,container_cpu_usage,0.004084275583659612
1776462213.63,ad,ad-7fb5b4f859-zsstr,memory_usage,container_memory_working_set_bytes,261775360.0
1776462213.63,ad,ad::service,pod_restart_count,k8s_container_restarts,3.0
1776462213.63,ad,ad::service,pod_running_count,k8s_container_ready,3.0
1776462213.63,cart,cart-7c7496d7f-th7mc,cpu_usage,container_cpu_usage,0.057250681669798256
1776462213.63,cart,cart-7c7496d7f-th7mc,memory_usage,container_memory_working_set_bytes,63049728.0
1776462213.63,cart,cart::service,pod_restart_count,k8s_container_restarts,1.0
1776462213.63,cart,cart::service,pod_running_count,k8s_container_ready,1.0
1776462213.63,cart,f1f3afac-3031-4c18-925a-048232421d89,dependency_error_ratio,trace_client_error_ratio,0.0
1776462213.63,cart,f1f3afac-3031-4c18-925a-048232421d89,error_ratio,trace_server_error_ratio,0.0
1776462213.63,cart,f1f3afac-3031-4c18-925a-048232421d89,request_count,trace_server_count,0.0
1776462213.63,checkout,4755bdbd-5ad9-49fa-acb7-3a7dcb6a9277,dependency_error_ratio,trace_client_error_ratio,0.0
1776462213.63,checkout,4755bdbd-5ad9-49fa-acb7-3a7dcb6a9277,error_ratio,trace_server_error_ratio,0.0
1776462213.63,checkout,4755bdbd-5ad9-49fa-acb7-3a7dcb6a9277,request_count,trace_server_count,0.0
1776462213.63,checkout,bb49e6b9-109a-41b8-be66-ab2a38272474,dependency_error_ratio,trace_client_error_ratio,0.0
1776462213.63,checkout,bb49e6b9-109a-41b8-be66-ab2a38272474,error_ratio,trace_server_error_ratio,0.0
1776462213.63,checkout,bb49e6b9-109a-41b8-be66-ab2a38272474,request_count,trace_server_count,0.0
1776462213.63,checkout,bc5804df-6f63-4261-8788-8ecfe5481366,dependency_error_ratio,trace_client_error_ratio,0.0
1776462213.63,checkout,bc5804df-6f63-4261-8788-8ecfe5481366,error_ratio,trace_server_error_ratio,0.0
1776462213.63,checkout,bc5804df-6f63-4261-8788-8ecfe5481366,request_count,trace_server_count,0.0
1776462213.63,checkout,checkout-7f4ccfc547-6crwh,cpu_usage,container_cpu_usage,0.10281824495465426
1776462213.63,checkout,checkout-7f4ccfc547-6crwh,memory_usage,container_memory_working_set_bytes,16478208.0
1776462213.63,checkout,checkout-7f4ccfc547-ftx2n,cpu_usage,container_cpu_usage,0.0004940734541349578
1776462213.63,checkout,checkout-7f4ccfc547-ftx2n,memory_usage,container_memory_working_set_bytes,12275712.0
1776462213.63,checkout,checkout-7f4ccfc547-qlfgr,cpu_usage,container_cpu_usage,0.06886131241933903
1776462213.63,checkout,checkout-7f4ccfc547-qlfgr,memory_usage,container_memory_working_set_bytes,14831616.0
1776462213.63,checkout,checkout::service,pod_restart_count,k8s_container_restarts,45.0
1776462213.63,checkout,checkout::service,pod_running_count,k8s_container_ready,3.0
1776462213.63,email,email-5dcf48b665-66zvj,cpu_usage,container_cpu_usage,0.007376512299426627
1776462213.63,email,email-5dcf48b665-66zvj,memory_usage,container_memory_working_set_bytes,59641856.0
1776462213.63,email,email-5dcf48b665-9xxmx,cpu_usage,container_cpu_usage,0.0024106516863725033
1776462213.63,email,email-5dcf48b665-9xxmx,memory_usage,container_memory_working_set_bytes,56270848.0
1776462213.63,email,email-5dcf48b665-n4zf2,cpu_usage,container_cpu_usage,0.004937695558854789
1776462213.63,email,email-5dcf48b665-n4zf2,memory_usage,container_memory_working_set_bytes,54657024.0
1776462213.63,email,email::service,pod_restart_count,k8s_container_restarts,9.0
1776462213.63,email,email::service,pod_running_count,k8s_container_ready,3.0
1776462213.63,email,otel-demo.email-5dcf48b665-66zvj.email,error_ratio,trace_server_error_ratio,0.0
1776462213.63,email,otel-demo.email-5dcf48b665-66zvj.email,request_count,trace_server_count,0.0
1776462213.63,email,otel-demo.email-5dcf48b665-9xxmx.email,error_ratio,trace_server_error_ratio,0.0
1776462213.63,email,otel-demo.email-5dcf48b665-9xxmx.email,request_count,trace_server_count,0.0
1776462213.63,email,otel-demo.email-5dcf48b665-n4zf2.email,error_ratio,trace_server_error_ratio,0.0
1776462213.63,email,otel-demo.email-5dcf48b665-n4zf2.email,request_count,trace_server_count,0.0
1776462213.63,frontend,frontend-b78bf7696-6bjdg,cpu_usage,container_cpu_usage,0.05639788270240624
1776462213.63,frontend,frontend-b78bf7696-6bjdg,memory_usage,container_memory_working_set_bytes,118382592.0
1776462213.63,frontend,frontend-b78bf7696-77ldd,cpu_usage,container_cpu_usage,0.13373693371481432
1776462213.63,frontend,frontend-b78bf7696-77ldd,memory_usage,container_memory_working_set_bytes,109002752.0
1776462213.63,frontend,frontend-b78bf7696-p9kqx,cpu_usage,container_cpu_usage,0.1516969380199276
1776462213.63,frontend,frontend-b78bf7696-p9kqx,memory_usage,container_memory_working_set_bytes,118898688.0
1776462213.63,frontend,frontend::service,pod_restart_count,k8s_container_restarts,3.0
1776462213.63,frontend,frontend::service,pod_running_count,k8s_container_ready,3.0
1776462213.63,frontend,otel-demo.frontend-b78bf7696-6bjdg.frontend,dependency_error_ratio,trace_client_error_ratio,0.0
1776462213.63,frontend,otel-demo.frontend-b78bf7696-6bjdg.frontend,error_ratio,trace_server_error_ratio,0.0
1776462213.63,frontend,otel-demo.frontend-b78bf7696-6bjdg.frontend,http_5xx_ratio,http_server_5xx_ratio,0.0
1776462213.63,frontend,otel-demo.frontend-b78bf7696-6bjdg.frontend,request_count,trace_server_count,0.0
1776462213.63,frontend,otel-demo.frontend-b78bf7696-77ldd.frontend,dependency_error_ratio,trace_client_error_ratio,0.0
1776462213.63,frontend,otel-demo.frontend-b78bf7696-77ldd.frontend,error_ratio,trace_server_error_ratio,0.0
1776462213.63,frontend,otel-demo.frontend-b78bf7696-77ldd.frontend,http_5xx_ratio,http_server_5xx_ratio,0.0
1776462213.63,frontend,otel-demo.frontend-b78bf7696-77ldd.frontend,request_count,trace_server_count,0.0
1776462213.63,frontend,otel-demo.frontend-b78bf7696-p9kqx.frontend,dependency_error_ratio,trace_client_error_ratio,0.0
1776462213.63,frontend,otel-demo.frontend-b78bf7696-p9kqx.frontend,error_ratio,trace_server_error_ratio,0.0
1776462213.63,frontend,otel-demo.frontend-b78bf7696-p9kqx.frontend,http_5xx_ratio,http_server_5xx_ratio,0.0
1776462213.63,frontend,otel-demo.frontend-b78bf7696-p9kqx.frontend,request_count,trace_server_count,0.0
1776462213.63,kafka,kafka-66df8bdf76-zjcbb,cpu_usage,container_cpu_usage,0.017891560114735496
1776462213.63,kafka,kafka-66df8bdf76-zjcbb,memory_usage,container_memory_working_set_bytes,665640960.0
1776462213.63,kafka,kafka::service,pod_restart_count,k8s_container_restarts,9.0
1776462213.63,kafka,kafka::service,pod_running_count,k8s_container_ready,1.0
1776462213.63,kafka,kafka::service,queue_lag,queue_size_ratio,0.0
1776462213.63,payment,otel-demo.payment-f9f8d647b-74h8z.payment,dependency_error_ratio,trace_client_error_ratio,0.0
1776462213.63,payment,otel-demo.payment-f9f8d647b-74h8z.payment,error_ratio,trace_server_error_ratio,0.0
1776462213.63,payment,otel-demo.payment-f9f8d647b-74h8z.payment,request_count,trace_server_count,0.0
1776462213.63,payment,otel-demo.payment-f9f8d647b-75hmx.payment,dependency_error_ratio,trace_client_error_ratio,0.0
1776462213.63,payment,otel-demo.payment-f9f8d647b-75hmx.payment,error_ratio,trace_server_error_ratio,0.0
1776462213.63,payment,otel-demo.payment-f9f8d647b-75hmx.payment,request_count,trace_server_count,0.0
1776462213.63,payment,otel-demo.payment-f9f8d647b-tv6l5.payment,dependency_error_ratio,trace_client_error_ratio,0.0
1776462213.63,payment,otel-demo.payment-f9f8d647b-tv6l5.payment,error_ratio,trace_server_error_ratio,0.0
1776462213.63,payment,otel-demo.payment-f9f8d647b-tv6l5.payment,request_count,trace_server_count,0.0
1776462213.63,payment,payment-f9f8d647b-74h8z,cpu_usage,container_cpu_usage,0.013801655312420577
1776462213.63,payment,payment-f9f8d647b-74h8z,memory_usage,container_memory_working_set_bytes,110485504.0
1776462213.63,payment,payment-f9f8d647b-75hmx,cpu_usage,container_cpu_usage,0.014521007644615475
1776462213.63,payment,payment-f9f8d647b-75hmx,memory_usage,container_memory_working_set_bytes,109903872.0
1776462213.63,payment,payment-f9f8d647b-tv6l5,cpu_usage,container_cpu_usage,0.008182749672082113
1776462213.63,payment,payment-f9f8d647b-tv6l5,memory_usage,container_memory_working_set_bytes,99254272.0
1776462213.63,payment,payment::service,pod_restart_count,k8s_container_restarts,39.0
1776462213.63,payment,payment::service,pod_running_count,k8s_container_ready,3.0
1776462213.63,product-catalog,otel-demo.product-catalog-784544475c-7crs7.product-catalog,dependency_error_ratio,trace_client_error_ratio,0.0
1776462213.63,product-catalog,otel-demo.product-catalog-784544475c-7crs7.product-catalog,error_ratio,trace_server_error_ratio,0.0
1776462213.63,product-catalog,otel-demo.product-catalog-784544475c-7crs7.product-catalog,request_count,trace_server_count,0.0
1776462213.63,product-catalog,otel-demo.product-catalog-784544475c-8skc7.product-catalog,dependency_error_ratio,trace_client_error_ratio,0.0
1776462213.63,product-catalog,otel-demo.product-catalog-784544475c-8skc7.product-catalog,error_ratio,trace_server_error_ratio,0.0
1776462213.63,product-catalog,otel-demo.product-catalog-784544475c-8skc7.product-catalog,request_count,trace_server_count,0.0
1776462213.63,product-catalog,otel-demo.product-catalog-784544475c-stwzc.product-catalog,dependency_error_ratio,trace_client_error_ratio,0.0
1776462213.63,product-catalog,otel-demo.product-catalog-784544475c-stwzc.product-catalog,error_ratio,trace_server_error_ratio,0.0
1776462213.63,product-catalog,otel-demo.product-catalog-784544475c-stwzc.product-catalog,request_count,trace_server_count,0.0
1776462213.63,product-catalog,product-catalog-784544475c-7crs7,cpu_usage,container_cpu_usage,0.05346355100500143
1776462213.63,product-catalog,product-catalog-784544475c-7crs7,memory_usage,container_memory_working_set_bytes,15380480.0
1776462213.63,product-catalog,product-catalog-784544475c-8skc7,cpu_usage,container_cpu_usage,0.08624382070437824
1776462213.63,product-catalog,product-catalog-784544475c-8skc7,memory_usage,container_memory_working_set_bytes,14860288.0
1776462213.63,product-catalog,product-catalog-784544475c-stwzc,cpu_usage,container_cpu_usage,0.0005692235734331148
1776462213.63,product-catalog,product-catalog-784544475c-stwzc,memory_usage,container_memory_working_set_bytes,12591104.0
1776462213.63,product-catalog,product-catalog::service,pod_restart_count,k8s_container_restarts,37.0
1776462213.63,product-catalog,product-catalog::service,pod_running_count,k8s_container_ready,3.0
1776462213.63,recommendation,otel-demo.recommendation-5b46f7469c-g2rgb.recommendation,dependency_error_ratio,trace_client_error_ratio,0.0
1776462213.63,recommendation,otel-demo.recommendation-5b46f7469c-rjwxq.recommendation,dependency_error_ratio,trace_client_error_ratio,0.0
1776462213.63,recommendation,otel-demo.recommendation-5b46f7469c-rjwxq.recommendation,error_ratio,trace_server_error_ratio,0.0
1776462213.63,recommendation,otel-demo.recommendation-5b46f7469c-rjwxq.recommendation,request_count,trace_server_count,0.0
1776462213.63,recommendation,otel-demo.recommendation-5b46f7469c-t2fm9.recommendation,dependency_error_ratio,trace_client_error_ratio,0.0
1776462213.63,recommendation,otel-demo.recommendation-5b46f7469c-t2fm9.recommendation,error_ratio,trace_server_error_ratio,0.0
1776462213.63,recommendation,otel-demo.recommendation-5b46f7469c-t2fm9.recommendation,request_count,trace_server_count,0.0
1776462213.63,recommendation,recommendation-5b46f7469c-g2rgb,cpu_usage,container_cpu_usage,0.012144279180599541
1776462213.63,recommendation,recommendation-5b46f7469c-g2rgb,memory_usage,container_memory_working_set_bytes,46891008.0
1776462213.63,recommendation,recommendation-5b46f7469c-rjwxq,cpu_usage,container_cpu_usage,0.04565860420902635
1776462213.63,recommendation,recommendation-5b46f7469c-rjwxq,memory_usage,container_memory_working_set_bytes,47951872.0
1776462213.63,recommendation,recommendation-5b46f7469c-t2fm9,cpu_usage,container_cpu_usage,0.04694681685608512
1776462213.63,recommendation,recommendation-5b46f7469c-t2fm9,memory_usage,container_memory_working_set_bytes,52617216.0
1776462213.63,recommendation,recommendation::service,pod_restart_count,k8s_container_restarts,3.0
1776462213.63,recommendation,recommendation::service,pod_running_count,k8s_container_ready,3.0
1776462223.63,ad,3a8b9295-6ae2-4e8a-b9b0-a607d7fec0a4,dependency_error_ratio,trace_client_error_ratio,0.0
1776462223.63,ad,3a8b9295-6ae2-4e8a-b9b0-a607d7fec0a4,error_ratio,trace_server_error_ratio,0.0
1776462223.63,ad,3a8b9295-6ae2-4e8a-b9b0-a607d7fec0a4,request_count,trace_server_count,0.0
1776462223.63,ad,5680c7ee-584c-4353-b6d2-93bc605a0324,dependency_error_ratio,trace_client_error_ratio,0.0
1776462223.63,ad,5680c7ee-584c-4353-b6d2-93bc605a0324,error_ratio,trace_server_error_ratio,0.0
1776462223.63,ad,5680c7ee-584c-4353-b6d2-93bc605a0324,request_count,trace_server_count,0.0
1776462223.63,ad,9f9a3c1c-bd3f-40ea-8764-b59f1ebd2204,dependency_error_ratio,trace_client_error_ratio,0.0
1776462223.63,ad,ad-7fb5b4f859-52ks9,cpu_usage,container_cpu_usage,0.003608506158542669
1776462223.63,ad,ad-7fb5b4f859-52ks9,memory_usage,container_memory_working_set_bytes,260395008.0
1776462223.63,ad,ad-7fb5b4f859-rd4zw,cpu_usage,container_cpu_usage,0.0015431482447998523
1776462223.63,ad,ad-7fb5b4f859-rd4zw,memory_usage,container_memory_working_set_bytes,238280704.0
1776462223.63,ad,ad-7fb5b4f859-zsstr,cpu_usage,container_cpu_usage,0.0037302756813673782
1776462223.63,ad,ad-7fb5b4f859-zsstr,memory_usage,container_memory_working_set_bytes,261775360.0
1776462223.63,ad,ad::service,pod_restart_count,k8s_container_restarts,3.0
1776462223.63,ad,ad::service,pod_running_count,k8s_container_ready,3.0
1776462223.63,cart,cart-7c7496d7f-th7mc,cpu_usage,container_cpu_usage,0.05141498906520567
1776462223.63,cart,cart-7c7496d7f-th7mc,memory_usage,container_memory_working_set_bytes,63049728.0
1776462223.63,cart,cart::service,pod_restart_count,k8s_container_restarts,1.0
1776462223.63,cart,cart::service,pod_running_count,k8s_container_ready,1.0
1776462223.63,cart,f1f3afac-3031-4c18-925a-048232421d89,dependency_error_ratio,trace_client_error_ratio,0.0
1776462223.63,cart,f1f3afac-3031-4c18-925a-048232421d89,error_ratio,trace_server_error_ratio,0.0
1776462223.63,cart,f1f3afac-3031-4c18-925a-048232421d89,request_count,trace_server_count,0.0
1776462223.63,checkout,4755bdbd-5ad9-49fa-acb7-3a7dcb6a9277,dependency_error_ratio,trace_client_error_ratio,0.0
1776462223.63,checkout,4755bdbd-5ad9-49fa-acb7-3a7dcb6a9277,error_ratio,trace_server_error_ratio,0.0
1776462223.63,checkout,4755bdbd-5ad9-49fa-acb7-3a7dcb6a9277,request_count,trace_server_count,0.0
1776462223.63,checkout,bb49e6b9-109a-41b8-be66-ab2a38272474,dependency_error_ratio,trace_client_error_ratio,0.0
1776462223.63,checkout,bb49e6b9-109a-41b8-be66-ab2a38272474,error_ratio,trace_server_error_ratio,0.0
1776462223.63,checkout,bb49e6b9-109a-41b8-be66-ab2a38272474,request_count,trace_server_count,0.0
1776462223.63,checkout,bc5804df-6f63-4261-8788-8ecfe5481366,dependency_error_ratio,trace_client_error_ratio,0.0
1776462223.63,checkout,bc5804df-6f63-4261-8788-8ecfe5481366,error_ratio,trace_server_error_ratio,0.0
1776462223.63,checkout,bc5804df-6f63-4261-8788-8ecfe5481366,request_count,trace_server_count,0.0
1776462223.63,checkout,checkout-7f4ccfc547-6crwh,cpu_usage,container_cpu_usage,0.10281824495465426
1776462223.63,checkout,checkout-7f4ccfc547-6crwh,memory_usage,container_memory_working_set_bytes,16478208.0
1776462223.63,checkout,checkout-7f4ccfc547-ftx2n,cpu_usage,container_cpu_usage,0.00047694609022115564
1776462223.63,checkout,checkout-7f4ccfc547-ftx2n,memory_usage,container_memory_working_set_bytes,12275712.0
1776462223.63,checkout,checkout-7f4ccfc547-qlfgr,cpu_usage,container_cpu_usage,0.06886131241933903
1776462223.63,checkout,checkout-7f4ccfc547-qlfgr,memory_usage,container_memory_working_set_bytes,14831616.0
1776462223.63,checkout,checkout::service,pod_restart_count,k8s_container_restarts,45.0
1776462223.63,checkout,checkout::service,pod_running_count,k8s_container_ready,3.0
1776462223.63,email,email-5dcf48b665-66zvj,cpu_usage,container_cpu_usage,0.008803264060792083
1776462223.63,email,email-5dcf48b665-66zvj,memory_usage,container_memory_working_set_bytes,59641856.0
1776462223.63,email,email-5dcf48b665-9xxmx,cpu_usage,container_cpu_usage,0.0024776578712084334
1776462223.63,email,email-5dcf48b665-9xxmx,memory_usage,container_memory_working_set_bytes,56279040.0
1776462223.63,email,email-5dcf48b665-n4zf2,cpu_usage,container_cpu_usage,0.006597526957824049
1776462223.63,email,email-5dcf48b665-n4zf2,memory_usage,container_memory_working_set_bytes,54398976.0
1776462223.63,email,email::service,pod_restart_count,k8s_container_restarts,9.0
1776462223.63,email,email::service,pod_running_count,k8s_container_ready,3.0
1776462223.63,email,otel-demo.email-5dcf48b665-66zvj.email,error_ratio,trace_server_error_ratio,0.0
1776462223.63,email,otel-demo.email-5dcf48b665-66zvj.email,request_count,trace_server_count,0.0
1776462223.63,email,otel-demo.email-5dcf48b665-9xxmx.email,error_ratio,trace_server_error_ratio,0.0
1776462223.63,email,otel-demo.email-5dcf48b665-9xxmx.email,request_count,trace_server_count,0.0
1776462223.63,email,otel-demo.email-5dcf48b665-n4zf2.email,error_ratio,trace_server_error_ratio,0.0
1776462223.63,email,otel-demo.email-5dcf48b665-n4zf2.email,request_count,trace_server_count,0.0
1776462223.63,frontend,frontend-b78bf7696-6bjdg,cpu_usage,container_cpu_usage,0.052080478866330056
1776462223.63,frontend,frontend-b78bf7696-6bjdg,memory_usage,container_memory_working_set_bytes,118382592.0
1776462223.63,frontend,frontend-b78bf7696-77ldd,cpu_usage,container_cpu_usage,0.13373693371481432
1776462223.63,frontend,frontend-b78bf7696-77ldd,memory_usage,container_memory_working_set_bytes,109002752.0
1776462223.63,frontend,frontend-b78bf7696-p9kqx,cpu_usage,container_cpu_usage,0.1516969380199276
1776462223.63,frontend,frontend-b78bf7696-p9kqx,memory_usage,container_memory_working_set_bytes,118898688.0
1776462223.63,frontend,frontend::service,pod_restart_count,k8s_container_restarts,3.0
1776462223.63,frontend,frontend::service,pod_running_count,k8s_container_ready,3.0
1776462223.63,frontend,otel-demo.frontend-b78bf7696-6bjdg.frontend,dependency_error_ratio,trace_client_error_ratio,0.0
1776462223.63,frontend,otel-demo.frontend-b78bf7696-6bjdg.frontend,error_ratio,trace_server_error_ratio,0.0
1776462223.63,frontend,otel-demo.frontend-b78bf7696-6bjdg.frontend,http_5xx_ratio,http_server_5xx_ratio,0.0
1776462223.63,frontend,otel-demo.frontend-b78bf7696-6bjdg.frontend,request_count,trace_server_count,0.0
1776462223.63,frontend,otel-demo.frontend-b78bf7696-77ldd.frontend,dependency_error_ratio,trace_client_error_ratio,0.0
1776462223.63,frontend,otel-demo.frontend-b78bf7696-77ldd.frontend,error_ratio,trace_server_error_ratio,0.0
1776462223.63,frontend,otel-demo.frontend-b78bf7696-77ldd.frontend,http_5xx_ratio,http_server_5xx_ratio,0.0
1776462223.63,frontend,otel-demo.frontend-b78bf7696-77ldd.frontend,request_count,trace_server_count,0.0
1776462223.63,frontend,otel-demo.frontend-b78bf7696-p9kqx.frontend,dependency_error_ratio,trace_client_error_ratio,0.0
1776462223.63,frontend,otel-demo.frontend-b78bf7696-p9kqx.frontend,error_ratio,trace_server_error_ratio,0.0
1776462223.63,frontend,otel-demo.frontend-b78bf7696-p9kqx.frontend,http_5xx_ratio,http_server_5xx_ratio,0.0
1776462223.63,frontend,otel-demo.frontend-b78bf7696-p9kqx.frontend,request_count,trace_server_count,0.0
1776462223.63,kafka,kafka-66df8bdf76-zjcbb,cpu_usage,container_cpu_usage,0.016321134215500684
1776462223.63,kafka,kafka-66df8bdf76-zjcbb,memory_usage,container_memory_working_set_bytes,665673728.0
1776462223.63,kafka,kafka::service,pod_restart_count,k8s_container_restarts,9.0
1776462223.63,kafka,kafka::service,pod_running_count,k8s_container_ready,1.0
1776462223.63,kafka,kafka::service,queue_lag,queue_size_ratio,0.0
1776462223.63,payment,otel-demo.payment-f9f8d647b-74h8z.payment,dependency_error_ratio,trace_client_error_ratio,0.0
1776462223.63,payment,otel-demo.payment-f9f8d647b-74h8z.payment,error_ratio,trace_server_error_ratio,0.0
1776462223.63,payment,otel-demo.payment-f9f8d647b-74h8z.payment,request_count,trace_server_count,0.0
1776462223.63,payment,otel-demo.payment-f9f8d647b-75hmx.payment,dependency_error_ratio,trace_client_error_ratio,0.0
1776462223.63,payment,otel-demo.payment-f9f8d647b-75hmx.payment,error_ratio,trace_server_error_ratio,0.0
1776462223.63,payment,otel-demo.payment-f9f8d647b-75hmx.payment,request_count,trace_server_count,0.0
1776462223.63,payment,otel-demo.payment-f9f8d647b-tv6l5.payment,dependency_error_ratio,trace_client_error_ratio,0.0
1776462223.63,payment,otel-demo.payment-f9f8d647b-tv6l5.payment,error_ratio,trace_server_error_ratio,0.0
1776462223.63,payment,otel-demo.payment-f9f8d647b-tv6l5.payment,request_count,trace_server_count,0.0
1776462223.63,payment,payment-f9f8d647b-74h8z,cpu_usage,container_cpu_usage,0.012989716780605533
1776462223.63,payment,payment-f9f8d647b-74h8z,memory_usage,container_memory_working_set_bytes,110485504.0
1776462223.63,payment,payment-f9f8d647b-75hmx,cpu_usage,container_cpu_usage,0.014457548507311723
1776462223.63,payment,payment-f9f8d647b-75hmx,memory_usage,container_memory_working_set_bytes,109912064.0
1776462223.63,payment,payment-f9f8d647b-tv6l5,cpu_usage,container_cpu_usage,0.009278937096532006
1776462223.63,payment,payment-f9f8d647b-tv6l5,memory_usage,container_memory_working_set_bytes,99250176.0
1776462223.63,payment,payment::service,pod_restart_count,k8s_container_restarts,39.0
1776462223.63,payment,payment::service,pod_running_count,k8s_container_ready,3.0
1776462223.63,product-catalog,otel-demo.product-catalog-784544475c-7crs7.product-catalog,dependency_error_ratio,trace_client_error_ratio,0.0
1776462223.63,product-catalog,otel-demo.product-catalog-784544475c-7crs7.product-catalog,error_ratio,trace_server_error_ratio,0.0
1776462223.63,product-catalog,otel-demo.product-catalog-784544475c-7crs7.product-catalog,request_count,trace_server_count,0.0
1776462223.63,product-catalog,otel-demo.product-catalog-784544475c-8skc7.product-catalog,dependency_error_ratio,trace_client_error_ratio,0.0
1776462223.63,product-catalog,otel-demo.product-catalog-784544475c-8skc7.product-catalog,error_ratio,trace_server_error_ratio,0.0
1776462223.63,product-catalog,otel-demo.product-catalog-784544475c-8skc7.product-catalog,request_count,trace_server_count,0.0
1776462223.63,product-catalog,otel-demo.product-catalog-784544475c-stwzc.product-catalog,dependency_error_ratio,trace_client_error_ratio,0.0
1776462223.63,product-catalog,otel-demo.product-catalog-784544475c-stwzc.product-catalog,error_ratio,trace_server_error_ratio,0.0
1776462223.63,product-catalog,otel-demo.product-catalog-784544475c-stwzc.product-catalog,request_count,trace_server_count,0.0
1776462223.63,product-catalog,product-catalog-784544475c-7crs7,cpu_usage,container_cpu_usage,0.045563123265101244
1776462223.63,product-catalog,product-catalog-784544475c-7crs7,memory_usage,container_memory_working_set_bytes,15380480.0
1776462223.63,product-catalog,product-catalog-784544475c-8skc7,cpu_usage,container_cpu_usage,0.09292162192561516
1776462223.63,product-catalog,product-catalog-784544475c-8skc7,memory_usage,container_memory_working_set_bytes,14753792.0
1776462223.63,product-catalog,product-catalog-784544475c-stwzc,cpu_usage,container_cpu_usage,0.0005448211435911412
1776462223.63,product-catalog,product-catalog-784544475c-stwzc,memory_usage,container_memory_working_set_bytes,12595200.0
1776462223.63,product-catalog,product-catalog::service,pod_restart_count,k8s_container_restarts,37.0
1776462223.63,product-catalog,product-catalog::service,pod_running_count,k8s_container_ready,3.0
1776462223.63,recommendation,otel-demo.recommendation-5b46f7469c-g2rgb.recommendation,dependency_error_ratio,trace_client_error_ratio,0.0
1776462223.63,recommendation,otel-demo.recommendation-5b46f7469c-rjwxq.recommendation,dependency_error_ratio,trace_client_error_ratio,0.0
1776462223.63,recommendation,otel-demo.recommendation-5b46f7469c-rjwxq.recommendation,error_ratio,trace_server_error_ratio,0.0
1776462223.63,recommendation,otel-demo.recommendation-5b46f7469c-rjwxq.recommendation,request_count,trace_server_count,0.0
1776462223.63,recommendation,otel-demo.recommendation-5b46f7469c-t2fm9.recommendation,dependency_error_ratio,trace_client_error_ratio,0.0
1776462223.63,recommendation,otel-demo.recommendation-5b46f7469c-t2fm9.recommendation,error_ratio,trace_server_error_ratio,0.0
1776462223.63,recommendation,otel-demo.recommendation-5b46f7469c-t2fm9.recommendation,request_count,trace_server_count,0.0
1776462223.63,recommendation,recommendation-5b46f7469c-g2rgb,cpu_usage,container_cpu_usage,0.012317950971775134
1776462223.63,recommendation,recommendation-5b46f7469c-g2rgb,memory_usage,container_memory_working_set_bytes,46891008.0
1776462223.63,recommendation,recommendation-5b46f7469c-rjwxq,cpu_usage,container_cpu_usage,0.05716588909065452
1776462223.63,recommendation,recommendation-5b46f7469c-rjwxq,memory_usage,container_memory_working_set_bytes,47915008.0
1776462223.63,recommendation,recommendation-5b46f7469c-t2fm9,cpu_usage,container_cpu_usage,0.05358325043522511
1776462223.63,recommendation,recommendation-5b46f7469c-t2fm9,memory_usage,container_memory_working_set_bytes,52617216.0
1776462223.63,recommendation,recommendation::service,pod_restart_count,k8s_container_restarts,3.0
1776462223.63,recommendation,recommendation::service,pod_running_count,k8s_container_ready,3.0
1776462233.63,ad,3a8b9295-6ae2-4e8a-b9b0-a607d7fec0a4,dependency_error_ratio,trace_client_error_ratio,0.0
1776462233.63,ad,3a8b9295-6ae2-4e8a-b9b0-a607d7fec0a4,error_ratio,trace_server_error_ratio,0.0
1776462233.63,ad,3a8b9295-6ae2-4e8a-b9b0-a607d7fec0a4,latency_p95,trace_server_latency_p95,9.233333333333329
1776462233.63,ad,3a8b9295-6ae2-4e8a-b9b0-a607d7fec0a4,request_count,trace_server_count,12.3
1776462233.63,ad,5680c7ee-584c-4353-b6d2-93bc605a0324,dependency_error_ratio,trace_client_error_ratio,0.0
1776462233.63,ad,5680c7ee-584c-4353-b6d2-93bc605a0324,error_ratio,trace_server_error_ratio,0.0
1776462233.63,ad,5680c7ee-584c-4353-b6d2-93bc605a0324,latency_p95,trace_server_latency_p95,8.174999999999997
1776462233.63,ad,5680c7ee-584c-4353-b6d2-93bc605a0324,request_count,trace_server_count,13.3
1776462233.63,ad,9f9a3c1c-bd3f-40ea-8764-b59f1ebd2204,dependency_error_ratio,trace_client_error_ratio,0.0
1776462233.63,ad,ad-7fb5b4f859-52ks9,cpu_usage,container_cpu_usage,0.002799575751462364
1776462233.63,ad,ad-7fb5b4f859-52ks9,memory_usage,container_memory_working_set_bytes,260395008.0
1776462233.63,ad,ad-7fb5b4f859-rd4zw,cpu_usage,container_cpu_usage,0.0013699971039700723
1776462233.63,ad,ad-7fb5b4f859-rd4zw,memory_usage,container_memory_working_set_bytes,238280704.0
1776462233.63,ad,ad-7fb5b4f859-zsstr,cpu_usage,container_cpu_usage,0.0028543795424671335
1776462233.63,ad,ad-7fb5b4f859-zsstr,memory_usage,container_memory_working_set_bytes,261775360.0
1776462233.63,ad,ad::service,pod_restart_count,k8s_container_restarts,3.0
1776462233.63,ad,ad::service,pod_running_count,k8s_container_ready,3.0
1776462233.63,cart,cart-7c7496d7f-th7mc,cpu_usage,container_cpu_usage,0.050651679284787705
1776462233.63,cart,cart-7c7496d7f-th7mc,memory_usage,container_memory_working_set_bytes,63602688.0
1776462233.63,cart,cart::service,pod_restart_count,k8s_container_restarts,1.0
1776462233.63,cart,cart::service,pod_running_count,k8s_container_ready,1.0
1776462233.63,cart,f1f3afac-3031-4c18-925a-048232421d89,dependency_error_ratio,trace_client_error_ratio,0.0
1776462233.63,cart,f1f3afac-3031-4c18-925a-048232421d89,error_ratio,trace_server_error_ratio,0.0
1776462233.63,cart,f1f3afac-3031-4c18-925a-048232421d89,latency_p95,trace_server_latency_p95,9.065217391304348
1776462233.63,cart,f1f3afac-3031-4c18-925a-048232421d89,request_count,trace_server_count,107.5
1776462233.63,checkout,4755bdbd-5ad9-49fa-acb7-3a7dcb6a9277,dependency_error_ratio,trace_client_error_ratio,0.0
1776462233.63,checkout,4755bdbd-5ad9-49fa-acb7-3a7dcb6a9277,error_ratio,trace_server_error_ratio,0.0
1776462233.63,checkout,4755bdbd-5ad9-49fa-acb7-3a7dcb6a9277,latency_p95,trace_server_latency_p95,786.6666666666665
1776462233.63,checkout,4755bdbd-5ad9-49fa-acb7-3a7dcb6a9277,request_count,trace_server_count,8.4
1776462233.63,checkout,bb49e6b9-109a-41b8-be66-ab2a38272474,dependency_error_ratio,trace_client_error_ratio,0.0
1776462233.63,checkout,bb49e6b9-109a-41b8-be66-ab2a38272474,error_ratio,trace_server_error_ratio,0.0
1776462233.63,checkout,bb49e6b9-109a-41b8-be66-ab2a38272474,request_count,trace_server_count,0.0
1776462233.63,checkout,bc5804df-6f63-4261-8788-8ecfe5481366,dependency_error_ratio,trace_client_error_ratio,0.0
1776462233.63,checkout,bc5804df-6f63-4261-8788-8ecfe5481366,error_ratio,trace_server_error_ratio,0.0
1776462233.63,checkout,bc5804df-6f63-4261-8788-8ecfe5481366,latency_p95,trace_server_latency_p95,303.33333333333314
1776462233.63,checkout,bc5804df-6f63-4261-8788-8ecfe5481366,request_count,trace_server_count,6.9
1776462233.63,checkout,checkout-7f4ccfc547-6crwh,cpu_usage,container_cpu_usage,0.07337243091857874
1776462233.63,checkout,checkout-7f4ccfc547-6crwh,memory_usage,container_memory_working_set_bytes,16478208.0
1776462233.63,checkout,checkout-7f4ccfc547-ftx2n,cpu_usage,container_cpu_usage,0.00046795796795796505
1776462233.63,checkout,checkout-7f4ccfc547-ftx2n,memory_usage,container_memory_working_set_bytes,12271616.0
1776462233.63,checkout,checkout-7f4ccfc547-qlfgr,cpu_usage,container_cpu_usage,0.07233703199612457
1776462233.63,checkout,checkout-7f4ccfc547-qlfgr,memory_usage,container_memory_working_set_bytes,15302656.0
1776462233.63,checkout,checkout::service,pod_restart_count,k8s_container_restarts,45.0
1776462233.63,checkout,checkout::service,pod_running_count,k8s_container_ready,3.0
1776462233.63,email,email-5dcf48b665-66zvj,cpu_usage,container_cpu_usage,0.007047232962265581
1776462233.63,email,email-5dcf48b665-66zvj,memory_usage,container_memory_working_set_bytes,59641856.0
1776462233.63,email,email-5dcf48b665-9xxmx,cpu_usage,container_cpu_usage,0.0015046423393696461
1776462233.63,email,email-5dcf48b665-9xxmx,memory_usage,container_memory_working_set_bytes,56279040.0
1776462233.63,email,email-5dcf48b665-n4zf2,cpu_usage,container_cpu_usage,0.006090443549462037
1776462233.63,email,email-5dcf48b665-n4zf2,memory_usage,container_memory_working_set_bytes,54398976.0
1776462233.63,email,email::service,pod_restart_count,k8s_container_restarts,9.0
1776462233.63,email,email::service,pod_running_count,k8s_container_ready,3.0
1776462233.63,email,otel-demo.email-5dcf48b665-66zvj.email,error_ratio,trace_server_error_ratio,0.0
1776462233.63,email,otel-demo.email-5dcf48b665-66zvj.email,latency_p95,trace_server_latency_p95,17.99999999999997
1776462233.63,email,otel-demo.email-5dcf48b665-66zvj.email,request_count,trace_server_count,6.4
1776462233.63,email,otel-demo.email-5dcf48b665-9xxmx.email,error_ratio,trace_server_error_ratio,0.0
1776462233.63,email,otel-demo.email-5dcf48b665-9xxmx.email,latency_p95,trace_server_latency_p95,37.99999999999997
1776462233.63,email,otel-demo.email-5dcf48b665-9xxmx.email,request_count,trace_server_count,1.2
1776462233.63,email,otel-demo.email-5dcf48b665-n4zf2.email,error_ratio,trace_server_error_ratio,0.0
1776462233.63,email,otel-demo.email-5dcf48b665-n4zf2.email,latency_p95,trace_server_latency_p95,25.999999999999982
1776462233.63,email,otel-demo.email-5dcf48b665-n4zf2.email,request_count,trace_server_count,8.4
1776462233.63,frontend,frontend-b78bf7696-6bjdg,cpu_usage,container_cpu_usage,0.032838315043298656
1776462233.63,frontend,frontend-b78bf7696-6bjdg,memory_usage,container_memory_working_set_bytes,118882304.0
1776462233.63,frontend,frontend-b78bf7696-77ldd,cpu_usage,container_cpu_usage,0.13055291483502007
1776462233.63,frontend,frontend-b78bf7696-77ldd,memory_usage,container_memory_working_set_bytes,109207552.0
1776462233.63,frontend,frontend-b78bf7696-p9kqx,cpu_usage,container_cpu_usage,0.13160417644299566
1776462233.63,frontend,frontend-b78bf7696-p9kqx,memory_usage,container_memory_working_set_bytes,117907456.0
1776462233.63,frontend,frontend::service,pod_restart_count,k8s_container_restarts,3.0
1776462233.63,frontend,frontend::service,pod_running_count,k8s_container_ready,3.0
1776462233.63,frontend,otel-demo.frontend-b78bf7696-6bjdg.frontend,dependency_error_ratio,trace_client_error_ratio,0.0
1776462233.63,frontend,otel-demo.frontend-b78bf7696-6bjdg.frontend,error_ratio,trace_server_error_ratio,0.0
1776462233.63,frontend,otel-demo.frontend-b78bf7696-6bjdg.frontend,http_5xx_ratio,http_server_5xx_ratio,0.0
1776462233.63,frontend,otel-demo.frontend-b78bf7696-6bjdg.frontend,latency_p95,trace_server_latency_p95,77.7702702702702
1776462233.63,frontend,otel-demo.frontend-b78bf7696-6bjdg.frontend,request_count,trace_server_count,52.9
1776462233.63,frontend,otel-demo.frontend-b78bf7696-77ldd.frontend,dependency_error_ratio,trace_client_error_ratio,0.0
1776462233.63,frontend,otel-demo.frontend-b78bf7696-77ldd.frontend,error_ratio,trace_server_error_ratio,0.0
1776462233.63,frontend,otel-demo.frontend-b78bf7696-77ldd.frontend,http_5xx_ratio,http_server_5xx_ratio,0.0
1776462233.63,frontend,otel-demo.frontend-b78bf7696-77ldd.frontend,latency_p95,trace_server_latency_p95,80.84415584415585
1776462233.63,frontend,otel-demo.frontend-b78bf7696-77ldd.frontend,request_count,trace_server_count,202.0
1776462233.63,frontend,otel-demo.frontend-b78bf7696-p9kqx.frontend,dependency_error_ratio,trace_client_error_ratio,0.0
1776462233.63,frontend,otel-demo.frontend-b78bf7696-p9kqx.frontend,error_ratio,trace_server_error_ratio,0.0
1776462233.63,frontend,otel-demo.frontend-b78bf7696-p9kqx.frontend,http_5xx_ratio,http_server_5xx_ratio,0.0
1776462233.63,frontend,otel-demo.frontend-b78bf7696-p9kqx.frontend,latency_p95,trace_server_latency_p95,89.06424581005584
1776462233.63,frontend,otel-demo.frontend-b78bf7696-p9kqx.frontend,request_count,trace_server_count,198.3
1776462233.63,kafka,kafka-66df8bdf76-zjcbb,cpu_usage,container_cpu_usage,0.016321134215500684
1776462233.63,kafka,kafka-66df8bdf76-zjcbb,memory_usage,container_memory_working_set_bytes,665673728.0
1776462233.63,kafka,kafka::service,pod_restart_count,k8s_container_restarts,9.0
1776462233.63,kafka,kafka::service,pod_running_count,k8s_container_ready,1.0
1776462233.63,kafka,kafka::service,queue_lag,queue_size_ratio,0.0
1776462233.63,payment,otel-demo.payment-f9f8d647b-74h8z.payment,dependency_error_ratio,trace_client_error_ratio,0.0
1776462233.63,payment,otel-demo.payment-f9f8d647b-74h8z.payment,error_ratio,trace_server_error_ratio,0.0
1776462233.63,payment,otel-demo.payment-f9f8d647b-74h8z.payment,request_count,trace_server_count,0.0
1776462233.63,payment,otel-demo.payment-f9f8d647b-75hmx.payment,dependency_error_ratio,trace_client_error_ratio,0.0
1776462233.63,payment,otel-demo.payment-f9f8d647b-75hmx.payment,error_ratio,trace_server_error_ratio,0.0
1776462233.63,payment,otel-demo.payment-f9f8d647b-75hmx.payment,request_count,trace_server_count,0.0
1776462233.63,payment,otel-demo.payment-f9f8d647b-tv6l5.payment,dependency_error_ratio,trace_client_error_ratio,0.0
1776462233.63,payment,otel-demo.payment-f9f8d647b-tv6l5.payment,error_ratio,trace_server_error_ratio,0.0
1776462233.63,payment,otel-demo.payment-f9f8d647b-tv6l5.payment,request_count,trace_server_count,0.0
1776462233.63,payment,payment-f9f8d647b-74h8z,cpu_usage,container_cpu_usage,0.012516002560409845
1776462233.63,payment,payment-f9f8d647b-74h8z,memory_usage,container_memory_working_set_bytes,110485504.0
1776462233.63,payment,payment-f9f8d647b-75hmx,cpu_usage,container_cpu_usage,0.011256295039808344
1776462233.63,payment,payment-f9f8d647b-75hmx,memory_usage,container_memory_working_set_bytes,109912064.0
1776462233.63,payment,payment-f9f8d647b-tv6l5,cpu_usage,container_cpu_usage,0.008171775417298733
1776462233.63,payment,payment-f9f8d647b-tv6l5,memory_usage,container_memory_working_set_bytes,99250176.0
1776462233.63,payment,payment::service,pod_restart_count,k8s_container_restarts,39.0
1776462233.63,payment,payment::service,pod_running_count,k8s_container_ready,3.0
1776462233.63,product-catalog,otel-demo.product-catalog-784544475c-7crs7.product-catalog,dependency_error_ratio,trace_client_error_ratio,0.0
1776462233.63,product-catalog,otel-demo.product-catalog-784544475c-7crs7.product-catalog,error_ratio,trace_server_error_ratio,0.0
1776462233.63,product-catalog,otel-demo.product-catalog-784544475c-7crs7.product-catalog,request_count,trace_server_count,0.0
1776462233.63,product-catalog,otel-demo.product-catalog-784544475c-8skc7.product-catalog,dependency_error_ratio,trace_client_error_ratio,0.0
1776462233.63,product-catalog,otel-demo.product-catalog-784544475c-8skc7.product-catalog,error_ratio,trace_server_error_ratio,0.0
1776462233.63,product-catalog,otel-demo.product-catalog-784544475c-8skc7.product-catalog,request_count,trace_server_count,0.0
1776462233.63,product-catalog,otel-demo.product-catalog-784544475c-stwzc.product-catalog,dependency_error_ratio,trace_client_error_ratio,0.0
1776462233.63,product-catalog,otel-demo.product-catalog-784544475c-stwzc.product-catalog,error_ratio,trace_server_error_ratio,0.0
1776462233.63,product-catalog,otel-demo.product-catalog-784544475c-stwzc.product-catalog,request_count,trace_server_count,0.0
1776462233.63,product-catalog,product-catalog-784544475c-7crs7,cpu_usage,container_cpu_usage,0.04819797440920272
1776462233.63,product-catalog,product-catalog-784544475c-7crs7,memory_usage,container_memory_working_set_bytes,14954496.0
1776462233.63,product-catalog,product-catalog-784544475c-8skc7,cpu_usage,container_cpu_usage,0.09082080337605615
1776462233.63,product-catalog,product-catalog-784544475c-8skc7,memory_usage,container_memory_working_set_bytes,14753792.0
1776462233.63,product-catalog,product-catalog-784544475c-stwzc,cpu_usage,container_cpu_usage,0.0005738303105657223
1776462233.63,product-catalog,product-catalog-784544475c-stwzc,memory_usage,container_memory_working_set_bytes,12595200.0
1776462233.63,product-catalog,product-catalog::service,pod_restart_count,k8s_container_restarts,37.0
1776462233.63,product-catalog,product-catalog::service,pod_running_count,k8s_container_ready,3.0
1776462233.63,recommendation,otel-demo.recommendation-5b46f7469c-g2rgb.recommendation,dependency_error_ratio,trace_client_error_ratio,0.0
1776462233.63,recommendation,otel-demo.recommendation-5b46f7469c-rjwxq.recommendation,dependency_error_ratio,trace_client_error_ratio,0.0
1776462233.63,recommendation,otel-demo.recommendation-5b46f7469c-rjwxq.recommendation,error_ratio,trace_server_error_ratio,0.0
1776462233.63,recommendation,otel-demo.recommendation-5b46f7469c-rjwxq.recommendation,latency_p95,trace_server_latency_p95,41.06666666666664
1776462233.63,recommendation,otel-demo.recommendation-5b46f7469c-rjwxq.recommendation,request_count,trace_server_count,8.7
1776462233.63,recommendation,otel-demo.recommendation-5b46f7469c-t2fm9.recommendation,dependency_error_ratio,trace_client_error_ratio,0.0
1776462233.63,recommendation,otel-demo.recommendation-5b46f7469c-t2fm9.recommendation,error_ratio,trace_server_error_ratio,0.0
1776462233.63,recommendation,otel-demo.recommendation-5b46f7469c-t2fm9.recommendation,latency_p95,trace_server_latency_p95,33.53846153846151
1776462233.63,recommendation,otel-demo.recommendation-5b46f7469c-t2fm9.recommendation,request_count,trace_server_count,12.7
1776462233.63,recommendation,recommendation-5b46f7469c-g2rgb,cpu_usage,container_cpu_usage,0.009040013679889625
1776462233.63,recommendation,recommendation-5b46f7469c-g2rgb,memory_usage,container_memory_working_set_bytes,46891008.0
1776462233.63,recommendation,recommendation-5b46f7469c-rjwxq,cpu_usage,container_cpu_usage,0.04633770283299494
1776462233.63,recommendation,recommendation-5b46f7469c-rjwxq,memory_usage,container_memory_working_set_bytes,47845376.0
1776462233.63,recommendation,recommendation-5b46f7469c-t2fm9,cpu_usage,container_cpu_usage,0.04859447834350733
1776462233.63,recommendation,recommendation-5b46f7469c-t2fm9,memory_usage,container_memory_working_set_bytes,52547584.0
1776462233.63,recommendation,recommendation::service,pod_restart_count,k8s_container_restarts,3.0
1776462233.63,recommendation,recommendation::service,pod_running_count,k8s_container_ready,3.0
1776462243.63,ad,3a8b9295-6ae2-4e8a-b9b0-a607d7fec0a4,dependency_error_ratio,trace_client_error_ratio,0.0
1776462243.63,ad,3a8b9295-6ae2-4e8a-b9b0-a607d7fec0a4,error_ratio,trace_server_error_ratio,0.0
1776462243.63,ad,3a8b9295-6ae2-4e8a-b9b0-a607d7fec0a4,request_count,trace_server_count,0.0
1776462243.63,ad,5680c7ee-584c-4353-b6d2-93bc605a0324,dependency_error_ratio,trace_client_error_ratio,0.0
1776462243.63,ad,5680c7ee-584c-4353-b6d2-93bc605a0324,error_ratio,trace_server_error_ratio,0.0
1776462243.63,ad,5680c7ee-584c-4353-b6d2-93bc605a0324,request_count,trace_server_count,0.0
1776462243.63,ad,9f9a3c1c-bd3f-40ea-8764-b59f1ebd2204,dependency_error_ratio,trace_client_error_ratio,0.0
1776462243.63,ad,ad-7fb5b4f859-52ks9,cpu_usage,container_cpu_usage,0.0029917440103587514
1776462243.63,ad,ad-7fb5b4f859-52ks9,memory_usage,container_memory_working_set_bytes,260395008.0
1776462243.63,ad,ad-7fb5b4f859-rd4zw,cpu_usage,container_cpu_usage,0.001322893003175194
1776462243.63,ad,ad-7fb5b4f859-rd4zw,memory_usage,container_memory_working_set_bytes,238280704.0
1776462243.63,ad,ad-7fb5b4f859-zsstr,cpu_usage,container_cpu_usage,0.00402729774352646
1776462243.63,ad,ad-7fb5b4f859-zsstr,memory_usage,container_memory_working_set_bytes,261808128.0
1776462243.63,ad,ad::service,pod_restart_count,k8s_container_restarts,3.0
1776462243.63,ad,ad::service,pod_running_count,k8s_container_ready,3.0
1776462243.63,cart,cart-7c7496d7f-th7mc,cpu_usage,container_cpu_usage,0.04327480532892491
1776462243.63,cart,cart-7c7496d7f-th7mc,memory_usage,container_memory_working_set_bytes,63602688.0
1776462243.63,cart,cart::service,pod_restart_count,k8s_container_restarts,1.0
1776462243.63,cart,cart::service,pod_running_count,k8s_container_ready,1.0
1776462243.63,cart,f1f3afac-3031-4c18-925a-048232421d89,dependency_error_ratio,trace_client_error_ratio,0.0
1776462243.63,cart,f1f3afac-3031-4c18-925a-048232421d89,error_ratio,trace_server_error_ratio,0.0
1776462243.63,cart,f1f3afac-3031-4c18-925a-048232421d89,request_count,trace_server_count,0.0
1776462243.63,checkout,4755bdbd-5ad9-49fa-acb7-3a7dcb6a9277,dependency_error_ratio,trace_client_error_ratio,0.0
1776462243.63,checkout,4755bdbd-5ad9-49fa-acb7-3a7dcb6a9277,error_ratio,trace_server_error_ratio,0.0
1776462243.63,checkout,4755bdbd-5ad9-49fa-acb7-3a7dcb6a9277,request_count,trace_server_count,0.0
1776462243.63,checkout,bb49e6b9-109a-41b8-be66-ab2a38272474,dependency_error_ratio,trace_client_error_ratio,0.0
1776462243.63,checkout,bb49e6b9-109a-41b8-be66-ab2a38272474,error_ratio,trace_server_error_ratio,0.0
1776462243.63,checkout,bb49e6b9-109a-41b8-be66-ab2a38272474,request_count,trace_server_count,0.0
1776462243.63,checkout,bc5804df-6f63-4261-8788-8ecfe5481366,dependency_error_ratio,trace_client_error_ratio,0.0
1776462243.63,checkout,bc5804df-6f63-4261-8788-8ecfe5481366,error_ratio,trace_server_error_ratio,0.0
1776462243.63,checkout,bc5804df-6f63-4261-8788-8ecfe5481366,request_count,trace_server_count,0.0
1776462243.63,checkout,checkout-7f4ccfc547-6crwh,cpu_usage,container_cpu_usage,0.08832683382100932
1776462243.63,checkout,checkout-7f4ccfc547-6crwh,memory_usage,container_memory_working_set_bytes,16101376.0
1776462243.63,checkout,checkout-7f4ccfc547-ftx2n,cpu_usage,container_cpu_usage,0.00044780773676713096
1776462243.63,checkout,checkout-7f4ccfc547-ftx2n,memory_usage,container_memory_working_set_bytes,12271616.0
1776462243.63,checkout,checkout-7f4ccfc547-qlfgr,cpu_usage,container_cpu_usage,0.07227502541025904
1776462243.63,checkout,checkout-7f4ccfc547-qlfgr,memory_usage,container_memory_working_set_bytes,14774272.0
1776462243.63,checkout,checkout::service,pod_restart_count,k8s_container_restarts,45.0
1776462243.63,checkout,checkout::service,pod_running_count,k8s_container_ready,3.0
1776462243.63,email,email-5dcf48b665-66zvj,cpu_usage,container_cpu_usage,0.009934592470529595
1776462243.63,email,email-5dcf48b665-66zvj,memory_usage,container_memory_working_set_bytes,59584512.0
1776462243.63,email,email-5dcf48b665-9xxmx,cpu_usage,container_cpu_usage,0.0040002042483656625
1776462243.63,email,email-5dcf48b665-9xxmx,memory_usage,container_memory_working_set_bytes,56217600.0
1776462243.63,email,email-5dcf48b665-n4zf2,cpu_usage,container_cpu_usage,0.004394319722189324
1776462243.63,email,email-5dcf48b665-n4zf2,memory_usage,container_memory_working_set_bytes,54427648.0
1776462243.63,email,email::service,pod_restart_count,k8s_container_restarts,9.0
1776462243.63,email,email::service,pod_running_count,k8s_container_ready,3.0
1776462243.63,email,otel-demo.email-5dcf48b665-66zvj.email,error_ratio,trace_server_error_ratio,0.0
1776462243.63,email,otel-demo.email-5dcf48b665-66zvj.email,request_count,trace_server_count,0.0
1776462243.63,email,otel-demo.email-5dcf48b665-9xxmx.email,error_ratio,trace_server_error_ratio,0.0
1776462243.63,email,otel-demo.email-5dcf48b665-9xxmx.email,request_count,trace_server_count,0.0
1776462243.63,email,otel-demo.email-5dcf48b665-n4zf2.email,error_ratio,trace_server_error_ratio,0.0
1776462243.63,email,otel-demo.email-5dcf48b665-n4zf2.email,request_count,trace_server_count,0.0
1776462243.63,frontend,frontend-b78bf7696-6bjdg,cpu_usage,container_cpu_usage,0.03681291072288339
1776462243.63,frontend,frontend-b78bf7696-6bjdg,memory_usage,container_memory_working_set_bytes,119484416.0
1776462243.63,frontend,frontend-b78bf7696-77ldd,cpu_usage,container_cpu_usage,0.15129235982744935
1776462243.63,frontend,frontend-b78bf7696-77ldd,memory_usage,container_memory_working_set_bytes,109207552.0
1776462243.63,frontend,frontend-b78bf7696-p9kqx,cpu_usage,container_cpu_usage,0.10300895401859066
1776462243.63,frontend,frontend-b78bf7696-p9kqx,memory_usage,container_memory_working_set_bytes,117780480.0
1776462243.63,frontend,frontend::service,pod_restart_count,k8s_container_restarts,3.0
1776462243.63,frontend,frontend::service,pod_running_count,k8s_container_ready,3.0
1776462243.63,frontend,otel-demo.frontend-b78bf7696-6bjdg.frontend,dependency_error_ratio,trace_client_error_ratio,0.0
1776462243.63,frontend,otel-demo.frontend-b78bf7696-6bjdg.frontend,error_ratio,trace_server_error_ratio,0.0
1776462243.63,frontend,otel-demo.frontend-b78bf7696-6bjdg.frontend,http_5xx_ratio,http_server_5xx_ratio,0.0
1776462243.63,frontend,otel-demo.frontend-b78bf7696-6bjdg.frontend,request_count,trace_server_count,0.0
1776462243.63,frontend,otel-demo.frontend-b78bf7696-77ldd.frontend,dependency_error_ratio,trace_client_error_ratio,0.0
1776462243.63,frontend,otel-demo.frontend-b78bf7696-77ldd.frontend,error_ratio,trace_server_error_ratio,0.0
1776462243.63,frontend,otel-demo.frontend-b78bf7696-77ldd.frontend,http_5xx_ratio,http_server_5xx_ratio,0.0
1776462243.63,frontend,otel-demo.frontend-b78bf7696-77ldd.frontend,request_count,trace_server_count,0.0
1776462243.63,frontend,otel-demo.frontend-b78bf7696-p9kqx.frontend,dependency_error_ratio,trace_client_error_ratio,0.0
1776462243.63,frontend,otel-demo.frontend-b78bf7696-p9kqx.frontend,error_ratio,trace_server_error_ratio,0.0
1776462243.63,frontend,otel-demo.frontend-b78bf7696-p9kqx.frontend,http_5xx_ratio,http_server_5xx_ratio,0.0
1776462243.63,frontend,otel-demo.frontend-b78bf7696-p9kqx.frontend,request_count,trace_server_count,0.0
1776462243.63,kafka,kafka-66df8bdf76-zjcbb,cpu_usage,container_cpu_usage,0.011073261137900385
1776462243.63,kafka,kafka-66df8bdf76-zjcbb,memory_usage,container_memory_working_set_bytes,665718784.0
1776462243.63,kafka,kafka::service,pod_restart_count,k8s_container_restarts,9.0
1776462243.63,kafka,kafka::service,pod_running_count,k8s_container_ready,1.0
1776462243.63,kafka,kafka::service,queue_lag,queue_size_ratio,0.0
1776462243.63,payment,otel-demo.payment-f9f8d647b-74h8z.payment,dependency_error_ratio,trace_client_error_ratio,0.0
1776462243.63,payment,otel-demo.payment-f9f8d647b-74h8z.payment,error_ratio,trace_server_error_ratio,0.0
1776462243.63,payment,otel-demo.payment-f9f8d647b-74h8z.payment,request_count,trace_server_count,0.0
1776462243.63,payment,otel-demo.payment-f9f8d647b-75hmx.payment,dependency_error_ratio,trace_client_error_ratio,0.0
1776462243.63,payment,otel-demo.payment-f9f8d647b-75hmx.payment,error_ratio,trace_server_error_ratio,0.0
1776462243.63,payment,otel-demo.payment-f9f8d647b-75hmx.payment,request_count,trace_server_count,0.0
1776462243.63,payment,otel-demo.payment-f9f8d647b-tv6l5.payment,dependency_error_ratio,trace_client_error_ratio,0.0
1776462243.63,payment,otel-demo.payment-f9f8d647b-tv6l5.payment,error_ratio,trace_server_error_ratio,0.0
1776462243.63,payment,otel-demo.payment-f9f8d647b-tv6l5.payment,request_count,trace_server_count,0.0
1776462243.63,payment,payment-f9f8d647b-74h8z,cpu_usage,container_cpu_usage,0.012591617514940872
1776462243.63,payment,payment-f9f8d647b-74h8z,memory_usage,container_memory_working_set_bytes,110493696.0
1776462243.63,payment,payment-f9f8d647b-75hmx,cpu_usage,container_cpu_usage,0.011886955373647045
1776462243.63,payment,payment-f9f8d647b-75hmx,memory_usage,container_memory_working_set_bytes,109907968.0
1776462243.63,payment,payment-f9f8d647b-tv6l5,cpu_usage,container_cpu_usage,0.00794257448925834
1776462243.63,payment,payment-f9f8d647b-tv6l5,memory_usage,container_memory_working_set_bytes,99250176.0
1776462243.63,payment,payment::service,pod_restart_count,k8s_container_restarts,39.0
1776462243.63,payment,payment::service,pod_running_count,k8s_container_ready,3.0
1776462243.63,product-catalog,otel-demo.product-catalog-784544475c-7crs7.product-catalog,dependency_error_ratio,trace_client_error_ratio,0.0
1776462243.63,product-catalog,otel-demo.product-catalog-784544475c-7crs7.product-catalog,error_ratio,trace_server_error_ratio,0.0
1776462243.63,product-catalog,otel-demo.product-catalog-784544475c-7crs7.product-catalog,request_count,trace_server_count,0.0
1776462243.63,product-catalog,otel-demo.product-catalog-784544475c-8skc7.product-catalog,dependency_error_ratio,trace_client_error_ratio,0.0
1776462243.63,product-catalog,otel-demo.product-catalog-784544475c-8skc7.product-catalog,error_ratio,trace_server_error_ratio,0.0
1776462243.63,product-catalog,otel-demo.product-catalog-784544475c-8skc7.product-catalog,request_count,trace_server_count,0.0
1776462243.63,product-catalog,otel-demo.product-catalog-784544475c-stwzc.product-catalog,dependency_error_ratio,trace_client_error_ratio,0.0
1776462243.63,product-catalog,otel-demo.product-catalog-784544475c-stwzc.product-catalog,error_ratio,trace_server_error_ratio,0.0
1776462243.63,product-catalog,otel-demo.product-catalog-784544475c-stwzc.product-catalog,request_count,trace_server_count,0.0
1776462243.63,product-catalog,product-catalog-784544475c-7crs7,cpu_usage,container_cpu_usage,0.041598801126856016
1776462243.63,product-catalog,product-catalog-784544475c-7crs7,memory_usage,container_memory_working_set_bytes,14991360.0
1776462243.63,product-catalog,product-catalog-784544475c-8skc7,cpu_usage,container_cpu_usage,0.11072785756761962
1776462243.63,product-catalog,product-catalog-784544475c-8skc7,memory_usage,container_memory_working_set_bytes,15876096.0
1776462243.63,product-catalog,product-catalog-784544475c-stwzc,cpu_usage,container_cpu_usage,0.0004413653881446134
1776462243.63,product-catalog,product-catalog-784544475c-stwzc,memory_usage,container_memory_working_set_bytes,12603392.0
1776462243.63,product-catalog,product-catalog::service,pod_restart_count,k8s_container_restarts,37.0
1776462243.63,product-catalog,product-catalog::service,pod_running_count,k8s_container_ready,3.0
1776462243.63,recommendation,otel-demo.recommendation-5b46f7469c-g2rgb.recommendation,dependency_error_ratio,trace_client_error_ratio,0.0
1776462243.63,recommendation,otel-demo.recommendation-5b46f7469c-rjwxq.recommendation,dependency_error_ratio,trace_client_error_ratio,0.0
1776462243.63,recommendation,otel-demo.recommendation-5b46f7469c-rjwxq.recommendation,error_ratio,trace_server_error_ratio,0.0
1776462243.63,recommendation,otel-demo.recommendation-5b46f7469c-rjwxq.recommendation,request_count,trace_server_count,0.0
1776462243.63,recommendation,otel-demo.recommendation-5b46f7469c-t2fm9.recommendation,dependency_error_ratio,trace_client_error_ratio,0.0
1776462243.63,recommendation,otel-demo.recommendation-5b46f7469c-t2fm9.recommendation,error_ratio,trace_server_error_ratio,0.0
1776462243.63,recommendation,otel-demo.recommendation-5b46f7469c-t2fm9.recommendation,request_count,trace_server_count,0.0
1776462243.63,recommendation,recommendation-5b46f7469c-g2rgb,cpu_usage,container_cpu_usage,0.009040013679889625
1776462243.63,recommendation,recommendation-5b46f7469c-g2rgb,memory_usage,container_memory_working_set_bytes,46891008.0
1776462243.63,recommendation,recommendation-5b46f7469c-rjwxq,cpu_usage,container_cpu_usage,0.029507129923042167
1776462243.63,recommendation,recommendation-5b46f7469c-rjwxq,memory_usage,container_memory_working_set_bytes,47845376.0
1776462243.63,recommendation,recommendation-5b46f7469c-t2fm9,cpu_usage,container_cpu_usage,0.044762524371465905
1776462243.63,recommendation,recommendation-5b46f7469c-t2fm9,memory_usage,container_memory_working_set_bytes,52568064.0
1776462243.63,recommendation,recommendation::service,pod_restart_count,k8s_container_restarts,3.0
1776462243.63,recommendation,recommendation::service,pod_running_count,k8s_container_ready,3.0
1776462253.63,ad,3a8b9295-6ae2-4e8a-b9b0-a607d7fec0a4,dependency_error_ratio,trace_client_error_ratio,0.0
1776462253.63,ad,3a8b9295-6ae2-4e8a-b9b0-a607d7fec0a4,error_ratio,trace_server_error_ratio,0.0
1776462253.63,ad,3a8b9295-6ae2-4e8a-b9b0-a607d7fec0a4,request_count,trace_server_count,0.0
1776462253.63,ad,5680c7ee-584c-4353-b6d2-93bc605a0324,dependency_error_ratio,trace_client_error_ratio,0.0
1776462253.63,ad,5680c7ee-584c-4353-b6d2-93bc605a0324,error_ratio,trace_server_error_ratio,0.0
1776462253.63,ad,5680c7ee-584c-4353-b6d2-93bc605a0324,request_count,trace_server_count,0.0
1776462253.63,ad,9f9a3c1c-bd3f-40ea-8764-b59f1ebd2204,dependency_error_ratio,trace_client_error_ratio,0.0
1776462253.63,ad,ad-7fb5b4f859-52ks9,cpu_usage,container_cpu_usage,0.002858227379335205
1776462253.63,ad,ad-7fb5b4f859-52ks9,memory_usage,container_memory_working_set_bytes,260395008.0
1776462253.63,ad,ad-7fb5b4f859-rd4zw,cpu_usage,container_cpu_usage,0.0013059863482954345
1776462253.63,ad,ad-7fb5b4f859-rd4zw,memory_usage,container_memory_working_set_bytes,238280704.0
1776462253.63,ad,ad-7fb5b4f859-zsstr,cpu_usage,container_cpu_usage,0.004266611260278815
1776462253.63,ad,ad-7fb5b4f859-zsstr,memory_usage,container_memory_working_set_bytes,261812224.0
1776462253.63,ad,ad::service,pod_restart_count,k8s_container_restarts,3.0
1776462253.63,ad,ad::service,pod_running_count,k8s_container_ready,3.0
1776462253.63,cart,cart-7c7496d7f-th7mc,cpu_usage,container_cpu_usage,0.055450514728362564
1776462253.63,cart,cart-7c7496d7f-th7mc,memory_usage,container_memory_working_set_bytes,63143936.0
1776462253.63,cart,cart::service,pod_restart_count,k8s_container_restarts,1.0
1776462253.63,cart,cart::service,pod_running_count,k8s_container_ready,1.0
1776462253.63,cart,f1f3afac-3031-4c18-925a-048232421d89,dependency_error_ratio,trace_client_error_ratio,0.0
1776462253.63,cart,f1f3afac-3031-4c18-925a-048232421d89,error_ratio,trace_server_error_ratio,0.0
1776462253.63,cart,f1f3afac-3031-4c18-925a-048232421d89,request_count,trace_server_count,0.0
1776462253.63,checkout,4755bdbd-5ad9-49fa-acb7-3a7dcb6a9277,dependency_error_ratio,trace_client_error_ratio,0.0
1776462253.63,checkout,4755bdbd-5ad9-49fa-acb7-3a7dcb6a9277,error_ratio,trace_server_error_ratio,0.0
1776462253.63,checkout,4755bdbd-5ad9-49fa-acb7-3a7dcb6a9277,request_count,trace_server_count,0.0
1776462253.63,checkout,bb49e6b9-109a-41b8-be66-ab2a38272474,dependency_error_ratio,trace_client_error_ratio,0.0
1776462253.63,checkout,bb49e6b9-109a-41b8-be66-ab2a38272474,error_ratio,trace_server_error_ratio,0.0
1776462253.63,checkout,bb49e6b9-109a-41b8-be66-ab2a38272474,request_count,trace_server_count,0.0
1776462253.63,checkout,bc5804df-6f63-4261-8788-8ecfe5481366,dependency_error_ratio,trace_client_error_ratio,0.0
1776462253.63,checkout,bc5804df-6f63-4261-8788-8ecfe5481366,error_ratio,trace_server_error_ratio,0.0
1776462253.63,checkout,bc5804df-6f63-4261-8788-8ecfe5481366,request_count,trace_server_count,0.0
1776462253.63,checkout,checkout-7f4ccfc547-6crwh,cpu_usage,container_cpu_usage,0.07503376633388752
1776462253.63,checkout,checkout-7f4ccfc547-6crwh,memory_usage,container_memory_working_set_bytes,15147008.0
1776462253.63,checkout,checkout-7f4ccfc547-ftx2n,cpu_usage,container_cpu_usage,0.0004867194094897963
1776462253.63,checkout,checkout-7f4ccfc547-ftx2n,memory_usage,container_memory_working_set_bytes,11747328.0
1776462253.63,checkout,checkout-7f4ccfc547-qlfgr,cpu_usage,container_cpu_usage,0.08929870782283467
1776462253.63,checkout,checkout-7f4ccfc547-qlfgr,memory_usage,container_memory_working_set_bytes,14774272.0
1776462253.63,checkout,checkout::service,pod_restart_count,k8s_container_restarts,45.0
1776462253.63,checkout,checkout::service,pod_running_count,k8s_container_ready,3.0
1776462253.63,email,email-5dcf48b665-66zvj,cpu_usage,container_cpu_usage,0.007668695052577194
1776462253.63,email,email-5dcf48b665-66zvj,memory_usage,container_memory_working_set_bytes,59744256.0
1776462253.63,email,email-5dcf48b665-9xxmx,cpu_usage,container_cpu_usage,0.00613025958601893
1776462253.63,email,email-5dcf48b665-9xxmx,memory_usage,container_memory_working_set_bytes,56266752.0
1776462253.63,email,email-5dcf48b665-n4zf2,cpu_usage,container_cpu_usage,0.0039809632141481355
1776462253.63,email,email-5dcf48b665-n4zf2,memory_usage,container_memory_working_set_bytes,54427648.0
1776462253.63,email,email::service,pod_restart_count,k8s_container_restarts,9.0
1776462253.63,email,email::service,pod_running_count,k8s_container_ready,3.0
1776462253.63,email,otel-demo.email-5dcf48b665-66zvj.email,error_ratio,trace_server_error_ratio,0.0
1776462253.63,email,otel-demo.email-5dcf48b665-66zvj.email,request_count,trace_server_count,0.0
1776462253.63,email,otel-demo.email-5dcf48b665-9xxmx.email,error_ratio,trace_server_error_ratio,0.0
1776462253.63,email,otel-demo.email-5dcf48b665-9xxmx.email,request_count,trace_server_count,0.0
1776462253.63,email,otel-demo.email-5dcf48b665-n4zf2.email,error_ratio,trace_server_error_ratio,0.0
1776462253.63,email,otel-demo.email-5dcf48b665-n4zf2.email,request_count,trace_server_count,0.0
1776462253.63,frontend,frontend-b78bf7696-6bjdg,cpu_usage,container_cpu_usage,0.026897008527991616
1776462253.63,frontend,frontend-b78bf7696-6bjdg,memory_usage,container_memory_working_set_bytes,119484416.0
1776462253.63,frontend,frontend-b78bf7696-77ldd,cpu_usage,container_cpu_usage,0.16597098433615587
1776462253.63,frontend,frontend-b78bf7696-77ldd,memory_usage,container_memory_working_set_bytes,109400064.0
1776462253.63,frontend,frontend-b78bf7696-p9kqx,cpu_usage,container_cpu_usage,0.09364792921268335
1776462253.63,frontend,frontend-b78bf7696-p9kqx,memory_usage,container_memory_working_set_bytes,117354496.0
1776462253.63,frontend,frontend::service,pod_restart_count,k8s_container_restarts,3.0
1776462253.63,frontend,frontend::service,pod_running_count,k8s_container_ready,3.0
1776462253.63,frontend,otel-demo.frontend-b78bf7696-6bjdg.frontend,dependency_error_ratio,trace_client_error_ratio,0.0
1776462253.63,frontend,otel-demo.frontend-b78bf7696-6bjdg.frontend,error_ratio,trace_server_error_ratio,0.0
1776462253.63,frontend,otel-demo.frontend-b78bf7696-6bjdg.frontend,http_5xx_ratio,http_server_5xx_ratio,0.0
1776462253.63,frontend,otel-demo.frontend-b78bf7696-6bjdg.frontend,request_count,trace_server_count,0.0
1776462253.63,frontend,otel-demo.frontend-b78bf7696-77ldd.frontend,dependency_error_ratio,trace_client_error_ratio,0.0
1776462253.63,frontend,otel-demo.frontend-b78bf7696-77ldd.frontend,error_ratio,trace_server_error_ratio,0.0
1776462253.63,frontend,otel-demo.frontend-b78bf7696-77ldd.frontend,http_5xx_ratio,http_server_5xx_ratio,0.0
1776462253.63,frontend,otel-demo.frontend-b78bf7696-77ldd.frontend,request_count,trace_server_count,0.0
1776462253.63,frontend,otel-demo.frontend-b78bf7696-p9kqx.frontend,dependency_error_ratio,trace_client_error_ratio,0.0
1776462253.63,frontend,otel-demo.frontend-b78bf7696-p9kqx.frontend,error_ratio,trace_server_error_ratio,0.0
1776462253.63,frontend,otel-demo.frontend-b78bf7696-p9kqx.frontend,http_5xx_ratio,http_server_5xx_ratio,0.0
1776462253.63,frontend,otel-demo.frontend-b78bf7696-p9kqx.frontend,request_count,trace_server_count,0.0
1776462253.63,kafka,kafka-66df8bdf76-zjcbb,cpu_usage,container_cpu_usage,0.013582240517494569
1776462253.63,kafka,kafka-66df8bdf76-zjcbb,memory_usage,container_memory_working_set_bytes,665718784.0
1776462253.63,kafka,kafka::service,pod_restart_count,k8s_container_restarts,9.0
1776462253.63,kafka,kafka::service,pod_running_count,k8s_container_ready,1.0
1776462253.63,kafka,kafka::service,queue_lag,queue_size_ratio,0.0
1776462253.63,payment,otel-demo.payment-f9f8d647b-74h8z.payment,dependency_error_ratio,trace_client_error_ratio,0.0
1776462253.63,payment,otel-demo.payment-f9f8d647b-74h8z.payment,error_ratio,trace_server_error_ratio,0.0
1776462253.63,payment,otel-demo.payment-f9f8d647b-74h8z.payment,request_count,trace_server_count,0.0
1776462253.63,payment,otel-demo.payment-f9f8d647b-75hmx.payment,dependency_error_ratio,trace_client_error_ratio,0.0
1776462253.63,payment,otel-demo.payment-f9f8d647b-75hmx.payment,error_ratio,trace_server_error_ratio,0.0
1776462253.63,payment,otel-demo.payment-f9f8d647b-75hmx.payment,request_count,trace_server_count,0.0
1776462253.63,payment,otel-demo.payment-f9f8d647b-tv6l5.payment,dependency_error_ratio,trace_client_error_ratio,0.0
1776462253.63,payment,otel-demo.payment-f9f8d647b-tv6l5.payment,error_ratio,trace_server_error_ratio,0.0
1776462253.63,payment,otel-demo.payment-f9f8d647b-tv6l5.payment,request_count,trace_server_count,0.0
1776462253.63,payment,payment-f9f8d647b-74h8z,cpu_usage,container_cpu_usage,0.011903236010502267
1776462253.63,payment,payment-f9f8d647b-74h8z,memory_usage,container_memory_working_set_bytes,110493696.0
1776462253.63,payment,payment-f9f8d647b-75hmx,cpu_usage,container_cpu_usage,0.0111003521839455
1776462253.63,payment,payment-f9f8d647b-75hmx,memory_usage,container_memory_working_set_bytes,109907968.0
1776462253.63,payment,payment-f9f8d647b-tv6l5,cpu_usage,container_cpu_usage,0.0077709448993139784
1776462253.63,payment,payment-f9f8d647b-tv6l5,memory_usage,container_memory_working_set_bytes,99250176.0
1776462253.63,payment,payment::service,pod_restart_count,k8s_container_restarts,39.0
1776462253.63,payment,payment::service,pod_running_count,k8s_container_ready,3.0
1776462253.63,product-catalog,otel-demo.product-catalog-784544475c-7crs7.product-catalog,dependency_error_ratio,trace_client_error_ratio,0.0
1776462253.63,product-catalog,otel-demo.product-catalog-784544475c-7crs7.product-catalog,error_ratio,trace_server_error_ratio,0.0
1776462253.63,product-catalog,otel-demo.product-catalog-784544475c-7crs7.product-catalog,request_count,trace_server_count,0.0
1776462253.63,product-catalog,otel-demo.product-catalog-784544475c-8skc7.product-catalog,dependency_error_ratio,trace_client_error_ratio,0.0
1776462253.63,product-catalog,otel-demo.product-catalog-784544475c-8skc7.product-catalog,error_ratio,trace_server_error_ratio,0.0
1776462253.63,product-catalog,otel-demo.product-catalog-784544475c-8skc7.product-catalog,request_count,trace_server_count,0.0
1776462253.63,product-catalog,otel-demo.product-catalog-784544475c-stwzc.product-catalog,dependency_error_ratio,trace_client_error_ratio,0.0
1776462253.63,product-catalog,otel-demo.product-catalog-784544475c-stwzc.product-catalog,error_ratio,trace_server_error_ratio,0.0
1776462253.63,product-catalog,otel-demo.product-catalog-784544475c-stwzc.product-catalog,request_count,trace_server_count,0.0
1776462253.63,product-catalog,product-catalog-784544475c-7crs7,cpu_usage,container_cpu_usage,0.041598801126856016
1776462253.63,product-catalog,product-catalog-784544475c-7crs7,memory_usage,container_memory_working_set_bytes,14991360.0
1776462253.63,product-catalog,product-catalog-784544475c-8skc7,cpu_usage,container_cpu_usage,0.12851485886229352
1776462253.63,product-catalog,product-catalog-784544475c-8skc7,memory_usage,container_memory_working_set_bytes,15876096.0
1776462253.63,product-catalog,product-catalog-784544475c-stwzc,cpu_usage,container_cpu_usage,0.0004413653881446134
1776462253.63,product-catalog,product-catalog-784544475c-stwzc,memory_usage,container_memory_working_set_bytes,12603392.0
1776462253.63,product-catalog,product-catalog::service,pod_restart_count,k8s_container_restarts,37.0
1776462253.63,product-catalog,product-catalog::service,pod_running_count,k8s_container_ready,3.0
1776462253.63,recommendation,otel-demo.recommendation-5b46f7469c-g2rgb.recommendation,dependency_error_ratio,trace_client_error_ratio,0.0
1776462253.63,recommendation,otel-demo.recommendation-5b46f7469c-rjwxq.recommendation,dependency_error_ratio,trace_client_error_ratio,0.0
1776462253.63,recommendation,otel-demo.recommendation-5b46f7469c-rjwxq.recommendation,error_ratio,trace_server_error_ratio,0.0
1776462253.63,recommendation,otel-demo.recommendation-5b46f7469c-rjwxq.recommendation,request_count,trace_server_count,0.0
1776462253.63,recommendation,otel-demo.recommendation-5b46f7469c-t2fm9.recommendation,dependency_error_ratio,trace_client_error_ratio,0.0
1776462253.63,recommendation,otel-demo.recommendation-5b46f7469c-t2fm9.recommendation,error_ratio,trace_server_error_ratio,0.0
1776462253.63,recommendation,otel-demo.recommendation-5b46f7469c-t2fm9.recommendation,request_count,trace_server_count,0.0
1776462253.63,recommendation,recommendation-5b46f7469c-g2rgb,cpu_usage,container_cpu_usage,0.008447726499603037
1776462253.63,recommendation,recommendation-5b46f7469c-g2rgb,memory_usage,container_memory_working_set_bytes,46891008.0
1776462253.63,recommendation,recommendation-5b46f7469c-rjwxq,cpu_usage,container_cpu_usage,0.027284182995326315
1776462253.63,recommendation,recommendation-5b46f7469c-rjwxq,memory_usage,container_memory_working_set_bytes,47828992.0
1776462253.63,recommendation,recommendation-5b46f7469c-t2fm9,cpu_usage,container_cpu_usage,0.04476252437146591
1776462253.63,recommendation,recommendation-5b46f7469c-t2fm9,memory_usage,container_memory_working_set_bytes,52568064.0
1776462253.63,recommendation,recommendation::service,pod_restart_count,k8s_container_restarts,3.0
1776462253.63,recommendation,recommendation::service,pod_running_count,k8s_container_ready,3.0
1776462263.63,ad,3a8b9295-6ae2-4e8a-b9b0-a607d7fec0a4,dependency_error_ratio,trace_client_error_ratio,0.0
1776462263.63,ad,3a8b9295-6ae2-4e8a-b9b0-a607d7fec0a4,error_ratio,trace_server_error_ratio,0.0
1776462263.63,ad,3a8b9295-6ae2-4e8a-b9b0-a607d7fec0a4,request_count,trace_server_count,0.0
1776462263.63,ad,5680c7ee-584c-4353-b6d2-93bc605a0324,dependency_error_ratio,trace_client_error_ratio,0.0
1776462263.63,ad,5680c7ee-584c-4353-b6d2-93bc605a0324,error_ratio,trace_server_error_ratio,0.0
1776462263.63,ad,5680c7ee-584c-4353-b6d2-93bc605a0324,request_count,trace_server_count,0.0
1776462263.63,ad,9f9a3c1c-bd3f-40ea-8764-b59f1ebd2204,dependency_error_ratio,trace_client_error_ratio,0.0
1776462263.63,ad,ad-7fb5b4f859-52ks9,cpu_usage,container_cpu_usage,0.0025578279483879363
1776462263.63,ad,ad-7fb5b4f859-52ks9,memory_usage,container_memory_working_set_bytes,260395008.0
1776462263.63,ad,ad-7fb5b4f859-rd4zw,cpu_usage,container_cpu_usage,0.0012421689190387935
1776462263.63,ad,ad-7fb5b4f859-rd4zw,memory_usage,container_memory_working_set_bytes,238280704.0
1776462263.63,ad,ad-7fb5b4f859-zsstr,cpu_usage,container_cpu_usage,0.004100796364244087
1776462263.63,ad,ad-7fb5b4f859-zsstr,memory_usage,container_memory_working_set_bytes,261812224.0
1776462263.63,ad,ad::service,pod_restart_count,k8s_container_restarts,3.0
1776462263.63,ad,ad::service,pod_running_count,k8s_container_ready,3.0
1776462263.63,cart,cart-7c7496d7f-th7mc,cpu_usage,container_cpu_usage,0.0448702033537752
1776462263.63,cart,cart-7c7496d7f-th7mc,memory_usage,container_memory_working_set_bytes,63143936.0
1776462263.63,cart,cart::service,pod_restart_count,k8s_container_restarts,1.0
1776462263.63,cart,cart::service,pod_running_count,k8s_container_ready,1.0
1776462263.63,cart,f1f3afac-3031-4c18-925a-048232421d89,dependency_error_ratio,trace_client_error_ratio,0.0
1776462263.63,cart,f1f3afac-3031-4c18-925a-048232421d89,error_ratio,trace_server_error_ratio,0.0
1776462263.63,cart,f1f3afac-3031-4c18-925a-048232421d89,request_count,trace_server_count,0.0
1776462263.63,checkout,4755bdbd-5ad9-49fa-acb7-3a7dcb6a9277,dependency_error_ratio,trace_client_error_ratio,0.0
1776462263.63,checkout,4755bdbd-5ad9-49fa-acb7-3a7dcb6a9277,error_ratio,trace_server_error_ratio,0.0
1776462263.63,checkout,4755bdbd-5ad9-49fa-acb7-3a7dcb6a9277,request_count,trace_server_count,0.0
1776462263.63,checkout,bb49e6b9-109a-41b8-be66-ab2a38272474,dependency_error_ratio,trace_client_error_ratio,0.0
1776462263.63,checkout,bb49e6b9-109a-41b8-be66-ab2a38272474,error_ratio,trace_server_error_ratio,0.0
1776462263.63,checkout,bb49e6b9-109a-41b8-be66-ab2a38272474,request_count,trace_server_count,0.0
1776462263.63,checkout,bc5804df-6f63-4261-8788-8ecfe5481366,dependency_error_ratio,trace_client_error_ratio,0.0
1776462263.63,checkout,bc5804df-6f63-4261-8788-8ecfe5481366,error_ratio,trace_server_error_ratio,0.0
1776462263.63,checkout,bc5804df-6f63-4261-8788-8ecfe5481366,request_count,trace_server_count,0.0
1776462263.63,checkout,checkout-7f4ccfc547-6crwh,cpu_usage,container_cpu_usage,0.06289977550658739
1776462263.63,checkout,checkout-7f4ccfc547-6crwh,memory_usage,container_memory_working_set_bytes,15147008.0
1776462263.63,checkout,checkout-7f4ccfc547-ftx2n,cpu_usage,container_cpu_usage,0.0005094658753709195
1776462263.63,checkout,checkout-7f4ccfc547-ftx2n,memory_usage,container_memory_working_set_bytes,11747328.0
1776462263.63,checkout,checkout-7f4ccfc547-qlfgr,cpu_usage,container_cpu_usage,0.09043479187763158
1776462263.63,checkout,checkout-7f4ccfc547-qlfgr,memory_usage,container_memory_working_set_bytes,14745600.0
1776462263.63,checkout,checkout::service,pod_restart_count,k8s_container_restarts,45.0
1776462263.63,checkout,checkout::service,pod_running_count,k8s_container_ready,3.0
1776462263.63,email,email-5dcf48b665-66zvj,cpu_usage,container_cpu_usage,0.006827964698028857
1776462263.63,email,email-5dcf48b665-66zvj,memory_usage,container_memory_working_set_bytes,59744256.0
1776462263.63,email,email-5dcf48b665-9xxmx,cpu_usage,container_cpu_usage,0.008279128426426129
1776462263.63,email,email-5dcf48b665-9xxmx,memory_usage,container_memory_working_set_bytes,56266752.0
1776462263.63,email,email-5dcf48b665-n4zf2,cpu_usage,container_cpu_usage,0.001463683562155538
1776462263.63,email,email-5dcf48b665-n4zf2,memory_usage,container_memory_working_set_bytes,54427648.0
1776462263.63,email,email::service,pod_restart_count,k8s_container_restarts,9.0
1776462263.63,email,email::service,pod_running_count,k8s_container_ready,3.0
1776462263.63,email,otel-demo.email-5dcf48b665-66zvj.email,error_ratio,trace_server_error_ratio,0.0
1776462263.63,email,otel-demo.email-5dcf48b665-66zvj.email,request_count,trace_server_count,0.0
1776462263.63,email,otel-demo.email-5dcf48b665-9xxmx.email,error_ratio,trace_server_error_ratio,0.0
1776462263.63,email,otel-demo.email-5dcf48b665-9xxmx.email,request_count,trace_server_count,0.0
1776462263.63,email,otel-demo.email-5dcf48b665-n4zf2.email,error_ratio,trace_server_error_ratio,0.0
1776462263.63,email,otel-demo.email-5dcf48b665-n4zf2.email,request_count,trace_server_count,0.0
1776462263.63,frontend,frontend-b78bf7696-6bjdg,cpu_usage,container_cpu_usage,0.025982774623859974
1776462263.63,frontend,frontend-b78bf7696-6bjdg,memory_usage,container_memory_working_set_bytes,119529472.0
1776462263.63,frontend,frontend-b78bf7696-77ldd,cpu_usage,container_cpu_usage,0.17365129898608905
1776462263.63,frontend,frontend-b78bf7696-77ldd,memory_usage,container_memory_working_set_bytes,109400064.0
1776462263.63,frontend,frontend-b78bf7696-p9kqx,cpu_usage,container_cpu_usage,0.0687980443775942
1776462263.63,frontend,frontend-b78bf7696-p9kqx,memory_usage,container_memory_working_set_bytes,117354496.0
1776462263.63,frontend,frontend::service,pod_restart_count,k8s_container_restarts,3.0
1776462263.63,frontend,frontend::service,pod_running_count,k8s_container_ready,3.0
1776462263.63,frontend,otel-demo.frontend-b78bf7696-6bjdg.frontend,dependency_error_ratio,trace_client_error_ratio,0.0
1776462263.63,frontend,otel-demo.frontend-b78bf7696-6bjdg.frontend,error_ratio,trace_server_error_ratio,0.0
1776462263.63,frontend,otel-demo.frontend-b78bf7696-6bjdg.frontend,http_5xx_ratio,http_server_5xx_ratio,0.0
1776462263.63,frontend,otel-demo.frontend-b78bf7696-6bjdg.frontend,request_count,trace_server_count,0.0
1776462263.63,frontend,otel-demo.frontend-b78bf7696-77ldd.frontend,dependency_error_ratio,trace_client_error_ratio,0.0
1776462263.63,frontend,otel-demo.frontend-b78bf7696-77ldd.frontend,error_ratio,trace_server_error_ratio,0.0
1776462263.63,frontend,otel-demo.frontend-b78bf7696-77ldd.frontend,http_5xx_ratio,http_server_5xx_ratio,0.0
1776462263.63,frontend,otel-demo.frontend-b78bf7696-77ldd.frontend,request_count,trace_server_count,0.0
1776462263.63,frontend,otel-demo.frontend-b78bf7696-p9kqx.frontend,dependency_error_ratio,trace_client_error_ratio,0.0
1776462263.63,frontend,otel-demo.frontend-b78bf7696-p9kqx.frontend,error_ratio,trace_server_error_ratio,0.0
1776462263.63,frontend,otel-demo.frontend-b78bf7696-p9kqx.frontend,http_5xx_ratio,http_server_5xx_ratio,0.0
1776462263.63,frontend,otel-demo.frontend-b78bf7696-p9kqx.frontend,request_count,trace_server_count,0.0
1776462263.63,kafka,kafka-66df8bdf76-zjcbb,cpu_usage,container_cpu_usage,0.012925899478165978
1776462263.63,kafka,kafka-66df8bdf76-zjcbb,memory_usage,container_memory_working_set_bytes,665681920.0
1776462263.63,kafka,kafka::service,pod_restart_count,k8s_container_restarts,9.0
1776462263.63,kafka,kafka::service,pod_running_count,k8s_container_ready,1.0
1776462263.63,kafka,kafka::service,queue_lag,queue_size_ratio,0.0
1776462263.63,payment,otel-demo.payment-f9f8d647b-74h8z.payment,dependency_error_ratio,trace_client_error_ratio,0.0
1776462263.63,payment,otel-demo.payment-f9f8d647b-74h8z.payment,error_ratio,trace_server_error_ratio,0.0
1776462263.63,payment,otel-demo.payment-f9f8d647b-74h8z.payment,request_count,trace_server_count,0.0
1776462263.63,payment,otel-demo.payment-f9f8d647b-75hmx.payment,dependency_error_ratio,trace_client_error_ratio,0.0
1776462263.63,payment,otel-demo.payment-f9f8d647b-75hmx.payment,error_ratio,trace_server_error_ratio,0.0
1776462263.63,payment,otel-demo.payment-f9f8d647b-75hmx.payment,request_count,trace_server_count,0.0
1776462263.63,payment,otel-demo.payment-f9f8d647b-tv6l5.payment,dependency_error_ratio,trace_client_error_ratio,0.0
1776462263.63,payment,otel-demo.payment-f9f8d647b-tv6l5.payment,error_ratio,trace_server_error_ratio,0.0
1776462263.63,payment,otel-demo.payment-f9f8d647b-tv6l5.payment,request_count,trace_server_count,0.0
1776462263.63,payment,payment-f9f8d647b-74h8z,cpu_usage,container_cpu_usage,0.011382850971922385
1776462263.63,payment,payment-f9f8d647b-74h8z,memory_usage,container_memory_working_set_bytes,110493696.0
1776462263.63,payment,payment-f9f8d647b-75hmx,cpu_usage,container_cpu_usage,0.009533706175957547
1776462263.63,payment,payment-f9f8d647b-75hmx,memory_usage,container_memory_working_set_bytes,109907968.0
1776462263.63,payment,payment-f9f8d647b-tv6l5,cpu_usage,container_cpu_usage,0.005358798637161722
1776462263.63,payment,payment-f9f8d647b-tv6l5,memory_usage,container_memory_working_set_bytes,99250176.0
1776462263.63,payment,payment::service,pod_restart_count,k8s_container_restarts,39.0
1776462263.63,payment,payment::service,pod_running_count,k8s_container_ready,3.0
1776462263.63,product-catalog,otel-demo.product-catalog-784544475c-7crs7.product-catalog,dependency_error_ratio,trace_client_error_ratio,0.0
1776462263.63,product-catalog,otel-demo.product-catalog-784544475c-7crs7.product-catalog,error_ratio,trace_server_error_ratio,0.0
1776462263.63,product-catalog,otel-demo.product-catalog-784544475c-7crs7.product-catalog,request_count,trace_server_count,0.0
1776462263.63,product-catalog,otel-demo.product-catalog-784544475c-8skc7.product-catalog,dependency_error_ratio,trace_client_error_ratio,0.0
1776462263.63,product-catalog,otel-demo.product-catalog-784544475c-8skc7.product-catalog,error_ratio,trace_server_error_ratio,0.0
1776462263.63,product-catalog,otel-demo.product-catalog-784544475c-8skc7.product-catalog,request_count,trace_server_count,0.0
1776462263.63,product-catalog,otel-demo.product-catalog-784544475c-stwzc.product-catalog,dependency_error_ratio,trace_client_error_ratio,0.0
1776462263.63,product-catalog,otel-demo.product-catalog-784544475c-stwzc.product-catalog,error_ratio,trace_server_error_ratio,0.0
1776462263.63,product-catalog,otel-demo.product-catalog-784544475c-stwzc.product-catalog,request_count,trace_server_count,0.0
1776462263.63,product-catalog,product-catalog-784544475c-7crs7,cpu_usage,container_cpu_usage,0.026392615631584206
1776462263.63,product-catalog,product-catalog-784544475c-7crs7,memory_usage,container_memory_working_set_bytes,15028224.0
1776462263.63,product-catalog,product-catalog-784544475c-8skc7,cpu_usage,container_cpu_usage,0.11094919669995167
1776462263.63,product-catalog,product-catalog-784544475c-8skc7,memory_usage,container_memory_working_set_bytes,14921728.0
1776462263.63,product-catalog,product-catalog-784544475c-stwzc,cpu_usage,container_cpu_usage,0.00044565968224729473
1776462263.63,product-catalog,product-catalog-784544475c-stwzc,memory_usage,container_memory_working_set_bytes,12599296.0
1776462263.63,product-catalog,product-catalog::service,pod_restart_count,k8s_container_restarts,37.0
1776462263.63,product-catalog,product-catalog::service,pod_running_count,k8s_container_ready,3.0
1776462263.63,recommendation,otel-demo.recommendation-5b46f7469c-g2rgb.recommendation,dependency_error_ratio,trace_client_error_ratio,0.0
1776462263.63,recommendation,otel-demo.recommendation-5b46f7469c-rjwxq.recommendation,dependency_error_ratio,trace_client_error_ratio,0.0
1776462263.63,recommendation,otel-demo.recommendation-5b46f7469c-rjwxq.recommendation,error_ratio,trace_server_error_ratio,0.0
1776462263.63,recommendation,otel-demo.recommendation-5b46f7469c-rjwxq.recommendation,request_count,trace_server_count,0.0
1776462263.63,recommendation,otel-demo.recommendation-5b46f7469c-t2fm9.recommendation,dependency_error_ratio,trace_client_error_ratio,0.0
1776462263.63,recommendation,otel-demo.recommendation-5b46f7469c-t2fm9.recommendation,error_ratio,trace_server_error_ratio,0.0
1776462263.63,recommendation,otel-demo.recommendation-5b46f7469c-t2fm9.recommendation,request_count,trace_server_count,0.0
1776462263.63,recommendation,recommendation-5b46f7469c-g2rgb,cpu_usage,container_cpu_usage,0.008447726499603037
1776462263.63,recommendation,recommendation-5b46f7469c-g2rgb,memory_usage,container_memory_working_set_bytes,46891008.0
1776462263.63,recommendation,recommendation-5b46f7469c-rjwxq,cpu_usage,container_cpu_usage,0.013940620518836334
1776462263.63,recommendation,recommendation-5b46f7469c-rjwxq,memory_usage,container_memory_working_set_bytes,47845376.0
1776462263.63,recommendation,recommendation-5b46f7469c-t2fm9,cpu_usage,container_cpu_usage,0.037781786941581075
1776462263.63,recommendation,recommendation-5b46f7469c-t2fm9,memory_usage,container_memory_working_set_bytes,52543488.0
1776462263.63,recommendation,recommendation::service,pod_restart_count,k8s_container_restarts,3.0
1776462263.63,recommendation,recommendation::service,pod_running_count,k8s_container_ready,3.0
1776462273.63,ad,3a8b9295-6ae2-4e8a-b9b0-a607d7fec0a4,dependency_error_ratio,trace_client_error_ratio,0.0
1776462273.63,ad,3a8b9295-6ae2-4e8a-b9b0-a607d7fec0a4,error_ratio,trace_server_error_ratio,0.0
1776462273.63,ad,3a8b9295-6ae2-4e8a-b9b0-a607d7fec0a4,request_count,trace_server_count,0.0
1776462273.63,ad,5680c7ee-584c-4353-b6d2-93bc605a0324,dependency_error_ratio,trace_client_error_ratio,0.0
1776462273.63,ad,5680c7ee-584c-4353-b6d2-93bc605a0324,error_ratio,trace_server_error_ratio,0.0
1776462273.63,ad,5680c7ee-584c-4353-b6d2-93bc605a0324,request_count,trace_server_count,0.0
1776462273.63,ad,9f9a3c1c-bd3f-40ea-8764-b59f1ebd2204,dependency_error_ratio,trace_client_error_ratio,0.0
1776462273.63,ad,ad-7fb5b4f859-52ks9,cpu_usage,container_cpu_usage,0.0015780988768247628
1776462273.63,ad,ad-7fb5b4f859-52ks9,memory_usage,container_memory_working_set_bytes,260362240.0
1776462273.63,ad,ad-7fb5b4f859-rd4zw,cpu_usage,container_cpu_usage,0.0012770637526867343
1776462273.63,ad,ad-7fb5b4f859-rd4zw,memory_usage,container_memory_working_set_bytes,238280704.0
1776462273.63,ad,ad-7fb5b4f859-zsstr,cpu_usage,container_cpu_usage,0.0031662630544522443
1776462273.63,ad,ad-7fb5b4f859-zsstr,memory_usage,container_memory_working_set_bytes,261812224.0
1776462273.63,ad,ad::service,pod_restart_count,k8s_container_restarts,3.0
1776462273.63,ad,ad::service,pod_running_count,k8s_container_ready,3.0
1776462273.63,cart,cart-7c7496d7f-th7mc,cpu_usage,container_cpu_usage,0.05760067388197502
1776462273.63,cart,cart-7c7496d7f-th7mc,memory_usage,container_memory_working_set_bytes,63270912.0
1776462273.63,cart,cart::service,pod_restart_count,k8s_container_restarts,1.0
1776462273.63,cart,cart::service,pod_running_count,k8s_container_ready,1.0
1776462273.63,cart,f1f3afac-3031-4c18-925a-048232421d89,dependency_error_ratio,trace_client_error_ratio,0.0
1776462273.63,cart,f1f3afac-3031-4c18-925a-048232421d89,error_ratio,trace_server_error_ratio,0.0
1776462273.63,cart,f1f3afac-3031-4c18-925a-048232421d89,request_count,trace_server_count,0.0
1776462273.63,checkout,4755bdbd-5ad9-49fa-acb7-3a7dcb6a9277,dependency_error_ratio,trace_client_error_ratio,0.0
1776462273.63,checkout,4755bdbd-5ad9-49fa-acb7-3a7dcb6a9277,error_ratio,trace_server_error_ratio,0.0
1776462273.63,checkout,4755bdbd-5ad9-49fa-acb7-3a7dcb6a9277,request_count,trace_server_count,0.0
1776462273.63,checkout,bb49e6b9-109a-41b8-be66-ab2a38272474,dependency_error_ratio,trace_client_error_ratio,0.0
1776462273.63,checkout,bb49e6b9-109a-41b8-be66-ab2a38272474,error_ratio,trace_server_error_ratio,0.0
1776462273.63,checkout,bb49e6b9-109a-41b8-be66-ab2a38272474,request_count,trace_server_count,0.0
1776462273.63,checkout,bc5804df-6f63-4261-8788-8ecfe5481366,dependency_error_ratio,trace_client_error_ratio,0.0
1776462273.63,checkout,bc5804df-6f63-4261-8788-8ecfe5481366,error_ratio,trace_server_error_ratio,0.0
1776462273.63,checkout,bc5804df-6f63-4261-8788-8ecfe5481366,request_count,trace_server_count,0.0
1776462273.63,checkout,checkout-7f4ccfc547-6crwh,cpu_usage,container_cpu_usage,0.03385463422103383
1776462273.63,checkout,checkout-7f4ccfc547-6crwh,memory_usage,container_memory_working_set_bytes,15040512.0
1776462273.63,checkout,checkout-7f4ccfc547-ftx2n,cpu_usage,container_cpu_usage,0.0004926772793053508
1776462273.63,checkout,checkout-7f4ccfc547-ftx2n,memory_usage,container_memory_working_set_bytes,11984896.0
1776462273.63,checkout,checkout-7f4ccfc547-qlfgr,cpu_usage,container_cpu_usage,0.09140958139329587
1776462273.63,checkout,checkout-7f4ccfc547-qlfgr,memory_usage,container_memory_working_set_bytes,14733312.0
1776462273.63,checkout,checkout::service,pod_restart_count,k8s_container_restarts,45.0
1776462273.63,checkout,checkout::service,pod_running_count,k8s_container_ready,3.0
1776462273.63,email,email-5dcf48b665-66zvj,cpu_usage,container_cpu_usage,0.003425874583936412
1776462273.63,email,email-5dcf48b665-66zvj,memory_usage,container_memory_working_set_bytes,59703296.0
1776462273.63,email,email-5dcf48b665-9xxmx,cpu_usage,container_cpu_usage,0.0057251302109310575
1776462273.63,email,email-5dcf48b665-9xxmx,memory_usage,container_memory_working_set_bytes,56238080.0
1776462273.63,email,email-5dcf48b665-n4zf2,cpu_usage,container_cpu_usage,0.005645955797148049
1776462273.63,email,email-5dcf48b665-n4zf2,memory_usage,container_memory_working_set_bytes,54513664.0
1776462273.63,email,email::service,pod_restart_count,k8s_container_restarts,9.0
1776462273.63,email,email::service,pod_running_count,k8s_container_ready,3.0
1776462273.63,email,otel-demo.email-5dcf48b665-66zvj.email,error_ratio,trace_server_error_ratio,0.0
1776462273.63,email,otel-demo.email-5dcf48b665-66zvj.email,request_count,trace_server_count,0.0
1776462273.63,email,otel-demo.email-5dcf48b665-9xxmx.email,error_ratio,trace_server_error_ratio,0.0
1776462273.63,email,otel-demo.email-5dcf48b665-9xxmx.email,request_count,trace_server_count,0.0
1776462273.63,email,otel-demo.email-5dcf48b665-n4zf2.email,error_ratio,trace_server_error_ratio,0.0
1776462273.63,email,otel-demo.email-5dcf48b665-n4zf2.email,request_count,trace_server_count,0.0
1776462273.63,frontend,frontend-b78bf7696-6bjdg,cpu_usage,container_cpu_usage,0.0208126175253816
1776462273.63,frontend,frontend-b78bf7696-6bjdg,memory_usage,container_memory_working_set_bytes,119529472.0
1776462273.63,frontend,frontend-b78bf7696-77ldd,cpu_usage,container_cpu_usage,0.18352219867256692
1776462273.63,frontend,frontend-b78bf7696-77ldd,memory_usage,container_memory_working_set_bytes,109129728.0
1776462273.63,frontend,frontend-b78bf7696-p9kqx,cpu_usage,container_cpu_usage,0.05154596543580407
1776462273.63,frontend,frontend-b78bf7696-p9kqx,memory_usage,container_memory_working_set_bytes,118018048.0
1776462273.63,frontend,frontend::service,pod_restart_count,k8s_container_restarts,3.0
1776462273.63,frontend,frontend::service,pod_running_count,k8s_container_ready,3.0
1776462273.63,frontend,otel-demo.frontend-b78bf7696-6bjdg.frontend,dependency_error_ratio,trace_client_error_ratio,0.0
1776462273.63,frontend,otel-demo.frontend-b78bf7696-6bjdg.frontend,error_ratio,trace_server_error_ratio,0.0
1776462273.63,frontend,otel-demo.frontend-b78bf7696-6bjdg.frontend,http_5xx_ratio,http_server_5xx_ratio,0.0
1776462273.63,frontend,otel-demo.frontend-b78bf7696-6bjdg.frontend,request_count,trace_server_count,0.0
1776462273.63,frontend,otel-demo.frontend-b78bf7696-77ldd.frontend,dependency_error_ratio,trace_client_error_ratio,0.0
1776462273.63,frontend,otel-demo.frontend-b78bf7696-77ldd.frontend,error_ratio,trace_server_error_ratio,0.0
1776462273.63,frontend,otel-demo.frontend-b78bf7696-77ldd.frontend,http_5xx_ratio,http_server_5xx_ratio,0.0
1776462273.63,frontend,otel-demo.frontend-b78bf7696-77ldd.frontend,request_count,trace_server_count,0.0
1776462273.63,frontend,otel-demo.frontend-b78bf7696-p9kqx.frontend,dependency_error_ratio,trace_client_error_ratio,0.0
1776462273.63,frontend,otel-demo.frontend-b78bf7696-p9kqx.frontend,error_ratio,trace_server_error_ratio,0.0
1776462273.63,frontend,otel-demo.frontend-b78bf7696-p9kqx.frontend,http_5xx_ratio,http_server_5xx_ratio,0.0
1776462273.63,frontend,otel-demo.frontend-b78bf7696-p9kqx.frontend,request_count,trace_server_count,0.0
1776462273.63,kafka,kafka-66df8bdf76-zjcbb,cpu_usage,container_cpu_usage,0.013511958997722215
1776462273.63,kafka,kafka-66df8bdf76-zjcbb,memory_usage,container_memory_working_set_bytes,665722880.0
1776462273.63,kafka,kafka::service,pod_restart_count,k8s_container_restarts,9.0
1776462273.63,kafka,kafka::service,pod_running_count,k8s_container_ready,1.0
1776462273.63,kafka,kafka::service,queue_lag,queue_size_ratio,0.0
1776462273.63,payment,otel-demo.payment-f9f8d647b-74h8z.payment,dependency_error_ratio,trace_client_error_ratio,0.0
1776462273.63,payment,otel-demo.payment-f9f8d647b-74h8z.payment,error_ratio,trace_server_error_ratio,0.0
1776462273.63,payment,otel-demo.payment-f9f8d647b-74h8z.payment,request_count,trace_server_count,0.0
1776462273.63,payment,otel-demo.payment-f9f8d647b-75hmx.payment,dependency_error_ratio,trace_client_error_ratio,0.0
1776462273.63,payment,otel-demo.payment-f9f8d647b-75hmx.payment,error_ratio,trace_server_error_ratio,0.0
1776462273.63,payment,otel-demo.payment-f9f8d647b-75hmx.payment,request_count,trace_server_count,0.0
1776462273.63,payment,otel-demo.payment-f9f8d647b-tv6l5.payment,dependency_error_ratio,trace_client_error_ratio,0.0
1776462273.63,payment,otel-demo.payment-f9f8d647b-tv6l5.payment,error_ratio,trace_server_error_ratio,0.0
1776462273.63,payment,otel-demo.payment-f9f8d647b-tv6l5.payment,request_count,trace_server_count,0.0
1776462273.63,payment,payment-f9f8d647b-74h8z,cpu_usage,container_cpu_usage,0.012708072127111348
1776462273.63,payment,payment-f9f8d647b-74h8z,memory_usage,container_memory_working_set_bytes,110501888.0
1776462273.63,payment,payment-f9f8d647b-75hmx,cpu_usage,container_cpu_usage,0.0095576800755573
1776462273.63,payment,payment-f9f8d647b-75hmx,memory_usage,container_memory_working_set_bytes,109903872.0
1776462273.63,payment,payment-f9f8d647b-tv6l5,cpu_usage,container_cpu_usage,0.006786795104168822
1776462273.63,payment,payment-f9f8d647b-tv6l5,memory_usage,container_memory_working_set_bytes,99250176.0
1776462273.63,payment,payment::service,pod_restart_count,k8s_container_restarts,39.0
1776462273.63,payment,payment::service,pod_running_count,k8s_container_ready,3.0
1776462273.63,product-catalog,otel-demo.product-catalog-784544475c-7crs7.product-catalog,dependency_error_ratio,trace_client_error_ratio,0.0
1776462273.63,product-catalog,otel-demo.product-catalog-784544475c-7crs7.product-catalog,error_ratio,trace_server_error_ratio,0.0
1776462273.63,product-catalog,otel-demo.product-catalog-784544475c-7crs7.product-catalog,request_count,trace_server_count,0.0
1776462273.63,product-catalog,otel-demo.product-catalog-784544475c-8skc7.product-catalog,dependency_error_ratio,trace_client_error_ratio,0.0
1776462273.63,product-catalog,otel-demo.product-catalog-784544475c-8skc7.product-catalog,error_ratio,trace_server_error_ratio,0.0
1776462273.63,product-catalog,otel-demo.product-catalog-784544475c-8skc7.product-catalog,request_count,trace_server_count,0.0
1776462273.63,product-catalog,otel-demo.product-catalog-784544475c-stwzc.product-catalog,dependency_error_ratio,trace_client_error_ratio,0.0
1776462273.63,product-catalog,otel-demo.product-catalog-784544475c-stwzc.product-catalog,error_ratio,trace_server_error_ratio,0.0
1776462273.63,product-catalog,otel-demo.product-catalog-784544475c-stwzc.product-catalog,request_count,trace_server_count,0.0
1776462273.63,product-catalog,product-catalog-784544475c-7crs7,cpu_usage,container_cpu_usage,0.023227131154535313
1776462273.63,product-catalog,product-catalog-784544475c-7crs7,memory_usage,container_memory_working_set_bytes,15007744.0
1776462273.63,product-catalog,product-catalog-784544475c-8skc7,cpu_usage,container_cpu_usage,0.11465542289807357
1776462273.63,product-catalog,product-catalog-784544475c-8skc7,memory_usage,container_memory_working_set_bytes,14921728.0
1776462273.63,product-catalog,product-catalog-784544475c-stwzc,cpu_usage,container_cpu_usage,0.00044565968224729473
1776462273.63,product-catalog,product-catalog-784544475c-stwzc,memory_usage,container_memory_working_set_bytes,12599296.0
1776462273.63,product-catalog,product-catalog::service,pod_restart_count,k8s_container_restarts,37.0
1776462273.63,product-catalog,product-catalog::service,pod_running_count,k8s_container_ready,3.0
1776462273.63,recommendation,otel-demo.recommendation-5b46f7469c-g2rgb.recommendation,dependency_error_ratio,trace_client_error_ratio,0.0
1776462273.63,recommendation,otel-demo.recommendation-5b46f7469c-rjwxq.recommendation,dependency_error_ratio,trace_client_error_ratio,0.0
1776462273.63,recommendation,otel-demo.recommendation-5b46f7469c-rjwxq.recommendation,error_ratio,trace_server_error_ratio,0.0
1776462273.63,recommendation,otel-demo.recommendation-5b46f7469c-rjwxq.recommendation,request_count,trace_server_count,0.0
1776462273.63,recommendation,otel-demo.recommendation-5b46f7469c-t2fm9.recommendation,dependency_error_ratio,trace_client_error_ratio,0.0
1776462273.63,recommendation,otel-demo.recommendation-5b46f7469c-t2fm9.recommendation,error_ratio,trace_server_error_ratio,0.0
1776462273.63,recommendation,otel-demo.recommendation-5b46f7469c-t2fm9.recommendation,request_count,trace_server_count,0.0
1776462273.63,recommendation,recommendation-5b46f7469c-g2rgb,cpu_usage,container_cpu_usage,0.010328532615863842
1776462273.63,recommendation,recommendation-5b46f7469c-g2rgb,memory_usage,container_memory_working_set_bytes,46891008.0
1776462273.63,recommendation,recommendation-5b46f7469c-rjwxq,cpu_usage,container_cpu_usage,0.013940620518836334
1776462273.63,recommendation,recommendation-5b46f7469c-rjwxq,memory_usage,container_memory_working_set_bytes,47845376.0
1776462273.63,recommendation,recommendation-5b46f7469c-t2fm9,cpu_usage,container_cpu_usage,0.03572983075244112
1776462273.63,recommendation,recommendation-5b46f7469c-t2fm9,memory_usage,container_memory_working_set_bytes,52588544.0
1776462273.63,recommendation,recommendation::service,pod_restart_count,k8s_container_restarts,3.0
1776462273.63,recommendation,recommendation::service,pod_running_count,k8s_container_ready,3.0
1776462283.63,ad,3a8b9295-6ae2-4e8a-b9b0-a607d7fec0a4,dependency_error_ratio,trace_client_error_ratio,0.0
1776462283.63,ad,3a8b9295-6ae2-4e8a-b9b0-a607d7fec0a4,error_ratio,trace_server_error_ratio,0.0
1776462283.63,ad,3a8b9295-6ae2-4e8a-b9b0-a607d7fec0a4,request_count,trace_server_count,0.0
1776462283.63,ad,5680c7ee-584c-4353-b6d2-93bc605a0324,dependency_error_ratio,trace_client_error_ratio,0.0
1776462283.63,ad,5680c7ee-584c-4353-b6d2-93bc605a0324,error_ratio,trace_server_error_ratio,0.0
1776462283.63,ad,5680c7ee-584c-4353-b6d2-93bc605a0324,request_count,trace_server_count,0.0
1776462283.63,ad,9f9a3c1c-bd3f-40ea-8764-b59f1ebd2204,dependency_error_ratio,trace_client_error_ratio,0.0
1776462283.63,ad,ad-7fb5b4f859-52ks9,cpu_usage,container_cpu_usage,0.0022502596485353987
1776462283.63,ad,ad-7fb5b4f859-52ks9,memory_usage,container_memory_working_set_bytes,260362240.0
1776462283.63,ad,ad-7fb5b4f859-rd4zw,cpu_usage,container_cpu_usage,0.0012661311914364207
1776462283.63,ad,ad-7fb5b4f859-rd4zw,memory_usage,container_memory_working_set_bytes,238280704.0
1776462283.63,ad,ad-7fb5b4f859-zsstr,cpu_usage,container_cpu_usage,0.004490816525384656
1776462283.63,ad,ad-7fb5b4f859-zsstr,memory_usage,container_memory_working_set_bytes,261812224.0
1776462283.63,ad,ad::service,pod_restart_count,k8s_container_restarts,3.0
1776462283.63,ad,ad::service,pod_running_count,k8s_container_ready,3.0
1776462283.63,cart,cart-7c7496d7f-th7mc,cpu_usage,container_cpu_usage,0.05807213340878741
1776462283.63,cart,cart-7c7496d7f-th7mc,memory_usage,container_memory_working_set_bytes,63012864.0
1776462283.63,cart,cart::service,pod_restart_count,k8s_container_restarts,1.0
1776462283.63,cart,cart::service,pod_running_count,k8s_container_ready,1.0
1776462283.63,cart,f1f3afac-3031-4c18-925a-048232421d89,dependency_error_ratio,trace_client_error_ratio,0.0
1776462283.63,cart,f1f3afac-3031-4c18-925a-048232421d89,error_ratio,trace_server_error_ratio,0.0
1776462283.63,cart,f1f3afac-3031-4c18-925a-048232421d89,request_count,trace_server_count,0.0
1776462283.63,checkout,4755bdbd-5ad9-49fa-acb7-3a7dcb6a9277,dependency_error_ratio,trace_client_error_ratio,0.0
1776462283.63,checkout,4755bdbd-5ad9-49fa-acb7-3a7dcb6a9277,error_ratio,trace_server_error_ratio,0.0
1776462283.63,checkout,4755bdbd-5ad9-49fa-acb7-3a7dcb6a9277,request_count,trace_server_count,0.0
1776462283.63,checkout,bb49e6b9-109a-41b8-be66-ab2a38272474,dependency_error_ratio,trace_client_error_ratio,0.0
1776462283.63,checkout,bb49e6b9-109a-41b8-be66-ab2a38272474,error_ratio,trace_server_error_ratio,0.0
1776462283.63,checkout,bb49e6b9-109a-41b8-be66-ab2a38272474,request_count,trace_server_count,0.0
1776462283.63,checkout,bc5804df-6f63-4261-8788-8ecfe5481366,dependency_error_ratio,trace_client_error_ratio,0.0
1776462283.63,checkout,bc5804df-6f63-4261-8788-8ecfe5481366,error_ratio,trace_server_error_ratio,0.0
1776462283.63,checkout,bc5804df-6f63-4261-8788-8ecfe5481366,request_count,trace_server_count,0.0
1776462283.63,checkout,checkout-7f4ccfc547-6crwh,cpu_usage,container_cpu_usage,0.057294005797099826
1776462283.63,checkout,checkout-7f4ccfc547-6crwh,memory_usage,container_memory_working_set_bytes,15249408.0
1776462283.63,checkout,checkout-7f4ccfc547-ftx2n,cpu_usage,container_cpu_usage,0.0005104695296174599
1776462283.63,checkout,checkout-7f4ccfc547-ftx2n,memory_usage,container_memory_working_set_bytes,11984896.0
1776462283.63,checkout,checkout-7f4ccfc547-qlfgr,cpu_usage,container_cpu_usage,0.09140958139329587
1776462283.63,checkout,checkout-7f4ccfc547-qlfgr,memory_usage,container_memory_working_set_bytes,14733312.0
1776462283.63,checkout,checkout::service,pod_restart_count,k8s_container_restarts,45.0
1776462283.63,checkout,checkout::service,pod_running_count,k8s_container_ready,3.0
1776462283.63,email,email-5dcf48b665-66zvj,cpu_usage,container_cpu_usage,0.0054860977948217125
1776462283.63,email,email-5dcf48b665-66zvj,memory_usage,container_memory_working_set_bytes,59654144.0
1776462283.63,email,email-5dcf48b665-9xxmx,cpu_usage,container_cpu_usage,0.00461051430197675
1776462283.63,email,email-5dcf48b665-9xxmx,memory_usage,container_memory_working_set_bytes,56238080.0
1776462283.63,email,email-5dcf48b665-n4zf2,cpu_usage,container_cpu_usage,0.007019433699520321
1776462283.63,email,email-5dcf48b665-n4zf2,memory_usage,container_memory_working_set_bytes,54513664.0
1776462283.63,email,email::service,pod_restart_count,k8s_container_restarts,9.0
1776462283.63,email,email::service,pod_running_count,k8s_container_ready,3.0
1776462283.63,email,otel-demo.email-5dcf48b665-66zvj.email,error_ratio,trace_server_error_ratio,0.0
1776462283.63,email,otel-demo.email-5dcf48b665-66zvj.email,request_count,trace_server_count,0.0
1776462283.63,email,otel-demo.email-5dcf48b665-9xxmx.email,error_ratio,trace_server_error_ratio,0.0
1776462283.63,email,otel-demo.email-5dcf48b665-9xxmx.email,request_count,trace_server_count,0.0
1776462283.63,email,otel-demo.email-5dcf48b665-n4zf2.email,error_ratio,trace_server_error_ratio,0.0
1776462283.63,email,otel-demo.email-5dcf48b665-n4zf2.email,request_count,trace_server_count,0.0
1776462283.63,frontend,frontend-b78bf7696-6bjdg,cpu_usage,container_cpu_usage,0.036491561924903965
1776462283.63,frontend,frontend-b78bf7696-6bjdg,memory_usage,container_memory_working_set_bytes,119873536.0
1776462283.63,frontend,frontend-b78bf7696-77ldd,cpu_usage,container_cpu_usage,0.17151512084771967
1776462283.63,frontend,frontend-b78bf7696-77ldd,memory_usage,container_memory_working_set_bytes,107831296.0
1776462283.63,frontend,frontend-b78bf7696-p9kqx,cpu_usage,container_cpu_usage,0.05638068491944283
1776462283.63,frontend,frontend-b78bf7696-p9kqx,memory_usage,container_memory_working_set_bytes,118222848.0
1776462283.63,frontend,frontend::service,pod_restart_count,k8s_container_restarts,3.0
1776462283.63,frontend,frontend::service,pod_running_count,k8s_container_ready,3.0
1776462283.63,frontend,otel-demo.frontend-b78bf7696-6bjdg.frontend,dependency_error_ratio,trace_client_error_ratio,0.0
1776462283.63,frontend,otel-demo.frontend-b78bf7696-6bjdg.frontend,error_ratio,trace_server_error_ratio,0.0
1776462283.63,frontend,otel-demo.frontend-b78bf7696-6bjdg.frontend,http_5xx_ratio,http_server_5xx_ratio,0.0
1776462283.63,frontend,otel-demo.frontend-b78bf7696-6bjdg.frontend,request_count,trace_server_count,0.0
1776462283.63,frontend,otel-demo.frontend-b78bf7696-77ldd.frontend,dependency_error_ratio,trace_client_error_ratio,0.0
1776462283.63,frontend,otel-demo.frontend-b78bf7696-77ldd.frontend,error_ratio,trace_server_error_ratio,0.0
1776462283.63,frontend,otel-demo.frontend-b78bf7696-77ldd.frontend,http_5xx_ratio,http_server_5xx_ratio,0.0
1776462283.63,frontend,otel-demo.frontend-b78bf7696-77ldd.frontend,request_count,trace_server_count,0.0
1776462283.63,frontend,otel-demo.frontend-b78bf7696-p9kqx.frontend,dependency_error_ratio,trace_client_error_ratio,0.0
1776462283.63,frontend,otel-demo.frontend-b78bf7696-p9kqx.frontend,error_ratio,trace_server_error_ratio,0.0
1776462283.63,frontend,otel-demo.frontend-b78bf7696-p9kqx.frontend,http_5xx_ratio,http_server_5xx_ratio,0.0
1776462283.63,frontend,otel-demo.frontend-b78bf7696-p9kqx.frontend,request_count,trace_server_count,0.0
1776462283.63,kafka,kafka-66df8bdf76-zjcbb,cpu_usage,container_cpu_usage,0.013465543644717184
1776462283.63,kafka,kafka-66df8bdf76-zjcbb,memory_usage,container_memory_working_set_bytes,665722880.0
1776462283.63,kafka,kafka::service,pod_restart_count,k8s_container_restarts,9.0
1776462283.63,kafka,kafka::service,pod_running_count,k8s_container_ready,1.0
1776462283.63,kafka,kafka::service,queue_lag,queue_size_ratio,0.0
1776462283.63,payment,otel-demo.payment-f9f8d647b-74h8z.payment,dependency_error_ratio,trace_client_error_ratio,0.0
1776462283.63,payment,otel-demo.payment-f9f8d647b-74h8z.payment,error_ratio,trace_server_error_ratio,0.0
1776462283.63,payment,otel-demo.payment-f9f8d647b-74h8z.payment,request_count,trace_server_count,0.0
1776462283.63,payment,otel-demo.payment-f9f8d647b-75hmx.payment,dependency_error_ratio,trace_client_error_ratio,0.0
1776462283.63,payment,otel-demo.payment-f9f8d647b-75hmx.payment,error_ratio,trace_server_error_ratio,0.0
1776462283.63,payment,otel-demo.payment-f9f8d647b-75hmx.payment,request_count,trace_server_count,0.0
1776462283.63,payment,otel-demo.payment-f9f8d647b-tv6l5.payment,dependency_error_ratio,trace_client_error_ratio,0.0
1776462283.63,payment,otel-demo.payment-f9f8d647b-tv6l5.payment,error_ratio,trace_server_error_ratio,0.0
1776462283.63,payment,otel-demo.payment-f9f8d647b-tv6l5.payment,request_count,trace_server_count,0.0
1776462283.63,payment,payment-f9f8d647b-74h8z,cpu_usage,container_cpu_usage,0.012124245974157646
1776462283.63,payment,payment-f9f8d647b-74h8z,memory_usage,container_memory_working_set_bytes,110497792.0
1776462283.63,payment,payment-f9f8d647b-75hmx,cpu_usage,container_cpu_usage,0.007717828385252329
1776462283.63,payment,payment-f9f8d647b-75hmx,memory_usage,container_memory_working_set_bytes,109903872.0
1776462283.63,payment,payment-f9f8d647b-tv6l5,cpu_usage,container_cpu_usage,0.006996820985705199
1776462283.63,payment,payment-f9f8d647b-tv6l5,memory_usage,container_memory_working_set_bytes,99250176.0
1776462283.63,payment,payment::service,pod_restart_count,k8s_container_restarts,39.0
1776462283.63,payment,payment::service,pod_running_count,k8s_container_ready,3.0
1776462283.63,product-catalog,otel-demo.product-catalog-784544475c-7crs7.product-catalog,dependency_error_ratio,trace_client_error_ratio,0.0
1776462283.63,product-catalog,otel-demo.product-catalog-784544475c-7crs7.product-catalog,error_ratio,trace_server_error_ratio,0.0
1776462283.63,product-catalog,otel-demo.product-catalog-784544475c-7crs7.product-catalog,request_count,trace_server_count,0.0
1776462283.63,product-catalog,otel-demo.product-catalog-784544475c-8skc7.product-catalog,dependency_error_ratio,trace_client_error_ratio,0.0
1776462283.63,product-catalog,otel-demo.product-catalog-784544475c-8skc7.product-catalog,error_ratio,trace_server_error_ratio,0.0
1776462283.63,product-catalog,otel-demo.product-catalog-784544475c-8skc7.product-catalog,request_count,trace_server_count,0.0
1776462283.63,product-catalog,otel-demo.product-catalog-784544475c-stwzc.product-catalog,dependency_error_ratio,trace_client_error_ratio,0.0
1776462283.63,product-catalog,otel-demo.product-catalog-784544475c-stwzc.product-catalog,error_ratio,trace_server_error_ratio,0.0
1776462283.63,product-catalog,otel-demo.product-catalog-784544475c-stwzc.product-catalog,request_count,trace_server_count,0.0
1776462283.63,product-catalog,product-catalog-784544475c-7crs7,cpu_usage,container_cpu_usage,0.023227131154535313
1776462283.63,product-catalog,product-catalog-784544475c-7crs7,memory_usage,container_memory_working_set_bytes,15007744.0
1776462283.63,product-catalog,product-catalog-784544475c-8skc7,cpu_usage,container_cpu_usage,0.09065342996377365
1776462283.63,product-catalog,product-catalog-784544475c-8skc7,memory_usage,container_memory_working_set_bytes,15855616.0
1776462283.63,product-catalog,product-catalog-784544475c-stwzc,cpu_usage,container_cpu_usage,0.0005700020966558344
1776462283.63,product-catalog,product-catalog-784544475c-stwzc,memory_usage,container_memory_working_set_bytes,12595200.0
1776462283.63,product-catalog,product-catalog::service,pod_restart_count,k8s_container_restarts,37.0
1776462283.63,product-catalog,product-catalog::service,pod_running_count,k8s_container_ready,3.0
1776462283.63,recommendation,otel-demo.recommendation-5b46f7469c-g2rgb.recommendation,dependency_error_ratio,trace_client_error_ratio,0.0
1776462283.63,recommendation,otel-demo.recommendation-5b46f7469c-rjwxq.recommendation,dependency_error_ratio,trace_client_error_ratio,0.0
1776462283.63,recommendation,otel-demo.recommendation-5b46f7469c-rjwxq.recommendation,error_ratio,trace_server_error_ratio,0.0
1776462283.63,recommendation,otel-demo.recommendation-5b46f7469c-rjwxq.recommendation,request_count,trace_server_count,0.0
1776462283.63,recommendation,otel-demo.recommendation-5b46f7469c-t2fm9.recommendation,dependency_error_ratio,trace_client_error_ratio,0.0
1776462283.63,recommendation,otel-demo.recommendation-5b46f7469c-t2fm9.recommendation,error_ratio,trace_server_error_ratio,0.0
1776462283.63,recommendation,otel-demo.recommendation-5b46f7469c-t2fm9.recommendation,request_count,trace_server_count,0.0
1776462283.63,recommendation,recommendation-5b46f7469c-g2rgb,cpu_usage,container_cpu_usage,0.010076156965649778
1776462283.63,recommendation,recommendation-5b46f7469c-g2rgb,memory_usage,container_memory_working_set_bytes,46891008.0
1776462283.63,recommendation,recommendation-5b46f7469c-rjwxq,cpu_usage,container_cpu_usage,0.014179009239315742
1776462283.63,recommendation,recommendation-5b46f7469c-rjwxq,memory_usage,container_memory_working_set_bytes,47865856.0
1776462283.63,recommendation,recommendation-5b46f7469c-t2fm9,cpu_usage,container_cpu_usage,0.0355456709956705
1776462283.63,recommendation,recommendation-5b46f7469c-t2fm9,memory_usage,container_memory_working_set_bytes,52563968.0
1776462283.63,recommendation,recommendation::service,pod_restart_count,k8s_container_restarts,3.0
1776462283.63,recommendation,recommendation::service,pod_running_count,k8s_container_ready,3.0
1776462293.63,ad,3a8b9295-6ae2-4e8a-b9b0-a607d7fec0a4,dependency_error_ratio,trace_client_error_ratio,0.0
1776462293.63,ad,3a8b9295-6ae2-4e8a-b9b0-a607d7fec0a4,error_ratio,trace_server_error_ratio,0.0
1776462293.63,ad,3a8b9295-6ae2-4e8a-b9b0-a607d7fec0a4,request_count,trace_server_count,0.0
1776462293.63,ad,5680c7ee-584c-4353-b6d2-93bc605a0324,dependency_error_ratio,trace_client_error_ratio,0.0
1776462293.63,ad,5680c7ee-584c-4353-b6d2-93bc605a0324,error_ratio,trace_server_error_ratio,0.0
1776462293.63,ad,5680c7ee-584c-4353-b6d2-93bc605a0324,request_count,trace_server_count,0.0
1776462293.63,ad,9f9a3c1c-bd3f-40ea-8764-b59f1ebd2204,dependency_error_ratio,trace_client_error_ratio,0.0
1776462293.63,ad,ad-7fb5b4f859-52ks9,cpu_usage,container_cpu_usage,0.0022502596485353987
1776462293.63,ad,ad-7fb5b4f859-52ks9,memory_usage,container_memory_working_set_bytes,260362240.0
1776462293.63,ad,ad-7fb5b4f859-rd4zw,cpu_usage,container_cpu_usage,0.0009699345686742021
1776462293.63,ad,ad-7fb5b4f859-rd4zw,memory_usage,container_memory_working_set_bytes,238280704.0
1776462293.63,ad,ad-7fb5b4f859-zsstr,cpu_usage,container_cpu_usage,0.003685762816267367
1776462293.63,ad,ad-7fb5b4f859-zsstr,memory_usage,container_memory_working_set_bytes,261812224.0
1776462293.63,ad,ad::service,pod_restart_count,k8s_container_restarts,3.0
1776462293.63,ad,ad::service,pod_running_count,k8s_container_ready,3.0
1776462293.63,cart,cart-7c7496d7f-th7mc,cpu_usage,container_cpu_usage,0.05741523880916473
1776462293.63,cart,cart-7c7496d7f-th7mc,memory_usage,container_memory_working_set_bytes,63012864.0
1776462293.63,cart,cart::service,pod_restart_count,k8s_container_restarts,1.0
1776462293.63,cart,cart::service,pod_running_count,k8s_container_ready,1.0
1776462293.63,cart,f1f3afac-3031-4c18-925a-048232421d89,dependency_error_ratio,trace_client_error_ratio,0.0
1776462293.63,cart,f1f3afac-3031-4c18-925a-048232421d89,error_ratio,trace_server_error_ratio,0.0
1776462293.63,cart,f1f3afac-3031-4c18-925a-048232421d89,request_count,trace_server_count,0.0
1776462293.63,checkout,4755bdbd-5ad9-49fa-acb7-3a7dcb6a9277,dependency_error_ratio,trace_client_error_ratio,0.0
1776462293.63,checkout,4755bdbd-5ad9-49fa-acb7-3a7dcb6a9277,error_ratio,trace_server_error_ratio,0.0
1776462293.63,checkout,4755bdbd-5ad9-49fa-acb7-3a7dcb6a9277,request_count,trace_server_count,0.0
1776462293.63,checkout,bb49e6b9-109a-41b8-be66-ab2a38272474,dependency_error_ratio,trace_client_error_ratio,0.0
1776462293.63,checkout,bb49e6b9-109a-41b8-be66-ab2a38272474,error_ratio,trace_server_error_ratio,0.0
1776462293.63,checkout,bb49e6b9-109a-41b8-be66-ab2a38272474,request_count,trace_server_count,0.0
1776462293.63,checkout,bc5804df-6f63-4261-8788-8ecfe5481366,dependency_error_ratio,trace_client_error_ratio,0.0
1776462293.63,checkout,bc5804df-6f63-4261-8788-8ecfe5481366,error_ratio,trace_server_error_ratio,0.0
1776462293.63,checkout,bc5804df-6f63-4261-8788-8ecfe5481366,request_count,trace_server_count,0.0
1776462293.63,checkout,checkout-7f4ccfc547-6crwh,cpu_usage,container_cpu_usage,0.057294005797099826
1776462293.63,checkout,checkout-7f4ccfc547-6crwh,memory_usage,container_memory_working_set_bytes,15249408.0
1776462293.63,checkout,checkout-7f4ccfc547-ftx2n,cpu_usage,container_cpu_usage,0.000476657216961198
1776462293.63,checkout,checkout-7f4ccfc547-ftx2n,memory_usage,container_memory_working_set_bytes,11984896.0
1776462293.63,checkout,checkout-7f4ccfc547-qlfgr,cpu_usage,container_cpu_usage,0.07731043349001655
1776462293.63,checkout,checkout-7f4ccfc547-qlfgr,memory_usage,container_memory_working_set_bytes,14757888.0
1776462293.63,checkout,checkout::service,pod_restart_count,k8s_container_restarts,45.0
1776462293.63,checkout,checkout::service,pod_running_count,k8s_container_ready,3.0
1776462293.63,email,email-5dcf48b665-66zvj,cpu_usage,container_cpu_usage,0.004340570096941857
1776462293.63,email,email-5dcf48b665-66zvj,memory_usage,container_memory_working_set_bytes,59654144.0
1776462293.63,email,email-5dcf48b665-9xxmx,cpu_usage,container_cpu_usage,0.006639265028177791
1776462293.63,email,email-5dcf48b665-9xxmx,memory_usage,container_memory_working_set_bytes,56418304.0
1776462293.63,email,email-5dcf48b665-n4zf2,cpu_usage,container_cpu_usage,0.005918068763716149
1776462293.63,email,email-5dcf48b665-n4zf2,memory_usage,container_memory_working_set_bytes,54538240.0
1776462293.63,email,email::service,pod_restart_count,k8s_container_restarts,9.0
1776462293.63,email,email::service,pod_running_count,k8s_container_ready,3.0
1776462293.63,email,otel-demo.email-5dcf48b665-66zvj.email,error_ratio,trace_server_error_ratio,0.0
1776462293.63,email,otel-demo.email-5dcf48b665-66zvj.email,request_count,trace_server_count,0.0
1776462293.63,email,otel-demo.email-5dcf48b665-9xxmx.email,error_ratio,trace_server_error_ratio,0.0
1776462293.63,email,otel-demo.email-5dcf48b665-9xxmx.email,request_count,trace_server_count,0.0
1776462293.63,email,otel-demo.email-5dcf48b665-n4zf2.email,error_ratio,trace_server_error_ratio,0.0
1776462293.63,email,otel-demo.email-5dcf48b665-n4zf2.email,request_count,trace_server_count,0.0
1776462293.63,frontend,frontend-b78bf7696-6bjdg,cpu_usage,container_cpu_usage,0.04329375578644841
1776462293.63,frontend,frontend-b78bf7696-6bjdg,memory_usage,container_memory_working_set_bytes,119332864.0
1776462293.63,frontend,frontend-b78bf7696-77ldd,cpu_usage,container_cpu_usage,0.15881469134717646
1776462293.63,frontend,frontend-b78bf7696-77ldd,memory_usage,container_memory_working_set_bytes,107831296.0
1776462293.63,frontend,frontend-b78bf7696-p9kqx,cpu_usage,container_cpu_usage,0.05421995898200736
1776462293.63,frontend,frontend-b78bf7696-p9kqx,memory_usage,container_memory_working_set_bytes,118222848.0
1776462293.63,frontend,frontend::service,pod_restart_count,k8s_container_restarts,3.0
1776462293.63,frontend,frontend::service,pod_running_count,k8s_container_ready,3.0
1776462293.63,frontend,otel-demo.frontend-b78bf7696-6bjdg.frontend,dependency_error_ratio,trace_client_error_ratio,0.0
1776462293.63,frontend,otel-demo.frontend-b78bf7696-6bjdg.frontend,error_ratio,trace_server_error_ratio,0.0
1776462293.63,frontend,otel-demo.frontend-b78bf7696-6bjdg.frontend,http_5xx_ratio,http_server_5xx_ratio,0.0
1776462293.63,frontend,otel-demo.frontend-b78bf7696-6bjdg.frontend,request_count,trace_server_count,0.0
1776462293.63,frontend,otel-demo.frontend-b78bf7696-77ldd.frontend,dependency_error_ratio,trace_client_error_ratio,0.0
1776462293.63,frontend,otel-demo.frontend-b78bf7696-77ldd.frontend,error_ratio,trace_server_error_ratio,0.0
1776462293.63,frontend,otel-demo.frontend-b78bf7696-77ldd.frontend,http_5xx_ratio,http_server_5xx_ratio,0.0
1776462293.63,frontend,otel-demo.frontend-b78bf7696-77ldd.frontend,request_count,trace_server_count,0.0
1776462293.63,frontend,otel-demo.frontend-b78bf7696-p9kqx.frontend,dependency_error_ratio,trace_client_error_ratio,0.0
1776462293.63,frontend,otel-demo.frontend-b78bf7696-p9kqx.frontend,error_ratio,trace_server_error_ratio,0.0
1776462293.63,frontend,otel-demo.frontend-b78bf7696-p9kqx.frontend,http_5xx_ratio,http_server_5xx_ratio,0.0
1776462293.63,frontend,otel-demo.frontend-b78bf7696-p9kqx.frontend,request_count,trace_server_count,0.0
1776462293.63,kafka,kafka-66df8bdf76-zjcbb,cpu_usage,container_cpu_usage,0.010699159915773747
1776462293.63,kafka,kafka-66df8bdf76-zjcbb,memory_usage,container_memory_working_set_bytes,665722880.0
1776462293.63,kafka,kafka::service,pod_restart_count,k8s_container_restarts,9.0
1776462293.63,kafka,kafka::service,pod_running_count,k8s_container_ready,1.0
1776462293.63,kafka,kafka::service,queue_lag,queue_size_ratio,0.0
1776462293.63,payment,otel-demo.payment-f9f8d647b-74h8z.payment,dependency_error_ratio,trace_client_error_ratio,0.0
1776462293.63,payment,otel-demo.payment-f9f8d647b-74h8z.payment,error_ratio,trace_server_error_ratio,0.0
1776462293.63,payment,otel-demo.payment-f9f8d647b-74h8z.payment,request_count,trace_server_count,0.0
1776462293.63,payment,otel-demo.payment-f9f8d647b-75hmx.payment,dependency_error_ratio,trace_client_error_ratio,0.0
1776462293.63,payment,otel-demo.payment-f9f8d647b-75hmx.payment,error_ratio,trace_server_error_ratio,0.0
1776462293.63,payment,otel-demo.payment-f9f8d647b-75hmx.payment,request_count,trace_server_count,0.0
1776462293.63,payment,otel-demo.payment-f9f8d647b-tv6l5.payment,dependency_error_ratio,trace_client_error_ratio,0.0
1776462293.63,payment,otel-demo.payment-f9f8d647b-tv6l5.payment,error_ratio,trace_server_error_ratio,0.0
1776462293.63,payment,otel-demo.payment-f9f8d647b-tv6l5.payment,request_count,trace_server_count,0.0
1776462293.63,payment,payment-f9f8d647b-74h8z,cpu_usage,container_cpu_usage,0.01203692526620536
1776462293.63,payment,payment-f9f8d647b-74h8z,memory_usage,container_memory_working_set_bytes,110497792.0
1776462293.63,payment,payment-f9f8d647b-75hmx,cpu_usage,container_cpu_usage,0.010402979380853538
1776462293.63,payment,payment-f9f8d647b-75hmx,memory_usage,container_memory_working_set_bytes,109903872.0
1776462293.63,payment,payment-f9f8d647b-tv6l5,cpu_usage,container_cpu_usage,0.006923618917066839
1776462293.63,payment,payment-f9f8d647b-tv6l5,memory_usage,container_memory_working_set_bytes,99250176.0
1776462293.63,payment,payment::service,pod_restart_count,k8s_container_restarts,39.0
1776462293.63,payment,payment::service,pod_running_count,k8s_container_ready,3.0
1776462293.63,product-catalog,otel-demo.product-catalog-784544475c-7crs7.product-catalog,dependency_error_ratio,trace_client_error_ratio,0.0
1776462293.63,product-catalog,otel-demo.product-catalog-784544475c-7crs7.product-catalog,error_ratio,trace_server_error_ratio,0.0
1776462293.63,product-catalog,otel-demo.product-catalog-784544475c-7crs7.product-catalog,request_count,trace_server_count,0.0
1776462293.63,product-catalog,otel-demo.product-catalog-784544475c-8skc7.product-catalog,dependency_error_ratio,trace_client_error_ratio,0.0
1776462293.63,product-catalog,otel-demo.product-catalog-784544475c-8skc7.product-catalog,error_ratio,trace_server_error_ratio,0.0
1776462293.63,product-catalog,otel-demo.product-catalog-784544475c-8skc7.product-catalog,request_count,trace_server_count,0.0
1776462293.63,product-catalog,otel-demo.product-catalog-784544475c-stwzc.product-catalog,dependency_error_ratio,trace_client_error_ratio,0.0
1776462293.63,product-catalog,otel-demo.product-catalog-784544475c-stwzc.product-catalog,error_ratio,trace_server_error_ratio,0.0
1776462293.63,product-catalog,otel-demo.product-catalog-784544475c-stwzc.product-catalog,request_count,trace_server_count,0.0
1776462293.63,product-catalog,product-catalog-784544475c-7crs7,cpu_usage,container_cpu_usage,0.023294056086358258
1776462293.63,product-catalog,product-catalog-784544475c-7crs7,memory_usage,container_memory_working_set_bytes,15245312.0
1776462293.63,product-catalog,product-catalog-784544475c-8skc7,cpu_usage,container_cpu_usage,0.09065342996377365
1776462293.63,product-catalog,product-catalog-784544475c-8skc7,memory_usage,container_memory_working_set_bytes,15855616.0
1776462293.63,product-catalog,product-catalog-784544475c-stwzc,cpu_usage,container_cpu_usage,0.0005700020966558344
1776462293.63,product-catalog,product-catalog-784544475c-stwzc,memory_usage,container_memory_working_set_bytes,12595200.0
1776462293.63,product-catalog,product-catalog::service,pod_restart_count,k8s_container_restarts,37.0
1776462293.63,product-catalog,product-catalog::service,pod_running_count,k8s_container_ready,3.0
1776462293.63,recommendation,otel-demo.recommendation-5b46f7469c-g2rgb.recommendation,dependency_error_ratio,trace_client_error_ratio,0.0
1776462293.63,recommendation,otel-demo.recommendation-5b46f7469c-rjwxq.recommendation,dependency_error_ratio,trace_client_error_ratio,0.0
1776462293.63,recommendation,otel-demo.recommendation-5b46f7469c-rjwxq.recommendation,error_ratio,trace_server_error_ratio,0.0
1776462293.63,recommendation,otel-demo.recommendation-5b46f7469c-rjwxq.recommendation,request_count,trace_server_count,0.0
1776462293.63,recommendation,otel-demo.recommendation-5b46f7469c-t2fm9.recommendation,dependency_error_ratio,trace_client_error_ratio,0.0
1776462293.63,recommendation,otel-demo.recommendation-5b46f7469c-t2fm9.recommendation,error_ratio,trace_server_error_ratio,0.0
1776462293.63,recommendation,otel-demo.recommendation-5b46f7469c-t2fm9.recommendation,request_count,trace_server_count,0.0
1776462293.63,recommendation,recommendation-5b46f7469c-g2rgb,cpu_usage,container_cpu_usage,0.010613546418536887
1776462293.63,recommendation,recommendation-5b46f7469c-g2rgb,memory_usage,container_memory_working_set_bytes,46891008.0
1776462293.63,recommendation,recommendation-5b46f7469c-rjwxq,cpu_usage,container_cpu_usage,0.013844249001995386
1776462293.63,recommendation,recommendation-5b46f7469c-rjwxq,memory_usage,container_memory_working_set_bytes,47865856.0
1776462293.63,recommendation,recommendation-5b46f7469c-t2fm9,cpu_usage,container_cpu_usage,0.03335377370498163
1776462293.63,recommendation,recommendation-5b46f7469c-t2fm9,memory_usage,container_memory_working_set_bytes,52563968.0
1776462293.63,recommendation,recommendation::service,pod_restart_count,k8s_container_restarts,3.0
1776462293.63,recommendation,recommendation::service,pod_running_count,k8s_container_ready,3.0
1776462303.63,ad,3a8b9295-6ae2-4e8a-b9b0-a607d7fec0a4,dependency_error_ratio,trace_client_error_ratio,0.0
1776462303.63,ad,3a8b9295-6ae2-4e8a-b9b0-a607d7fec0a4,error_ratio,trace_server_error_ratio,0.0
1776462303.63,ad,3a8b9295-6ae2-4e8a-b9b0-a607d7fec0a4,latency_p95,trace_server_latency_p95,2.6000000000000014
1776462303.63,ad,3a8b9295-6ae2-4e8a-b9b0-a607d7fec0a4,request_count,trace_server_count,7.6
1776462303.63,ad,5680c7ee-584c-4353-b6d2-93bc605a0324,dependency_error_ratio,trace_client_error_ratio,0.0
1776462303.63,ad,5680c7ee-584c-4353-b6d2-93bc605a0324,error_ratio,trace_server_error_ratio,0.0
1776462303.63,ad,5680c7ee-584c-4353-b6d2-93bc605a0324,latency_p95,trace_server_latency_p95,1.9675889328063239
1776462303.63,ad,5680c7ee-584c-4353-b6d2-93bc605a0324,request_count,trace_server_count,26.2
1776462303.63,ad,9f9a3c1c-bd3f-40ea-8764-b59f1ebd2204,dependency_error_ratio,trace_client_error_ratio,0.0
1776462303.63,ad,ad-7fb5b4f859-52ks9,cpu_usage,container_cpu_usage,0.00239366259514773
1776462303.63,ad,ad-7fb5b4f859-52ks9,memory_usage,container_memory_working_set_bytes,260366336.0
1776462303.63,ad,ad-7fb5b4f859-rd4zw,cpu_usage,container_cpu_usage,0.0011918177788900887
1776462303.63,ad,ad-7fb5b4f859-rd4zw,memory_usage,container_memory_working_set_bytes,238280704.0
1776462303.63,ad,ad-7fb5b4f859-zsstr,cpu_usage,container_cpu_usage,0.003941943974430438
1776462303.63,ad,ad-7fb5b4f859-zsstr,memory_usage,container_memory_working_set_bytes,261615616.0
1776462303.63,ad,ad::service,pod_restart_count,k8s_container_restarts,3.0
1776462303.63,ad,ad::service,pod_running_count,k8s_container_ready,3.0
1776462303.63,cart,cart-7c7496d7f-th7mc,cpu_usage,container_cpu_usage,0.057273234018329254
1776462303.63,cart,cart-7c7496d7f-th7mc,memory_usage,container_memory_working_set_bytes,63033344.0
1776462303.63,cart,cart::service,pod_restart_count,k8s_container_restarts,1.0
1776462303.63,cart,cart::service,pod_running_count,k8s_container_ready,1.0
1776462303.63,cart,f1f3afac-3031-4c18-925a-048232421d89,dependency_error_ratio,trace_client_error_ratio,0.0
1776462303.63,cart,f1f3afac-3031-4c18-925a-048232421d89,error_ratio,trace_server_error_ratio,0.0
1776462303.63,cart,f1f3afac-3031-4c18-925a-048232421d89,latency_p95,trace_server_latency_p95,2.6117021276595747
1776462303.63,cart,f1f3afac-3031-4c18-925a-048232421d89,request_count,trace_server_count,182.5
1776462303.63,checkout,4755bdbd-5ad9-49fa-acb7-3a7dcb6a9277,dependency_error_ratio,trace_client_error_ratio,0.0
1776462303.63,checkout,4755bdbd-5ad9-49fa-acb7-3a7dcb6a9277,error_ratio,trace_server_error_ratio,0.0
1776462303.63,checkout,4755bdbd-5ad9-49fa-acb7-3a7dcb6a9277,latency_p95,trace_server_latency_p95,695.0000000000002
1776462303.63,checkout,4755bdbd-5ad9-49fa-acb7-3a7dcb6a9277,request_count,trace_server_count,8.1
1776462303.63,checkout,bb49e6b9-109a-41b8-be66-ab2a38272474,dependency_error_ratio,trace_client_error_ratio,0.0
1776462303.63,checkout,bb49e6b9-109a-41b8-be66-ab2a38272474,error_ratio,trace_server_error_ratio,0.0
1776462303.63,checkout,bb49e6b9-109a-41b8-be66-ab2a38272474,request_count,trace_server_count,0.0
1776462303.63,checkout,bc5804df-6f63-4261-8788-8ecfe5481366,dependency_error_ratio,trace_client_error_ratio,0.0
1776462303.63,checkout,bc5804df-6f63-4261-8788-8ecfe5481366,error_ratio,trace_server_error_ratio,0.0
1776462303.63,checkout,bc5804df-6f63-4261-8788-8ecfe5481366,latency_p95,trace_server_latency_p95,300.0
1776462303.63,checkout,bc5804df-6f63-4261-8788-8ecfe5481366,request_count,trace_server_count,14.0
1776462303.63,checkout,checkout-7f4ccfc547-6crwh,cpu_usage,container_cpu_usage,0.08470222708291938
1776462303.63,checkout,checkout-7f4ccfc547-6crwh,memory_usage,container_memory_working_set_bytes,14807040.0
1776462303.63,checkout,checkout-7f4ccfc547-ftx2n,cpu_usage,container_cpu_usage,0.0005206407543527366
1776462303.63,checkout,checkout-7f4ccfc547-ftx2n,memory_usage,container_memory_working_set_bytes,11984896.0
1776462303.63,checkout,checkout-7f4ccfc547-qlfgr,cpu_usage,container_cpu_usage,0.056357175303505355
1776462303.63,checkout,checkout-7f4ccfc547-qlfgr,memory_usage,container_memory_working_set_bytes,14757888.0
1776462303.63,checkout,checkout::service,pod_restart_count,k8s_container_restarts,45.0
1776462303.63,checkout,checkout::service,pod_running_count,k8s_container_ready,3.0
1776462303.63,email,email-5dcf48b665-66zvj,cpu_usage,container_cpu_usage,0.005466960761551914
1776462303.63,email,email-5dcf48b665-66zvj,memory_usage,container_memory_working_set_bytes,59731968.0
1776462303.63,email,email-5dcf48b665-9xxmx,cpu_usage,container_cpu_usage,0.004900952281289797
1776462303.63,email,email-5dcf48b665-9xxmx,memory_usage,container_memory_working_set_bytes,56418304.0
1776462303.63,email,email-5dcf48b665-n4zf2,cpu_usage,container_cpu_usage,0.00757411143131579
1776462303.63,email,email-5dcf48b665-n4zf2,memory_usage,container_memory_working_set_bytes,54538240.0
1776462303.63,email,email::service,pod_restart_count,k8s_container_restarts,9.0
1776462303.63,email,email::service,pod_running_count,k8s_container_ready,3.0
1776462303.63,email,otel-demo.email-5dcf48b665-66zvj.email,error_ratio,trace_server_error_ratio,0.0
1776462303.63,email,otel-demo.email-5dcf48b665-66zvj.email,latency_p95,trace_server_latency_p95,8.299999999999983
1776462303.63,email,otel-demo.email-5dcf48b665-66zvj.email,request_count,trace_server_count,7.7
1776462303.63,email,otel-demo.email-5dcf48b665-9xxmx.email,error_ratio,trace_server_error_ratio,0.0
1776462303.63,email,otel-demo.email-5dcf48b665-9xxmx.email,latency_p95,trace_server_latency_p95,5.519999999999999
1776462303.63,email,otel-demo.email-5dcf48b665-9xxmx.email,request_count,trace_server_count,6.8
1776462303.63,email,otel-demo.email-5dcf48b665-n4zf2.email,error_ratio,trace_server_error_ratio,0.0
1776462303.63,email,otel-demo.email-5dcf48b665-n4zf2.email,latency_p95,trace_server_latency_p95,5.636363636363637
1776462303.63,email,otel-demo.email-5dcf48b665-n4zf2.email,request_count,trace_server_count,6.0
1776462303.63,frontend,frontend-b78bf7696-6bjdg,cpu_usage,container_cpu_usage,0.04941504077863002
1776462303.63,frontend,frontend-b78bf7696-6bjdg,memory_usage,container_memory_working_set_bytes,119324672.0
1776462303.63,frontend,frontend-b78bf7696-77ldd,cpu_usage,container_cpu_usage,0.14956639418711407
1776462303.63,frontend,frontend-b78bf7696-77ldd,memory_usage,container_memory_working_set_bytes,109309952.0
1776462303.63,frontend,frontend-b78bf7696-p9kqx,cpu_usage,container_cpu_usage,0.06784582912542755
1776462303.63,frontend,frontend-b78bf7696-p9kqx,memory_usage,container_memory_working_set_bytes,117948416.0
1776462303.63,frontend,frontend::service,pod_restart_count,k8s_container_restarts,3.0
1776462303.63,frontend,frontend::service,pod_running_count,k8s_container_ready,3.0
1776462303.63,frontend,otel-demo.frontend-b78bf7696-6bjdg.frontend,dependency_error_ratio,trace_client_error_ratio,0.0
1776462303.63,frontend,otel-demo.frontend-b78bf7696-6bjdg.frontend,error_ratio,trace_server_error_ratio,0.0
1776462303.63,frontend,otel-demo.frontend-b78bf7696-6bjdg.frontend,http_5xx_ratio,http_server_5xx_ratio,0.0
1776462303.63,frontend,otel-demo.frontend-b78bf7696-6bjdg.frontend,latency_p95,trace_server_latency_p95,42.751173708920184
1776462303.63,frontend,otel-demo.frontend-b78bf7696-6bjdg.frontend,request_count,trace_server_count,99.2
1776462303.63,frontend,otel-demo.frontend-b78bf7696-77ldd.frontend,dependency_error_ratio,trace_client_error_ratio,0.0
1776462303.63,frontend,otel-demo.frontend-b78bf7696-77ldd.frontend,error_ratio,trace_server_error_ratio,0.0
1776462303.63,frontend,otel-demo.frontend-b78bf7696-77ldd.frontend,http_5xx_ratio,http_server_5xx_ratio,0.0
1776462303.63,frontend,otel-demo.frontend-b78bf7696-77ldd.frontend,latency_p95,trace_server_latency_p95,43.51604032997249
1776462303.63,frontend,otel-demo.frontend-b78bf7696-77ldd.frontend,request_count,trace_server_count,477.7
1776462303.63,frontend,otel-demo.frontend-b78bf7696-p9kqx.frontend,dependency_error_ratio,trace_client_error_ratio,0.0
1776462303.63,frontend,otel-demo.frontend-b78bf7696-p9kqx.frontend,error_ratio,trace_server_error_ratio,0.0
1776462303.63,frontend,otel-demo.frontend-b78bf7696-p9kqx.frontend,http_5xx_ratio,http_server_5xx_ratio,0.0
1776462303.63,frontend,otel-demo.frontend-b78bf7696-p9kqx.frontend,latency_p95,trace_server_latency_p95,42.53913043478259
1776462303.63,frontend,otel-demo.frontend-b78bf7696-p9kqx.frontend,request_count,trace_server_count,125.8
1776462303.63,kafka,kafka-66df8bdf76-zjcbb,cpu_usage,container_cpu_usage,0.013754354536434194
1776462303.63,kafka,kafka-66df8bdf76-zjcbb,memory_usage,container_memory_working_set_bytes,665763840.0
1776462303.63,kafka,kafka::service,pod_restart_count,k8s_container_restarts,9.0
1776462303.63,kafka,kafka::service,pod_running_count,k8s_container_ready,1.0
1776462303.63,kafka,kafka::service,queue_lag,queue_size_ratio,0.0
1776462303.63,payment,otel-demo.payment-f9f8d647b-74h8z.payment,dependency_error_ratio,trace_client_error_ratio,0.0
1776462303.63,payment,otel-demo.payment-f9f8d647b-74h8z.payment,error_ratio,trace_server_error_ratio,0.0
1776462303.63,payment,otel-demo.payment-f9f8d647b-74h8z.payment,request_count,trace_server_count,0.0
1776462303.63,payment,otel-demo.payment-f9f8d647b-75hmx.payment,dependency_error_ratio,trace_client_error_ratio,0.0
1776462303.63,payment,otel-demo.payment-f9f8d647b-75hmx.payment,error_ratio,trace_server_error_ratio,0.0
1776462303.63,payment,otel-demo.payment-f9f8d647b-75hmx.payment,request_count,trace_server_count,0.0
1776462303.63,payment,otel-demo.payment-f9f8d647b-tv6l5.payment,dependency_error_ratio,trace_client_error_ratio,0.0
1776462303.63,payment,otel-demo.payment-f9f8d647b-tv6l5.payment,error_ratio,trace_server_error_ratio,0.0
1776462303.63,payment,otel-demo.payment-f9f8d647b-tv6l5.payment,request_count,trace_server_count,0.0
1776462303.63,payment,payment-f9f8d647b-74h8z,cpu_usage,container_cpu_usage,0.011912028859310777
1776462303.63,payment,payment-f9f8d647b-74h8z,memory_usage,container_memory_working_set_bytes,110510080.0
1776462303.63,payment,payment-f9f8d647b-75hmx,cpu_usage,container_cpu_usage,0.010934728913453096
1776462303.63,payment,payment-f9f8d647b-75hmx,memory_usage,container_memory_working_set_bytes,109903872.0
1776462303.63,payment,payment-f9f8d647b-tv6l5,cpu_usage,container_cpu_usage,0.0066302055406614125
1776462303.63,payment,payment-f9f8d647b-tv6l5,memory_usage,container_memory_working_set_bytes,99250176.0
1776462303.63,payment,payment::service,pod_restart_count,k8s_container_restarts,39.0
1776462303.63,payment,payment::service,pod_running_count,k8s_container_ready,3.0
1776462303.63,product-catalog,otel-demo.product-catalog-784544475c-7crs7.product-catalog,dependency_error_ratio,trace_client_error_ratio,0.0
1776462303.63,product-catalog,otel-demo.product-catalog-784544475c-7crs7.product-catalog,error_ratio,trace_server_error_ratio,0.0
1776462303.63,product-catalog,otel-demo.product-catalog-784544475c-7crs7.product-catalog,request_count,trace_server_count,0.0
1776462303.63,product-catalog,otel-demo.product-catalog-784544475c-8skc7.product-catalog,dependency_error_ratio,trace_client_error_ratio,0.0
1776462303.63,product-catalog,otel-demo.product-catalog-784544475c-8skc7.product-catalog,error_ratio,trace_server_error_ratio,0.0
1776462303.63,product-catalog,otel-demo.product-catalog-784544475c-8skc7.product-catalog,request_count,trace_server_count,0.0
1776462303.63,product-catalog,otel-demo.product-catalog-784544475c-stwzc.product-catalog,dependency_error_ratio,trace_client_error_ratio,0.0
1776462303.63,product-catalog,otel-demo.product-catalog-784544475c-stwzc.product-catalog,error_ratio,trace_server_error_ratio,0.0
1776462303.63,product-catalog,otel-demo.product-catalog-784544475c-stwzc.product-catalog,request_count,trace_server_count,0.0
1776462303.63,product-catalog,product-catalog-784544475c-7crs7,cpu_usage,container_cpu_usage,0.02481298457868279
1776462303.63,product-catalog,product-catalog-784544475c-7crs7,memory_usage,container_memory_working_set_bytes,15245312.0
1776462303.63,product-catalog,product-catalog-784544475c-8skc7,cpu_usage,container_cpu_usage,0.09065811691279382
1776462303.63,product-catalog,product-catalog-784544475c-8skc7,memory_usage,container_memory_working_set_bytes,14774272.0
1776462303.63,product-catalog,product-catalog-784544475c-stwzc,cpu_usage,container_cpu_usage,0.0005353765523527396
1776462303.63,product-catalog,product-catalog-784544475c-stwzc,memory_usage,container_memory_working_set_bytes,12595200.0
1776462303.63,product-catalog,product-catalog::service,pod_restart_count,k8s_container_restarts,37.0
1776462303.63,product-catalog,product-catalog::service,pod_running_count,k8s_container_ready,3.0
1776462303.63,recommendation,otel-demo.recommendation-5b46f7469c-g2rgb.recommendation,dependency_error_ratio,trace_client_error_ratio,0.0
1776462303.63,recommendation,otel-demo.recommendation-5b46f7469c-rjwxq.recommendation,dependency_error_ratio,trace_client_error_ratio,0.0
1776462303.63,recommendation,otel-demo.recommendation-5b46f7469c-rjwxq.recommendation,error_ratio,trace_server_error_ratio,0.0
1776462303.63,recommendation,otel-demo.recommendation-5b46f7469c-rjwxq.recommendation,latency_p95,trace_server_latency_p95,5.149999999999999
1776462303.63,recommendation,otel-demo.recommendation-5b46f7469c-rjwxq.recommendation,request_count,trace_server_count,5.7
1776462303.63,recommendation,otel-demo.recommendation-5b46f7469c-t2fm9.recommendation,dependency_error_ratio,trace_client_error_ratio,0.0
1776462303.63,recommendation,otel-demo.recommendation-5b46f7469c-t2fm9.recommendation,error_ratio,trace_server_error_ratio,0.0
1776462303.63,recommendation,otel-demo.recommendation-5b46f7469c-t2fm9.recommendation,latency_p95,trace_server_latency_p95,5.179999999999995
1776462303.63,recommendation,otel-demo.recommendation-5b46f7469c-t2fm9.recommendation,request_count,trace_server_count,28.2
1776462303.63,recommendation,recommendation-5b46f7469c-g2rgb,cpu_usage,container_cpu_usage,0.009635636853830915
1776462303.63,recommendation,recommendation-5b46f7469c-g2rgb,memory_usage,container_memory_working_set_bytes,46870528.0
1776462303.63,recommendation,recommendation-5b46f7469c-rjwxq,cpu_usage,container_cpu_usage,0.013939696364847211
1776462303.63,recommendation,recommendation-5b46f7469c-rjwxq,memory_usage,container_memory_working_set_bytes,47865856.0
1776462303.63,recommendation,recommendation-5b46f7469c-t2fm9,cpu_usage,container_cpu_usage,0.027664032305625964
1776462303.63,recommendation,recommendation-5b46f7469c-t2fm9,memory_usage,container_memory_working_set_bytes,52518912.0
1776462303.63,recommendation,recommendation::service,pod_restart_count,k8s_container_restarts,3.0
1776462303.63,recommendation,recommendation::service,pod_running_count,k8s_container_ready,3.0
1776462313.63,ad,3a8b9295-6ae2-4e8a-b9b0-a607d7fec0a4,dependency_error_ratio,trace_client_error_ratio,0.0
1776462313.63,ad,3a8b9295-6ae2-4e8a-b9b0-a607d7fec0a4,error_ratio,trace_server_error_ratio,0.0
1776462313.63,ad,3a8b9295-6ae2-4e8a-b9b0-a607d7fec0a4,request_count,trace_server_count,0.0
1776462313.63,ad,5680c7ee-584c-4353-b6d2-93bc605a0324,dependency_error_ratio,trace_client_error_ratio,0.0
1776462313.63,ad,5680c7ee-584c-4353-b6d2-93bc605a0324,error_ratio,trace_server_error_ratio,0.0
1776462313.63,ad,5680c7ee-584c-4353-b6d2-93bc605a0324,request_count,trace_server_count,0.0
1776462313.63,ad,9f9a3c1c-bd3f-40ea-8764-b59f1ebd2204,dependency_error_ratio,trace_client_error_ratio,0.0
1776462313.63,ad,ad-7fb5b4f859-52ks9,cpu_usage,container_cpu_usage,0.002873863033807512
1776462313.63,ad,ad-7fb5b4f859-52ks9,memory_usage,container_memory_working_set_bytes,260534272.0
1776462313.63,ad,ad-7fb5b4f859-rd4zw,cpu_usage,container_cpu_usage,0.0015777990547610427
1776462313.63,ad,ad-7fb5b4f859-rd4zw,memory_usage,container_memory_working_set_bytes,238698496.0
1776462313.63,ad,ad-7fb5b4f859-zsstr,cpu_usage,container_cpu_usage,0.004601334244255362
1776462313.63,ad,ad-7fb5b4f859-zsstr,memory_usage,container_memory_working_set_bytes,261857280.0
1776462313.63,ad,ad::service,pod_restart_count,k8s_container_restarts,3.0
1776462313.63,ad,ad::service,pod_running_count,k8s_container_ready,3.0
1776462313.63,cart,cart-7c7496d7f-th7mc,cpu_usage,container_cpu_usage,0.06077383005362049
1776462313.63,cart,cart-7c7496d7f-th7mc,memory_usage,container_memory_working_set_bytes,63016960.0
1776462313.63,cart,cart::service,pod_restart_count,k8s_container_restarts,1.0
1776462313.63,cart,cart::service,pod_running_count,k8s_container_ready,1.0
1776462313.63,cart,f1f3afac-3031-4c18-925a-048232421d89,dependency_error_ratio,trace_client_error_ratio,0.0
1776462313.63,cart,f1f3afac-3031-4c18-925a-048232421d89,error_ratio,trace_server_error_ratio,0.0
1776462313.63,cart,f1f3afac-3031-4c18-925a-048232421d89,request_count,trace_server_count,0.0
1776462313.63,checkout,4755bdbd-5ad9-49fa-acb7-3a7dcb6a9277,dependency_error_ratio,trace_client_error_ratio,0.0
1776462313.63,checkout,4755bdbd-5ad9-49fa-acb7-3a7dcb6a9277,error_ratio,trace_server_error_ratio,0.0
1776462313.63,checkout,4755bdbd-5ad9-49fa-acb7-3a7dcb6a9277,request_count,trace_server_count,0.0
1776462313.63,checkout,bb49e6b9-109a-41b8-be66-ab2a38272474,dependency_error_ratio,trace_client_error_ratio,0.0
1776462313.63,checkout,bb49e6b9-109a-41b8-be66-ab2a38272474,error_ratio,trace_server_error_ratio,0.0
1776462313.63,checkout,bb49e6b9-109a-41b8-be66-ab2a38272474,request_count,trace_server_count,0.0
1776462313.63,checkout,bc5804df-6f63-4261-8788-8ecfe5481366,dependency_error_ratio,trace_client_error_ratio,0.0
1776462313.63,checkout,bc5804df-6f63-4261-8788-8ecfe5481366,error_ratio,trace_server_error_ratio,0.0
1776462313.63,checkout,bc5804df-6f63-4261-8788-8ecfe5481366,request_count,trace_server_count,0.0
1776462313.63,checkout,checkout-7f4ccfc547-6crwh,cpu_usage,container_cpu_usage,0.10141303439341419
1776462313.63,checkout,checkout-7f4ccfc547-6crwh,memory_usage,container_memory_working_set_bytes,14835712.0
1776462313.63,checkout,checkout-7f4ccfc547-ftx2n,cpu_usage,container_cpu_usage,0.0005795427050568498
1776462313.63,checkout,checkout-7f4ccfc547-ftx2n,memory_usage,container_memory_working_set_bytes,11984896.0
1776462313.63,checkout,checkout-7f4ccfc547-qlfgr,cpu_usage,container_cpu_usage,0.07012286433871044
1776462313.63,checkout,checkout-7f4ccfc547-qlfgr,memory_usage,container_memory_working_set_bytes,14761984.0
1776462313.63,checkout,checkout::service,pod_restart_count,k8s_container_restarts,45.0
1776462313.63,checkout,checkout::service,pod_running_count,k8s_container_ready,3.0
1776462313.63,email,email-5dcf48b665-66zvj,cpu_usage,container_cpu_usage,0.004868894129177479
1776462313.63,email,email-5dcf48b665-66zvj,memory_usage,container_memory_working_set_bytes,59731968.0
1776462313.63,email,email-5dcf48b665-9xxmx,cpu_usage,container_cpu_usage,0.009352484812998847
1776462313.63,email,email-5dcf48b665-9xxmx,memory_usage,container_memory_working_set_bytes,56283136.0
1776462313.63,email,email-5dcf48b665-n4zf2,cpu_usage,container_cpu_usage,0.007103726953684187
1776462313.63,email,email-5dcf48b665-n4zf2,memory_usage,container_memory_working_set_bytes,54562816.0
1776462313.63,email,email::service,pod_restart_count,k8s_container_restarts,9.0
1776462313.63,email,email::service,pod_running_count,k8s_container_ready,3.0
1776462313.63,email,otel-demo.email-5dcf48b665-66zvj.email,error_ratio,trace_server_error_ratio,0.0
1776462313.63,email,otel-demo.email-5dcf48b665-66zvj.email,request_count,trace_server_count,0.0
1776462313.63,email,otel-demo.email-5dcf48b665-9xxmx.email,error_ratio,trace_server_error_ratio,0.0
1776462313.63,email,otel-demo.email-5dcf48b665-9xxmx.email,request_count,trace_server_count,0.0
1776462313.63,email,otel-demo.email-5dcf48b665-n4zf2.email,error_ratio,trace_server_error_ratio,0.0
1776462313.63,email,otel-demo.email-5dcf48b665-n4zf2.email,request_count,trace_server_count,0.0
1776462313.63,frontend,frontend-b78bf7696-6bjdg,cpu_usage,container_cpu_usage,0.04941504077863002
1776462313.63,frontend,frontend-b78bf7696-6bjdg,memory_usage,container_memory_working_set_bytes,119324672.0
1776462313.63,frontend,frontend-b78bf7696-77ldd,cpu_usage,container_cpu_usage,0.13747882110261148
1776462313.63,frontend,frontend-b78bf7696-77ldd,memory_usage,container_memory_working_set_bytes,109309952.0
1776462313.63,frontend,frontend-b78bf7696-p9kqx,cpu_usage,container_cpu_usage,0.08362978651303694
1776462313.63,frontend,frontend-b78bf7696-p9kqx,memory_usage,container_memory_working_set_bytes,117522432.0
1776462313.63,frontend,frontend::service,pod_restart_count,k8s_container_restarts,3.0
1776462313.63,frontend,frontend::service,pod_running_count,k8s_container_ready,3.0
1776462313.63,frontend,otel-demo.frontend-b78bf7696-6bjdg.frontend,dependency_error_ratio,trace_client_error_ratio,0.0
1776462313.63,frontend,otel-demo.frontend-b78bf7696-6bjdg.frontend,error_ratio,trace_server_error_ratio,0.0
1776462313.63,frontend,otel-demo.frontend-b78bf7696-6bjdg.frontend,http_5xx_ratio,http_server_5xx_ratio,0.0
1776462313.63,frontend,otel-demo.frontend-b78bf7696-6bjdg.frontend,request_count,trace_server_count,0.0
1776462313.63,frontend,otel-demo.frontend-b78bf7696-77ldd.frontend,dependency_error_ratio,trace_client_error_ratio,0.0
1776462313.63,frontend,otel-demo.frontend-b78bf7696-77ldd.frontend,error_ratio,trace_server_error_ratio,0.0
1776462313.63,frontend,otel-demo.frontend-b78bf7696-77ldd.frontend,http_5xx_ratio,http_server_5xx_ratio,0.0
1776462313.63,frontend,otel-demo.frontend-b78bf7696-77ldd.frontend,request_count,trace_server_count,0.0
1776462313.63,frontend,otel-demo.frontend-b78bf7696-p9kqx.frontend,dependency_error_ratio,trace_client_error_ratio,0.0
1776462313.63,frontend,otel-demo.frontend-b78bf7696-p9kqx.frontend,error_ratio,trace_server_error_ratio,0.0
1776462313.63,frontend,otel-demo.frontend-b78bf7696-p9kqx.frontend,http_5xx_ratio,http_server_5xx_ratio,0.0
1776462313.63,frontend,otel-demo.frontend-b78bf7696-p9kqx.frontend,request_count,trace_server_count,0.0
1776462313.63,kafka,kafka-66df8bdf76-zjcbb,cpu_usage,container_cpu_usage,0.014184707857258711
1776462313.63,kafka,kafka-66df8bdf76-zjcbb,memory_usage,container_memory_working_set_bytes,665776128.0
1776462313.63,kafka,kafka::service,pod_restart_count,k8s_container_restarts,9.0
1776462313.63,kafka,kafka::service,pod_running_count,k8s_container_ready,1.0
1776462313.63,kafka,kafka::service,queue_lag,queue_size_ratio,0.0
1776462313.63,payment,otel-demo.payment-f9f8d647b-74h8z.payment,dependency_error_ratio,trace_client_error_ratio,0.0
1776462313.63,payment,otel-demo.payment-f9f8d647b-74h8z.payment,error_ratio,trace_server_error_ratio,0.0
1776462313.63,payment,otel-demo.payment-f9f8d647b-74h8z.payment,request_count,trace_server_count,0.0
1776462313.63,payment,otel-demo.payment-f9f8d647b-75hmx.payment,dependency_error_ratio,trace_client_error_ratio,0.0
1776462313.63,payment,otel-demo.payment-f9f8d647b-75hmx.payment,error_ratio,trace_server_error_ratio,0.0
1776462313.63,payment,otel-demo.payment-f9f8d647b-75hmx.payment,request_count,trace_server_count,0.0
1776462313.63,payment,otel-demo.payment-f9f8d647b-tv6l5.payment,dependency_error_ratio,trace_client_error_ratio,0.0
1776462313.63,payment,otel-demo.payment-f9f8d647b-tv6l5.payment,error_ratio,trace_server_error_ratio,0.0
1776462313.63,payment,otel-demo.payment-f9f8d647b-tv6l5.payment,request_count,trace_server_count,0.0
1776462313.63,payment,payment-f9f8d647b-74h8z,cpu_usage,container_cpu_usage,0.009592591395557699
1776462313.63,payment,payment-f9f8d647b-74h8z,memory_usage,container_memory_working_set_bytes,110510080.0
1776462313.63,payment,payment-f9f8d647b-75hmx,cpu_usage,container_cpu_usage,0.012590990453460725
1776462313.63,payment,payment-f9f8d647b-75hmx,memory_usage,container_memory_working_set_bytes,109903872.0
1776462313.63,payment,payment-f9f8d647b-tv6l5,cpu_usage,container_cpu_usage,0.006797744907856398
1776462313.63,payment,payment-f9f8d647b-tv6l5,memory_usage,container_memory_working_set_bytes,99250176.0
1776462313.63,payment,payment::service,pod_restart_count,k8s_container_restarts,39.0
1776462313.63,payment,payment::service,pod_running_count,k8s_container_ready,3.0
1776462313.63,product-catalog,otel-demo.product-catalog-784544475c-7crs7.product-catalog,dependency_error_ratio,trace_client_error_ratio,0.0
1776462313.63,product-catalog,otel-demo.product-catalog-784544475c-7crs7.product-catalog,error_ratio,trace_server_error_ratio,0.0
1776462313.63,product-catalog,otel-demo.product-catalog-784544475c-7crs7.product-catalog,request_count,trace_server_count,0.0
1776462313.63,product-catalog,otel-demo.product-catalog-784544475c-8skc7.product-catalog,dependency_error_ratio,trace_client_error_ratio,0.0
1776462313.63,product-catalog,otel-demo.product-catalog-784544475c-8skc7.product-catalog,error_ratio,trace_server_error_ratio,0.0
1776462313.63,product-catalog,otel-demo.product-catalog-784544475c-8skc7.product-catalog,request_count,trace_server_count,0.0
1776462313.63,product-catalog,otel-demo.product-catalog-784544475c-stwzc.product-catalog,dependency_error_ratio,trace_client_error_ratio,0.0
1776462313.63,product-catalog,otel-demo.product-catalog-784544475c-stwzc.product-catalog,error_ratio,trace_server_error_ratio,0.0
1776462313.63,product-catalog,otel-demo.product-catalog-784544475c-stwzc.product-catalog,request_count,trace_server_count,0.0
1776462313.63,product-catalog,product-catalog-784544475c-7crs7,cpu_usage,container_cpu_usage,0.030227483986877076
1776462313.63,product-catalog,product-catalog-784544475c-7crs7,memory_usage,container_memory_working_set_bytes,15405056.0
1776462313.63,product-catalog,product-catalog-784544475c-8skc7,cpu_usage,container_cpu_usage,0.10272813986942707
1776462313.63,product-catalog,product-catalog-784544475c-8skc7,memory_usage,container_memory_working_set_bytes,14942208.0
1776462313.63,product-catalog,product-catalog-784544475c-stwzc,cpu_usage,container_cpu_usage,0.0005240345411587598
1776462313.63,product-catalog,product-catalog-784544475c-stwzc,memory_usage,container_memory_working_set_bytes,12595200.0
1776462313.63,product-catalog,product-catalog::service,pod_restart_count,k8s_container_restarts,37.0
1776462313.63,product-catalog,product-catalog::service,pod_running_count,k8s_container_ready,3.0
1776462313.63,recommendation,otel-demo.recommendation-5b46f7469c-g2rgb.recommendation,dependency_error_ratio,trace_client_error_ratio,0.0
1776462313.63,recommendation,otel-demo.recommendation-5b46f7469c-rjwxq.recommendation,dependency_error_ratio,trace_client_error_ratio,0.0
1776462313.63,recommendation,otel-demo.recommendation-5b46f7469c-rjwxq.recommendation,error_ratio,trace_server_error_ratio,0.0
1776462313.63,recommendation,otel-demo.recommendation-5b46f7469c-rjwxq.recommendation,request_count,trace_server_count,0.0
1776462313.63,recommendation,otel-demo.recommendation-5b46f7469c-t2fm9.recommendation,dependency_error_ratio,trace_client_error_ratio,0.0
1776462313.63,recommendation,otel-demo.recommendation-5b46f7469c-t2fm9.recommendation,error_ratio,trace_server_error_ratio,0.0
1776462313.63,recommendation,otel-demo.recommendation-5b46f7469c-t2fm9.recommendation,request_count,trace_server_count,0.0
1776462313.63,recommendation,recommendation-5b46f7469c-g2rgb,cpu_usage,container_cpu_usage,0.008691087852838768
1776462313.63,recommendation,recommendation-5b46f7469c-g2rgb,memory_usage,container_memory_working_set_bytes,46891008.0
1776462313.63,recommendation,recommendation-5b46f7469c-rjwxq,cpu_usage,container_cpu_usage,0.01623294755947679
1776462313.63,recommendation,recommendation-5b46f7469c-rjwxq,memory_usage,container_memory_working_set_bytes,47886336.0
1776462313.63,recommendation,recommendation-5b46f7469c-t2fm9,cpu_usage,container_cpu_usage,0.03183492396641665
1776462313.63,recommendation,recommendation-5b46f7469c-t2fm9,memory_usage,container_memory_working_set_bytes,52613120.0
1776462313.63,recommendation,recommendation::service,pod_restart_count,k8s_container_restarts,3.0
1776462313.63,recommendation,recommendation::service,pod_running_count,k8s_container_ready,3.0
1776462323.63,ad,3a8b9295-6ae2-4e8a-b9b0-a607d7fec0a4,dependency_error_ratio,trace_client_error_ratio,0.0
1776462323.63,ad,3a8b9295-6ae2-4e8a-b9b0-a607d7fec0a4,error_ratio,trace_server_error_ratio,0.0
1776462323.63,ad,3a8b9295-6ae2-4e8a-b9b0-a607d7fec0a4,request_count,trace_server_count,0.0
1776462323.63,ad,5680c7ee-584c-4353-b6d2-93bc605a0324,dependency_error_ratio,trace_client_error_ratio,0.0
1776462323.63,ad,5680c7ee-584c-4353-b6d2-93bc605a0324,error_ratio,trace_server_error_ratio,0.0
1776462323.63,ad,5680c7ee-584c-4353-b6d2-93bc605a0324,request_count,trace_server_count,0.0
1776462323.63,ad,9f9a3c1c-bd3f-40ea-8764-b59f1ebd2204,dependency_error_ratio,trace_client_error_ratio,0.0
1776462323.63,ad,ad-7fb5b4f859-52ks9,cpu_usage,container_cpu_usage,0.002873863033807512
1776462323.63,ad,ad-7fb5b4f859-52ks9,memory_usage,container_memory_working_set_bytes,260534272.0
1776462323.63,ad,ad-7fb5b4f859-rd4zw,cpu_usage,container_cpu_usage,0.0017035725241883275
1776462323.63,ad,ad-7fb5b4f859-rd4zw,memory_usage,container_memory_working_set_bytes,238698496.0
1776462323.63,ad,ad-7fb5b4f859-zsstr,cpu_usage,container_cpu_usage,0.004439294172007166
1776462323.63,ad,ad-7fb5b4f859-zsstr,memory_usage,container_memory_working_set_bytes,261857280.0
1776462323.63,ad,ad::service,pod_restart_count,k8s_container_restarts,3.0
1776462323.63,ad,ad::service,pod_running_count,k8s_container_ready,3.0
1776462323.63,cart,cart-7c7496d7f-th7mc,cpu_usage,container_cpu_usage,0.05078683279767012
1776462323.63,cart,cart-7c7496d7f-th7mc,memory_usage,container_memory_working_set_bytes,63016960.0
1776462323.63,cart,cart::service,pod_restart_count,k8s_container_restarts,1.0
1776462323.63,cart,cart::service,pod_running_count,k8s_container_ready,1.0
1776462323.63,cart,f1f3afac-3031-4c18-925a-048232421d89,dependency_error_ratio,trace_client_error_ratio,0.0
1776462323.63,cart,f1f3afac-3031-4c18-925a-048232421d89,error_ratio,trace_server_error_ratio,0.0
1776462323.63,cart,f1f3afac-3031-4c18-925a-048232421d89,request_count,trace_server_count,0.0
1776462323.63,checkout,4755bdbd-5ad9-49fa-acb7-3a7dcb6a9277,dependency_error_ratio,trace_client_error_ratio,0.0
1776462323.63,checkout,4755bdbd-5ad9-49fa-acb7-3a7dcb6a9277,error_ratio,trace_server_error_ratio,0.0
1776462323.63,checkout,4755bdbd-5ad9-49fa-acb7-3a7dcb6a9277,request_count,trace_server_count,0.0
1776462323.63,checkout,bb49e6b9-109a-41b8-be66-ab2a38272474,dependency_error_ratio,trace_client_error_ratio,0.0
1776462323.63,checkout,bb49e6b9-109a-41b8-be66-ab2a38272474,error_ratio,trace_server_error_ratio,0.0
1776462323.63,checkout,bb49e6b9-109a-41b8-be66-ab2a38272474,request_count,trace_server_count,0.0
1776462323.63,checkout,bc5804df-6f63-4261-8788-8ecfe5481366,dependency_error_ratio,trace_client_error_ratio,0.0
1776462323.63,checkout,bc5804df-6f63-4261-8788-8ecfe5481366,error_ratio,trace_server_error_ratio,0.0
1776462323.63,checkout,bc5804df-6f63-4261-8788-8ecfe5481366,request_count,trace_server_count,0.0
1776462323.63,checkout,checkout-7f4ccfc547-6crwh,cpu_usage,container_cpu_usage,0.10141303439341419
1776462323.63,checkout,checkout-7f4ccfc547-6crwh,memory_usage,container_memory_working_set_bytes,14835712.0
1776462323.63,checkout,checkout-7f4ccfc547-ftx2n,cpu_usage,container_cpu_usage,0.0005156272556662313
1776462323.63,checkout,checkout-7f4ccfc547-ftx2n,memory_usage,container_memory_working_set_bytes,11984896.0
1776462323.63,checkout,checkout-7f4ccfc547-qlfgr,cpu_usage,container_cpu_usage,0.05696734208384673
1776462323.63,checkout,checkout-7f4ccfc547-qlfgr,memory_usage,container_memory_working_set_bytes,14725120.0
1776462323.63,checkout,checkout::service,pod_restart_count,k8s_container_restarts,45.0
1776462323.63,checkout,checkout::service,pod_running_count,k8s_container_ready,3.0
1776462323.63,email,email-5dcf48b665-66zvj,cpu_usage,container_cpu_usage,0.004524883036182118
1776462323.63,email,email-5dcf48b665-66zvj,memory_usage,container_memory_working_set_bytes,59580416.0
1776462323.63,email,email-5dcf48b665-9xxmx,cpu_usage,container_cpu_usage,0.009352484812998847
1776462323.63,email,email-5dcf48b665-9xxmx,memory_usage,container_memory_working_set_bytes,56283136.0
1776462323.63,email,email-5dcf48b665-n4zf2,cpu_usage,container_cpu_usage,0.007103726953684187
1776462323.63,email,email-5dcf48b665-n4zf2,memory_usage,container_memory_working_set_bytes,54562816.0
1776462323.63,email,email::service,pod_restart_count,k8s_container_restarts,9.0
1776462323.63,email,email::service,pod_running_count,k8s_container_ready,3.0
1776462323.63,email,otel-demo.email-5dcf48b665-66zvj.email,error_ratio,trace_server_error_ratio,0.0
1776462323.63,email,otel-demo.email-5dcf48b665-66zvj.email,request_count,trace_server_count,0.0
1776462323.63,email,otel-demo.email-5dcf48b665-9xxmx.email,error_ratio,trace_server_error_ratio,0.0
1776462323.63,email,otel-demo.email-5dcf48b665-9xxmx.email,request_count,trace_server_count,0.0
1776462323.63,email,otel-demo.email-5dcf48b665-n4zf2.email,error_ratio,trace_server_error_ratio,0.0
1776462323.63,email,otel-demo.email-5dcf48b665-n4zf2.email,request_count,trace_server_count,0.0
1776462323.63,frontend,frontend-b78bf7696-6bjdg,cpu_usage,container_cpu_usage,0.043174244216300776
1776462323.63,frontend,frontend-b78bf7696-6bjdg,memory_usage,container_memory_working_set_bytes,119095296.0
1776462323.63,frontend,frontend-b78bf7696-77ldd,cpu_usage,container_cpu_usage,0.12586640636960056
1776462323.63,frontend,frontend-b78bf7696-77ldd,memory_usage,container_memory_working_set_bytes,109240320.0
1776462323.63,frontend,frontend-b78bf7696-p9kqx,cpu_usage,container_cpu_usage,0.08362978651303694
1776462323.63,frontend,frontend-b78bf7696-p9kqx,memory_usage,container_memory_working_set_bytes,117522432.0
1776462323.63,frontend,frontend::service,pod_restart_count,k8s_container_restarts,3.0
1776462323.63,frontend,frontend::service,pod_running_count,k8s_container_ready,3.0
1776462323.63,frontend,otel-demo.frontend-b78bf7696-6bjdg.frontend,dependency_error_ratio,trace_client_error_ratio,0.0
1776462323.63,frontend,otel-demo.frontend-b78bf7696-6bjdg.frontend,error_ratio,trace_server_error_ratio,0.0
1776462323.63,frontend,otel-demo.frontend-b78bf7696-6bjdg.frontend,http_5xx_ratio,http_server_5xx_ratio,0.0
1776462323.63,frontend,otel-demo.frontend-b78bf7696-6bjdg.frontend,request_count,trace_server_count,0.0
1776462323.63,frontend,otel-demo.frontend-b78bf7696-77ldd.frontend,dependency_error_ratio,trace_client_error_ratio,0.0
1776462323.63,frontend,otel-demo.frontend-b78bf7696-77ldd.frontend,error_ratio,trace_server_error_ratio,0.0
1776462323.63,frontend,otel-demo.frontend-b78bf7696-77ldd.frontend,http_5xx_ratio,http_server_5xx_ratio,0.0
1776462323.63,frontend,otel-demo.frontend-b78bf7696-77ldd.frontend,request_count,trace_server_count,0.0
1776462323.63,frontend,otel-demo.frontend-b78bf7696-p9kqx.frontend,dependency_error_ratio,trace_client_error_ratio,0.0
1776462323.63,frontend,otel-demo.frontend-b78bf7696-p9kqx.frontend,error_ratio,trace_server_error_ratio,0.0
1776462323.63,frontend,otel-demo.frontend-b78bf7696-p9kqx.frontend,http_5xx_ratio,http_server_5xx_ratio,0.0
1776462323.63,frontend,otel-demo.frontend-b78bf7696-p9kqx.frontend,request_count,trace_server_count,0.0
1776462323.63,kafka,kafka-66df8bdf76-zjcbb,cpu_usage,container_cpu_usage,0.013901631325360313
1776462323.63,kafka,kafka-66df8bdf76-zjcbb,memory_usage,container_memory_working_set_bytes,665776128.0
1776462323.63,kafka,kafka::service,pod_restart_count,k8s_container_restarts,9.0
1776462323.63,kafka,kafka::service,pod_running_count,k8s_container_ready,1.0
1776462323.63,kafka,kafka::service,queue_lag,queue_size_ratio,0.0
1776462323.63,payment,otel-demo.payment-f9f8d647b-74h8z.payment,dependency_error_ratio,trace_client_error_ratio,0.0
1776462323.63,payment,otel-demo.payment-f9f8d647b-74h8z.payment,error_ratio,trace_server_error_ratio,0.0
1776462323.63,payment,otel-demo.payment-f9f8d647b-74h8z.payment,request_count,trace_server_count,0.0
1776462323.63,payment,otel-demo.payment-f9f8d647b-75hmx.payment,dependency_error_ratio,trace_client_error_ratio,0.0
1776462323.63,payment,otel-demo.payment-f9f8d647b-75hmx.payment,error_ratio,trace_server_error_ratio,0.0
1776462323.63,payment,otel-demo.payment-f9f8d647b-75hmx.payment,request_count,trace_server_count,0.0
1776462323.63,payment,otel-demo.payment-f9f8d647b-tv6l5.payment,dependency_error_ratio,trace_client_error_ratio,0.0
1776462323.63,payment,otel-demo.payment-f9f8d647b-tv6l5.payment,error_ratio,trace_server_error_ratio,0.0
1776462323.63,payment,otel-demo.payment-f9f8d647b-tv6l5.payment,request_count,trace_server_count,0.0
1776462323.63,payment,payment-f9f8d647b-74h8z,cpu_usage,container_cpu_usage,0.010649860544947548
1776462323.63,payment,payment-f9f8d647b-74h8z,memory_usage,container_memory_working_set_bytes,110505984.0
1776462323.63,payment,payment-f9f8d647b-75hmx,cpu_usage,container_cpu_usage,0.012252764378478779
1776462323.63,payment,payment-f9f8d647b-75hmx,memory_usage,container_memory_working_set_bytes,109907968.0
1776462323.63,payment,payment-f9f8d647b-tv6l5,cpu_usage,container_cpu_usage,0.005653722205113655
1776462323.63,payment,payment-f9f8d647b-tv6l5,memory_usage,container_memory_working_set_bytes,99250176.0
1776462323.63,payment,payment::service,pod_restart_count,k8s_container_restarts,39.0
1776462323.63,payment,payment::service,pod_running_count,k8s_container_ready,3.0
1776462323.63,product-catalog,otel-demo.product-catalog-784544475c-7crs7.product-catalog,dependency_error_ratio,trace_client_error_ratio,0.0
1776462323.63,product-catalog,otel-demo.product-catalog-784544475c-7crs7.product-catalog,error_ratio,trace_server_error_ratio,0.0
1776462323.63,product-catalog,otel-demo.product-catalog-784544475c-7crs7.product-catalog,request_count,trace_server_count,0.0
1776462323.63,product-catalog,otel-demo.product-catalog-784544475c-8skc7.product-catalog,dependency_error_ratio,trace_client_error_ratio,0.0
1776462323.63,product-catalog,otel-demo.product-catalog-784544475c-8skc7.product-catalog,error_ratio,trace_server_error_ratio,0.0
1776462323.63,product-catalog,otel-demo.product-catalog-784544475c-8skc7.product-catalog,request_count,trace_server_count,0.0
1776462323.63,product-catalog,otel-demo.product-catalog-784544475c-stwzc.product-catalog,dependency_error_ratio,trace_client_error_ratio,0.0
1776462323.63,product-catalog,otel-demo.product-catalog-784544475c-stwzc.product-catalog,error_ratio,trace_server_error_ratio,0.0
1776462323.63,product-catalog,otel-demo.product-catalog-784544475c-stwzc.product-catalog,request_count,trace_server_count,0.0
1776462323.63,product-catalog,product-catalog-784544475c-7crs7,cpu_usage,container_cpu_usage,0.033358428233777444
1776462323.63,product-catalog,product-catalog-784544475c-7crs7,memory_usage,container_memory_working_set_bytes,15405056.0
1776462323.63,product-catalog,product-catalog-784544475c-8skc7,cpu_usage,container_cpu_usage,0.07678601661033597
1776462323.63,product-catalog,product-catalog-784544475c-8skc7,memory_usage,container_memory_working_set_bytes,14782464.0
1776462323.63,product-catalog,product-catalog-784544475c-stwzc,cpu_usage,container_cpu_usage,0.0004467820241503808
1776462323.63,product-catalog,product-catalog-784544475c-stwzc,memory_usage,container_memory_working_set_bytes,12595200.0
1776462323.63,product-catalog,product-catalog::service,pod_restart_count,k8s_container_restarts,37.0
1776462323.63,product-catalog,product-catalog::service,pod_running_count,k8s_container_ready,3.0
1776462323.63,recommendation,otel-demo.recommendation-5b46f7469c-g2rgb.recommendation,dependency_error_ratio,trace_client_error_ratio,0.0
1776462323.63,recommendation,otel-demo.recommendation-5b46f7469c-rjwxq.recommendation,dependency_error_ratio,trace_client_error_ratio,0.0
1776462323.63,recommendation,otel-demo.recommendation-5b46f7469c-rjwxq.recommendation,error_ratio,trace_server_error_ratio,0.0
1776462323.63,recommendation,otel-demo.recommendation-5b46f7469c-rjwxq.recommendation,request_count,trace_server_count,0.0
1776462323.63,recommendation,otel-demo.recommendation-5b46f7469c-t2fm9.recommendation,dependency_error_ratio,trace_client_error_ratio,0.0
1776462323.63,recommendation,otel-demo.recommendation-5b46f7469c-t2fm9.recommendation,error_ratio,trace_server_error_ratio,0.0
1776462323.63,recommendation,otel-demo.recommendation-5b46f7469c-t2fm9.recommendation,request_count,trace_server_count,0.0
1776462323.63,recommendation,recommendation-5b46f7469c-g2rgb,cpu_usage,container_cpu_usage,0.008691087852838768
1776462323.63,recommendation,recommendation-5b46f7469c-g2rgb,memory_usage,container_memory_working_set_bytes,46891008.0
1776462323.63,recommendation,recommendation-5b46f7469c-rjwxq,cpu_usage,container_cpu_usage,0.01606574464399146
1776462323.63,recommendation,recommendation-5b46f7469c-rjwxq,memory_usage,container_memory_working_set_bytes,47886336.0
1776462323.63,recommendation,recommendation-5b46f7469c-t2fm9,cpu_usage,container_cpu_usage,0.03171620950109654
1776462323.63,recommendation,recommendation-5b46f7469c-t2fm9,memory_usage,container_memory_working_set_bytes,52613120.0
1776462323.63,recommendation,recommendation::service,pod_restart_count,k8s_container_restarts,3.0
1776462323.63,recommendation,recommendation::service,pod_running_count,k8s_container_ready,3.0
1776462333.63,ad,3a8b9295-6ae2-4e8a-b9b0-a607d7fec0a4,dependency_error_ratio,trace_client_error_ratio,0.0
1776462333.63,ad,3a8b9295-6ae2-4e8a-b9b0-a607d7fec0a4,error_ratio,trace_server_error_ratio,0.0
1776462333.63,ad,3a8b9295-6ae2-4e8a-b9b0-a607d7fec0a4,request_count,trace_server_count,0.0
1776462333.63,ad,5680c7ee-584c-4353-b6d2-93bc605a0324,dependency_error_ratio,trace_client_error_ratio,0.0
1776462333.63,ad,5680c7ee-584c-4353-b6d2-93bc605a0324,error_ratio,trace_server_error_ratio,0.0
1776462333.63,ad,5680c7ee-584c-4353-b6d2-93bc605a0324,request_count,trace_server_count,0.0
1776462333.63,ad,9f9a3c1c-bd3f-40ea-8764-b59f1ebd2204,dependency_error_ratio,trace_client_error_ratio,0.0
1776462333.63,ad,ad-7fb5b4f859-52ks9,cpu_usage,container_cpu_usage,0.0025644364074779193
1776462333.63,ad,ad-7fb5b4f859-52ks9,memory_usage,container_memory_working_set_bytes,260534272.0
1776462333.63,ad,ad-7fb5b4f859-rd4zw,cpu_usage,container_cpu_usage,0.0015083323666999968
1776462333.63,ad,ad-7fb5b4f859-rd4zw,memory_usage,container_memory_working_set_bytes,238698496.0
1776462333.63,ad,ad-7fb5b4f859-zsstr,cpu_usage,container_cpu_usage,0.004372302443674544
1776462333.63,ad,ad-7fb5b4f859-zsstr,memory_usage,container_memory_working_set_bytes,261857280.0
1776462333.63,ad,ad::service,pod_restart_count,k8s_container_restarts,3.0
1776462333.63,ad,ad::service,pod_running_count,k8s_container_ready,3.0
1776462333.63,cart,cart-7c7496d7f-th7mc,cpu_usage,container_cpu_usage,0.05983360956138148
1776462333.63,cart,cart-7c7496d7f-th7mc,memory_usage,container_memory_working_set_bytes,63123456.0
1776462333.63,cart,cart::service,pod_restart_count,k8s_container_restarts,1.0
1776462333.63,cart,cart::service,pod_running_count,k8s_container_ready,1.0
1776462333.63,cart,f1f3afac-3031-4c18-925a-048232421d89,dependency_error_ratio,trace_client_error_ratio,0.0
1776462333.63,cart,f1f3afac-3031-4c18-925a-048232421d89,error_ratio,trace_server_error_ratio,0.0
1776462333.63,cart,f1f3afac-3031-4c18-925a-048232421d89,request_count,trace_server_count,0.0
1776462333.63,checkout,4755bdbd-5ad9-49fa-acb7-3a7dcb6a9277,dependency_error_ratio,trace_client_error_ratio,0.0
1776462333.63,checkout,4755bdbd-5ad9-49fa-acb7-3a7dcb6a9277,error_ratio,trace_server_error_ratio,0.0
1776462333.63,checkout,4755bdbd-5ad9-49fa-acb7-3a7dcb6a9277,request_count,trace_server_count,0.0
1776462333.63,checkout,bb49e6b9-109a-41b8-be66-ab2a38272474,dependency_error_ratio,trace_client_error_ratio,0.0
1776462333.63,checkout,bb49e6b9-109a-41b8-be66-ab2a38272474,error_ratio,trace_server_error_ratio,0.0
1776462333.63,checkout,bb49e6b9-109a-41b8-be66-ab2a38272474,request_count,trace_server_count,0.0
1776462333.63,checkout,bc5804df-6f63-4261-8788-8ecfe5481366,dependency_error_ratio,trace_client_error_ratio,0.0
1776462333.63,checkout,bc5804df-6f63-4261-8788-8ecfe5481366,error_ratio,trace_server_error_ratio,0.0
1776462333.63,checkout,bc5804df-6f63-4261-8788-8ecfe5481366,request_count,trace_server_count,0.0
1776462333.63,checkout,checkout-7f4ccfc547-6crwh,cpu_usage,container_cpu_usage,0.09122918399074392
1776462333.63,checkout,checkout-7f4ccfc547-6crwh,memory_usage,container_memory_working_set_bytes,14827520.0
1776462333.63,checkout,checkout-7f4ccfc547-ftx2n,cpu_usage,container_cpu_usage,0.0005219959872185472
1776462333.63,checkout,checkout-7f4ccfc547-ftx2n,memory_usage,container_memory_working_set_bytes,11984896.0
1776462333.63,checkout,checkout-7f4ccfc547-qlfgr,cpu_usage,container_cpu_usage,0.059380812986495016
1776462333.63,checkout,checkout-7f4ccfc547-qlfgr,memory_usage,container_memory_working_set_bytes,14725120.0
1776462333.63,checkout,checkout::service,pod_restart_count,k8s_container_restarts,45.0
1776462333.63,checkout,checkout::service,pod_running_count,k8s_container_ready,3.0
1776462333.63,email,email-5dcf48b665-66zvj,cpu_usage,container_cpu_usage,0.0042862855346793875
1776462333.63,email,email-5dcf48b665-66zvj,memory_usage,container_memory_working_set_bytes,59645952.0
1776462333.63,email,email-5dcf48b665-9xxmx,cpu_usage,container_cpu_usage,0.00980061876039853
1776462333.63,email,email-5dcf48b665-9xxmx,memory_usage,container_memory_working_set_bytes,56283136.0
1776462333.63,email,email-5dcf48b665-n4zf2,cpu_usage,container_cpu_usage,0.006074785485951053
1776462333.63,email,email-5dcf48b665-n4zf2,memory_usage,container_memory_working_set_bytes,54587392.0
1776462333.63,email,email::service,pod_restart_count,k8s_container_restarts,9.0
1776462333.63,email,email::service,pod_running_count,k8s_container_ready,3.0
1776462333.63,email,otel-demo.email-5dcf48b665-66zvj.email,error_ratio,trace_server_error_ratio,0.0
1776462333.63,email,otel-demo.email-5dcf48b665-66zvj.email,request_count,trace_server_count,0.0
1776462333.63,email,otel-demo.email-5dcf48b665-9xxmx.email,error_ratio,trace_server_error_ratio,0.0
1776462333.63,email,otel-demo.email-5dcf48b665-9xxmx.email,request_count,trace_server_count,0.0
1776462333.63,email,otel-demo.email-5dcf48b665-n4zf2.email,error_ratio,trace_server_error_ratio,0.0
1776462333.63,email,otel-demo.email-5dcf48b665-n4zf2.email,request_count,trace_server_count,0.0
1776462333.63,frontend,frontend-b78bf7696-6bjdg,cpu_usage,container_cpu_usage,0.0453868588094053
1776462333.63,frontend,frontend-b78bf7696-6bjdg,memory_usage,container_memory_working_set_bytes,117899264.0
1776462333.63,frontend,frontend-b78bf7696-77ldd,cpu_usage,container_cpu_usage,0.13352178762050898
1776462333.63,frontend,frontend-b78bf7696-77ldd,memory_usage,container_memory_working_set_bytes,109674496.0
1776462333.63,frontend,frontend-b78bf7696-p9kqx,cpu_usage,container_cpu_usage,0.07321807083705462
1776462333.63,frontend,frontend-b78bf7696-p9kqx,memory_usage,container_memory_working_set_bytes,118046720.0
1776462333.63,frontend,frontend::service,pod_restart_count,k8s_container_restarts,3.0
1776462333.63,frontend,frontend::service,pod_running_count,k8s_container_ready,3.0
1776462333.63,frontend,otel-demo.frontend-b78bf7696-6bjdg.frontend,dependency_error_ratio,trace_client_error_ratio,0.0
1776462333.63,frontend,otel-demo.frontend-b78bf7696-6bjdg.frontend,error_ratio,trace_server_error_ratio,0.0
1776462333.63,frontend,otel-demo.frontend-b78bf7696-6bjdg.frontend,http_5xx_ratio,http_server_5xx_ratio,0.0
1776462333.63,frontend,otel-demo.frontend-b78bf7696-6bjdg.frontend,request_count,trace_server_count,0.0
1776462333.63,frontend,otel-demo.frontend-b78bf7696-77ldd.frontend,dependency_error_ratio,trace_client_error_ratio,0.0
1776462333.63,frontend,otel-demo.frontend-b78bf7696-77ldd.frontend,error_ratio,trace_server_error_ratio,0.0
1776462333.63,frontend,otel-demo.frontend-b78bf7696-77ldd.frontend,http_5xx_ratio,http_server_5xx_ratio,0.0
1776462333.63,frontend,otel-demo.frontend-b78bf7696-77ldd.frontend,request_count,trace_server_count,0.0
1776462333.63,frontend,otel-demo.frontend-b78bf7696-p9kqx.frontend,dependency_error_ratio,trace_client_error_ratio,0.0
1776462333.63,frontend,otel-demo.frontend-b78bf7696-p9kqx.frontend,error_ratio,trace_server_error_ratio,0.0
1776462333.63,frontend,otel-demo.frontend-b78bf7696-p9kqx.frontend,http_5xx_ratio,http_server_5xx_ratio,0.0
1776462333.63,frontend,otel-demo.frontend-b78bf7696-p9kqx.frontend,request_count,trace_server_count,0.0
1776462333.63,kafka,kafka-66df8bdf76-zjcbb,cpu_usage,container_cpu_usage,0.013546750133190455
1776462333.63,kafka,kafka-66df8bdf76-zjcbb,memory_usage,container_memory_working_set_bytes,665817088.0
1776462333.63,kafka,kafka::service,pod_restart_count,k8s_container_restarts,9.0
1776462333.63,kafka,kafka::service,pod_running_count,k8s_container_ready,1.0
1776462333.63,kafka,kafka::service,queue_lag,queue_size_ratio,0.0
1776462333.63,payment,otel-demo.payment-f9f8d647b-74h8z.payment,dependency_error_ratio,trace_client_error_ratio,0.0
1776462333.63,payment,otel-demo.payment-f9f8d647b-74h8z.payment,error_ratio,trace_server_error_ratio,0.0
1776462333.63,payment,otel-demo.payment-f9f8d647b-74h8z.payment,request_count,trace_server_count,0.0
1776462333.63,payment,otel-demo.payment-f9f8d647b-75hmx.payment,dependency_error_ratio,trace_client_error_ratio,0.0
1776462333.63,payment,otel-demo.payment-f9f8d647b-75hmx.payment,error_ratio,trace_server_error_ratio,0.0
1776462333.63,payment,otel-demo.payment-f9f8d647b-75hmx.payment,request_count,trace_server_count,0.0
1776462333.63,payment,otel-demo.payment-f9f8d647b-tv6l5.payment,dependency_error_ratio,trace_client_error_ratio,0.0
1776462333.63,payment,otel-demo.payment-f9f8d647b-tv6l5.payment,error_ratio,trace_server_error_ratio,0.0
1776462333.63,payment,otel-demo.payment-f9f8d647b-tv6l5.payment,request_count,trace_server_count,0.0
1776462333.63,payment,payment-f9f8d647b-74h8z,cpu_usage,container_cpu_usage,0.010687840885790254
1776462333.63,payment,payment-f9f8d647b-74h8z,memory_usage,container_memory_working_set_bytes,110505984.0
1776462333.63,payment,payment-f9f8d647b-75hmx,cpu_usage,container_cpu_usage,0.012395106221547414
1776462333.63,payment,payment-f9f8d647b-75hmx,memory_usage,container_memory_working_set_bytes,109907968.0
1776462333.63,payment,payment-f9f8d647b-tv6l5,cpu_usage,container_cpu_usage,0.006402016529624196
1776462333.63,payment,payment-f9f8d647b-tv6l5,memory_usage,container_memory_working_set_bytes,99250176.0
1776462333.63,payment,payment::service,pod_restart_count,k8s_container_restarts,39.0
1776462333.63,payment,payment::service,pod_running_count,k8s_container_ready,3.0
1776462333.63,product-catalog,otel-demo.product-catalog-784544475c-7crs7.product-catalog,dependency_error_ratio,trace_client_error_ratio,0.0
1776462333.63,product-catalog,otel-demo.product-catalog-784544475c-7crs7.product-catalog,error_ratio,trace_server_error_ratio,0.0
1776462333.63,product-catalog,otel-demo.product-catalog-784544475c-7crs7.product-catalog,request_count,trace_server_count,0.0
1776462333.63,product-catalog,otel-demo.product-catalog-784544475c-8skc7.product-catalog,dependency_error_ratio,trace_client_error_ratio,0.0
1776462333.63,product-catalog,otel-demo.product-catalog-784544475c-8skc7.product-catalog,error_ratio,trace_server_error_ratio,0.0
1776462333.63,product-catalog,otel-demo.product-catalog-784544475c-8skc7.product-catalog,request_count,trace_server_count,0.0
1776462333.63,product-catalog,otel-demo.product-catalog-784544475c-stwzc.product-catalog,dependency_error_ratio,trace_client_error_ratio,0.0
1776462333.63,product-catalog,otel-demo.product-catalog-784544475c-stwzc.product-catalog,error_ratio,trace_server_error_ratio,0.0
1776462333.63,product-catalog,otel-demo.product-catalog-784544475c-stwzc.product-catalog,request_count,trace_server_count,0.0
1776462333.63,product-catalog,product-catalog-784544475c-7crs7,cpu_usage,container_cpu_usage,0.03226088338941735
1776462333.63,product-catalog,product-catalog-784544475c-7crs7,memory_usage,container_memory_working_set_bytes,15724544.0
1776462333.63,product-catalog,product-catalog-784544475c-8skc7,cpu_usage,container_cpu_usage,0.09263966324387536
1776462333.63,product-catalog,product-catalog-784544475c-8skc7,memory_usage,container_memory_working_set_bytes,14897152.0
1776462333.63,product-catalog,product-catalog-784544475c-stwzc,cpu_usage,container_cpu_usage,0.0004124572035372305
1776462333.63,product-catalog,product-catalog-784544475c-stwzc,memory_usage,container_memory_working_set_bytes,12599296.0
1776462333.63,product-catalog,product-catalog::service,pod_restart_count,k8s_container_restarts,37.0
1776462333.63,product-catalog,product-catalog::service,pod_running_count,k8s_container_ready,3.0
1776462333.63,recommendation,otel-demo.recommendation-5b46f7469c-g2rgb.recommendation,dependency_error_ratio,trace_client_error_ratio,0.0
1776462333.63,recommendation,otel-demo.recommendation-5b46f7469c-rjwxq.recommendation,dependency_error_ratio,trace_client_error_ratio,0.0
1776462333.63,recommendation,otel-demo.recommendation-5b46f7469c-rjwxq.recommendation,error_ratio,trace_server_error_ratio,0.0
1776462333.63,recommendation,otel-demo.recommendation-5b46f7469c-rjwxq.recommendation,request_count,trace_server_count,0.0
1776462333.63,recommendation,otel-demo.recommendation-5b46f7469c-t2fm9.recommendation,dependency_error_ratio,trace_client_error_ratio,0.0
1776462333.63,recommendation,otel-demo.recommendation-5b46f7469c-t2fm9.recommendation,error_ratio,trace_server_error_ratio,0.0
1776462333.63,recommendation,otel-demo.recommendation-5b46f7469c-t2fm9.recommendation,request_count,trace_server_count,0.0
1776462333.63,recommendation,recommendation-5b46f7469c-g2rgb,cpu_usage,container_cpu_usage,0.009574167660774346
1776462333.63,recommendation,recommendation-5b46f7469c-g2rgb,memory_usage,container_memory_working_set_bytes,46891008.0
1776462333.63,recommendation,recommendation-5b46f7469c-rjwxq,cpu_usage,container_cpu_usage,0.014783888622178902
1776462333.63,recommendation,recommendation-5b46f7469c-rjwxq,memory_usage,container_memory_working_set_bytes,47865856.0
1776462333.63,recommendation,recommendation-5b46f7469c-t2fm9,cpu_usage,container_cpu_usage,0.029077742603193096
1776462333.63,recommendation,recommendation-5b46f7469c-t2fm9,memory_usage,container_memory_working_set_bytes,52543488.0
1776462333.63,recommendation,recommendation::service,pod_restart_count,k8s_container_restarts,3.0
1776462333.63,recommendation,recommendation::service,pod_running_count,k8s_container_ready,3.0
1776462343.63,ad,3a8b9295-6ae2-4e8a-b9b0-a607d7fec0a4,dependency_error_ratio,trace_client_error_ratio,0.0
1776462343.63,ad,3a8b9295-6ae2-4e8a-b9b0-a607d7fec0a4,error_ratio,trace_server_error_ratio,0.0
1776462343.63,ad,3a8b9295-6ae2-4e8a-b9b0-a607d7fec0a4,request_count,trace_server_count,0.0
1776462343.63,ad,5680c7ee-584c-4353-b6d2-93bc605a0324,dependency_error_ratio,trace_client_error_ratio,0.0
1776462343.63,ad,5680c7ee-584c-4353-b6d2-93bc605a0324,error_ratio,trace_server_error_ratio,0.0
1776462343.63,ad,5680c7ee-584c-4353-b6d2-93bc605a0324,request_count,trace_server_count,0.0
1776462343.63,ad,9f9a3c1c-bd3f-40ea-8764-b59f1ebd2204,dependency_error_ratio,trace_client_error_ratio,0.0
1776462343.63,ad,ad-7fb5b4f859-52ks9,cpu_usage,container_cpu_usage,0.0017704446647924235
1776462343.63,ad,ad-7fb5b4f859-52ks9,memory_usage,container_memory_working_set_bytes,260534272.0
1776462343.63,ad,ad-7fb5b4f859-rd4zw,cpu_usage,container_cpu_usage,0.001344827114297355
1776462343.63,ad,ad-7fb5b4f859-rd4zw,memory_usage,container_memory_working_set_bytes,238698496.0
1776462343.63,ad,ad-7fb5b4f859-zsstr,cpu_usage,container_cpu_usage,0.005237628272757898
1776462343.63,ad,ad-7fb5b4f859-zsstr,memory_usage,container_memory_working_set_bytes,261857280.0
1776462343.63,ad,ad::service,pod_restart_count,k8s_container_restarts,3.0
1776462343.63,ad,ad::service,pod_running_count,k8s_container_ready,3.0
1776462343.63,cart,cart-7c7496d7f-th7mc,cpu_usage,container_cpu_usage,0.06072054220749535
1776462343.63,cart,cart-7c7496d7f-th7mc,memory_usage,container_memory_working_set_bytes,63139840.0
1776462343.63,cart,cart::service,pod_restart_count,k8s_container_restarts,1.0
1776462343.63,cart,cart::service,pod_running_count,k8s_container_ready,1.0
1776462343.63,cart,f1f3afac-3031-4c18-925a-048232421d89,dependency_error_ratio,trace_client_error_ratio,0.0
1776462343.63,cart,f1f3afac-3031-4c18-925a-048232421d89,error_ratio,trace_server_error_ratio,0.0
1776462343.63,cart,f1f3afac-3031-4c18-925a-048232421d89,request_count,trace_server_count,0.0
1776462343.63,checkout,4755bdbd-5ad9-49fa-acb7-3a7dcb6a9277,dependency_error_ratio,trace_client_error_ratio,0.0
1776462343.63,checkout,4755bdbd-5ad9-49fa-acb7-3a7dcb6a9277,error_ratio,trace_server_error_ratio,0.0
1776462343.63,checkout,4755bdbd-5ad9-49fa-acb7-3a7dcb6a9277,request_count,trace_server_count,0.0
1776462343.63,checkout,bb49e6b9-109a-41b8-be66-ab2a38272474,dependency_error_ratio,trace_client_error_ratio,0.0
1776462343.63,checkout,bb49e6b9-109a-41b8-be66-ab2a38272474,error_ratio,trace_server_error_ratio,0.0
1776462343.63,checkout,bb49e6b9-109a-41b8-be66-ab2a38272474,request_count,trace_server_count,0.0
1776462343.63,checkout,bc5804df-6f63-4261-8788-8ecfe5481366,dependency_error_ratio,trace_client_error_ratio,0.0
1776462343.63,checkout,bc5804df-6f63-4261-8788-8ecfe5481366,error_ratio,trace_server_error_ratio,0.0
1776462343.63,checkout,bc5804df-6f63-4261-8788-8ecfe5481366,request_count,trace_server_count,0.0
1776462343.63,checkout,checkout-7f4ccfc547-6crwh,cpu_usage,container_cpu_usage,0.07981320486758631
1776462343.63,checkout,checkout-7f4ccfc547-6crwh,memory_usage,container_memory_working_set_bytes,14827520.0
1776462343.63,checkout,checkout-7f4ccfc547-ftx2n,cpu_usage,container_cpu_usage,0.00047879922686639396
1776462343.63,checkout,checkout-7f4ccfc547-ftx2n,memory_usage,container_memory_working_set_bytes,11984896.0
1776462343.63,checkout,checkout-7f4ccfc547-qlfgr,cpu_usage,container_cpu_usage,0.07209769955358074
1776462343.63,checkout,checkout-7f4ccfc547-qlfgr,memory_usage,container_memory_working_set_bytes,15470592.0
1776462343.63,checkout,checkout::service,pod_restart_count,k8s_container_restarts,45.0
1776462343.63,checkout,checkout::service,pod_running_count,k8s_container_ready,3.0
1776462343.63,email,email-5dcf48b665-66zvj,cpu_usage,container_cpu_usage,0.004946550599710179
1776462343.63,email,email-5dcf48b665-66zvj,memory_usage,container_memory_working_set_bytes,59645952.0
1776462343.63,email,email-5dcf48b665-9xxmx,cpu_usage,container_cpu_usage,0.010115025466892481
1776462343.63,email,email-5dcf48b665-9xxmx,memory_usage,container_memory_working_set_bytes,56000512.0
1776462343.63,email,email-5dcf48b665-n4zf2,cpu_usage,container_cpu_usage,0.006074785485951054
1776462343.63,email,email-5dcf48b665-n4zf2,memory_usage,container_memory_working_set_bytes,54587392.0
1776462343.63,email,email::service,pod_restart_count,k8s_container_restarts,9.0
1776462343.63,email,email::service,pod_running_count,k8s_container_ready,3.0
1776462343.63,email,otel-demo.email-5dcf48b665-66zvj.email,error_ratio,trace_server_error_ratio,0.0
1776462343.63,email,otel-demo.email-5dcf48b665-66zvj.email,request_count,trace_server_count,0.0
1776462343.63,email,otel-demo.email-5dcf48b665-9xxmx.email,error_ratio,trace_server_error_ratio,0.0
1776462343.63,email,otel-demo.email-5dcf48b665-9xxmx.email,request_count,trace_server_count,0.0
1776462343.63,email,otel-demo.email-5dcf48b665-n4zf2.email,error_ratio,trace_server_error_ratio,0.0
1776462343.63,email,otel-demo.email-5dcf48b665-n4zf2.email,request_count,trace_server_count,0.0
1776462343.63,frontend,frontend-b78bf7696-6bjdg,cpu_usage,container_cpu_usage,0.042565870237892406
1776462343.63,frontend,frontend-b78bf7696-6bjdg,memory_usage,container_memory_working_set_bytes,117899264.0
1776462343.63,frontend,frontend-b78bf7696-77ldd,cpu_usage,container_cpu_usage,0.10701112034809794
1776462343.63,frontend,frontend-b78bf7696-77ldd,memory_usage,container_memory_working_set_bytes,109674496.0
1776462343.63,frontend,frontend-b78bf7696-p9kqx,cpu_usage,container_cpu_usage,0.061001493447094136
1776462343.63,frontend,frontend-b78bf7696-p9kqx,memory_usage,container_memory_working_set_bytes,118046720.0
1776462343.63,frontend,frontend::service,pod_restart_count,k8s_container_restarts,3.0
1776462343.63,frontend,frontend::service,pod_running_count,k8s_container_ready,3.0
1776462343.63,frontend,otel-demo.frontend-b78bf7696-6bjdg.frontend,dependency_error_ratio,trace_client_error_ratio,0.0
1776462343.63,frontend,otel-demo.frontend-b78bf7696-6bjdg.frontend,error_ratio,trace_server_error_ratio,0.0
1776462343.63,frontend,otel-demo.frontend-b78bf7696-6bjdg.frontend,http_5xx_ratio,http_server_5xx_ratio,0.0
1776462343.63,frontend,otel-demo.frontend-b78bf7696-6bjdg.frontend,request_count,trace_server_count,0.0
1776462343.63,frontend,otel-demo.frontend-b78bf7696-77ldd.frontend,dependency_error_ratio,trace_client_error_ratio,0.0
1776462343.63,frontend,otel-demo.frontend-b78bf7696-77ldd.frontend,error_ratio,trace_server_error_ratio,0.0
1776462343.63,frontend,otel-demo.frontend-b78bf7696-77ldd.frontend,http_5xx_ratio,http_server_5xx_ratio,0.0
1776462343.63,frontend,otel-demo.frontend-b78bf7696-77ldd.frontend,request_count,trace_server_count,0.0
1776462343.63,frontend,otel-demo.frontend-b78bf7696-p9kqx.frontend,dependency_error_ratio,trace_client_error_ratio,0.0
1776462343.63,frontend,otel-demo.frontend-b78bf7696-p9kqx.frontend,error_ratio,trace_server_error_ratio,0.0
1776462343.63,frontend,otel-demo.frontend-b78bf7696-p9kqx.frontend,http_5xx_ratio,http_server_5xx_ratio,0.0
1776462343.63,frontend,otel-demo.frontend-b78bf7696-p9kqx.frontend,request_count,trace_server_count,0.0
1776462343.63,kafka,kafka-66df8bdf76-zjcbb,cpu_usage,container_cpu_usage,0.013546750133190455
1776462343.63,kafka,kafka-66df8bdf76-zjcbb,memory_usage,container_memory_working_set_bytes,665817088.0
1776462343.63,kafka,kafka::service,pod_restart_count,k8s_container_restarts,9.0
1776462343.63,kafka,kafka::service,pod_running_count,k8s_container_ready,1.0
1776462343.63,kafka,kafka::service,queue_lag,queue_size_ratio,0.0
1776462343.63,payment,otel-demo.payment-f9f8d647b-74h8z.payment,dependency_error_ratio,trace_client_error_ratio,0.0
1776462343.63,payment,otel-demo.payment-f9f8d647b-74h8z.payment,error_ratio,trace_server_error_ratio,0.0
1776462343.63,payment,otel-demo.payment-f9f8d647b-74h8z.payment,request_count,trace_server_count,0.0
1776462343.63,payment,otel-demo.payment-f9f8d647b-75hmx.payment,dependency_error_ratio,trace_client_error_ratio,0.0
1776462343.63,payment,otel-demo.payment-f9f8d647b-75hmx.payment,error_ratio,trace_server_error_ratio,0.0
1776462343.63,payment,otel-demo.payment-f9f8d647b-75hmx.payment,request_count,trace_server_count,0.0
1776462343.63,payment,otel-demo.payment-f9f8d647b-tv6l5.payment,dependency_error_ratio,trace_client_error_ratio,0.0
1776462343.63,payment,otel-demo.payment-f9f8d647b-tv6l5.payment,error_ratio,trace_server_error_ratio,0.0
1776462343.63,payment,otel-demo.payment-f9f8d647b-tv6l5.payment,request_count,trace_server_count,0.0
1776462343.63,payment,payment-f9f8d647b-74h8z,cpu_usage,container_cpu_usage,0.0115581184398081
1776462343.63,payment,payment-f9f8d647b-74h8z,memory_usage,container_memory_working_set_bytes,110518272.0
1776462343.63,payment,payment-f9f8d647b-75hmx,cpu_usage,container_cpu_usage,0.01169090944437923
1776462343.63,payment,payment-f9f8d647b-75hmx,memory_usage,container_memory_working_set_bytes,109907968.0
1776462343.63,payment,payment-f9f8d647b-tv6l5,cpu_usage,container_cpu_usage,0.006952740407492436
1776462343.63,payment,payment-f9f8d647b-tv6l5,memory_usage,container_memory_working_set_bytes,99250176.0
1776462343.63,payment,payment::service,pod_restart_count,k8s_container_restarts,39.0
1776462343.63,payment,payment::service,pod_running_count,k8s_container_ready,3.0
1776462343.63,product-catalog,otel-demo.product-catalog-784544475c-7crs7.product-catalog,dependency_error_ratio,trace_client_error_ratio,0.0
1776462343.63,product-catalog,otel-demo.product-catalog-784544475c-7crs7.product-catalog,error_ratio,trace_server_error_ratio,0.0
1776462343.63,product-catalog,otel-demo.product-catalog-784544475c-7crs7.product-catalog,request_count,trace_server_count,0.0
1776462343.63,product-catalog,otel-demo.product-catalog-784544475c-8skc7.product-catalog,dependency_error_ratio,trace_client_error_ratio,0.0
1776462343.63,product-catalog,otel-demo.product-catalog-784544475c-8skc7.product-catalog,error_ratio,trace_server_error_ratio,0.0
1776462343.63,product-catalog,otel-demo.product-catalog-784544475c-8skc7.product-catalog,request_count,trace_server_count,0.0
1776462343.63,product-catalog,otel-demo.product-catalog-784544475c-stwzc.product-catalog,dependency_error_ratio,trace_client_error_ratio,0.0
1776462343.63,product-catalog,otel-demo.product-catalog-784544475c-stwzc.product-catalog,error_ratio,trace_server_error_ratio,0.0
1776462343.63,product-catalog,otel-demo.product-catalog-784544475c-stwzc.product-catalog,request_count,trace_server_count,0.0
1776462343.63,product-catalog,product-catalog-784544475c-7crs7,cpu_usage,container_cpu_usage,0.03226088338941736
1776462343.63,product-catalog,product-catalog-784544475c-7crs7,memory_usage,container_memory_working_set_bytes,15724544.0
1776462343.63,product-catalog,product-catalog-784544475c-8skc7,cpu_usage,container_cpu_usage,0.08771182214835146
1776462343.63,product-catalog,product-catalog-784544475c-8skc7,memory_usage,container_memory_working_set_bytes,15433728.0
1776462343.63,product-catalog,product-catalog-784544475c-stwzc,cpu_usage,container_cpu_usage,0.0004391701244813282
1776462343.63,product-catalog,product-catalog-784544475c-stwzc,memory_usage,container_memory_working_set_bytes,12599296.0
1776462343.63,product-catalog,product-catalog::service,pod_restart_count,k8s_container_restarts,37.0
1776462343.63,product-catalog,product-catalog::service,pod_running_count,k8s_container_ready,3.0
1776462343.63,recommendation,otel-demo.recommendation-5b46f7469c-g2rgb.recommendation,dependency_error_ratio,trace_client_error_ratio,0.0
1776462343.63,recommendation,otel-demo.recommendation-5b46f7469c-rjwxq.recommendation,dependency_error_ratio,trace_client_error_ratio,0.0
1776462343.63,recommendation,otel-demo.recommendation-5b46f7469c-rjwxq.recommendation,error_ratio,trace_server_error_ratio,0.0
1776462343.63,recommendation,otel-demo.recommendation-5b46f7469c-rjwxq.recommendation,request_count,trace_server_count,0.0
1776462343.63,recommendation,otel-demo.recommendation-5b46f7469c-t2fm9.recommendation,dependency_error_ratio,trace_client_error_ratio,0.0
1776462343.63,recommendation,otel-demo.recommendation-5b46f7469c-t2fm9.recommendation,error_ratio,trace_server_error_ratio,0.0
1776462343.63,recommendation,otel-demo.recommendation-5b46f7469c-t2fm9.recommendation,request_count,trace_server_count,0.0
1776462343.63,recommendation,recommendation-5b46f7469c-g2rgb,cpu_usage,container_cpu_usage,0.00867847060450029
1776462343.63,recommendation,recommendation-5b46f7469c-g2rgb,memory_usage,container_memory_working_set_bytes,46891008.0
1776462343.63,recommendation,recommendation-5b46f7469c-rjwxq,cpu_usage,container_cpu_usage,0.015123856398375497
1776462343.63,recommendation,recommendation-5b46f7469c-rjwxq,memory_usage,container_memory_working_set_bytes,47865856.0
1776462343.63,recommendation,recommendation-5b46f7469c-t2fm9,cpu_usage,container_cpu_usage,0.027575490626381458
1776462343.63,recommendation,recommendation-5b46f7469c-t2fm9,memory_usage,container_memory_working_set_bytes,52543488.0
1776462343.63,recommendation,recommendation::service,pod_restart_count,k8s_container_restarts,3.0
1776462343.63,recommendation,recommendation::service,pod_running_count,k8s_container_ready,3.0
1776462353.63,ad,3a8b9295-6ae2-4e8a-b9b0-a607d7fec0a4,dependency_error_ratio,trace_client_error_ratio,0.0
1776462353.63,ad,3a8b9295-6ae2-4e8a-b9b0-a607d7fec0a4,error_ratio,trace_server_error_ratio,0.0
1776462353.63,ad,3a8b9295-6ae2-4e8a-b9b0-a607d7fec0a4,request_count,trace_server_count,0.0
1776462353.63,ad,5680c7ee-584c-4353-b6d2-93bc605a0324,dependency_error_ratio,trace_client_error_ratio,0.0
1776462353.63,ad,5680c7ee-584c-4353-b6d2-93bc605a0324,error_ratio,trace_server_error_ratio,0.0
1776462353.63,ad,5680c7ee-584c-4353-b6d2-93bc605a0324,request_count,trace_server_count,0.0
1776462353.63,ad,9f9a3c1c-bd3f-40ea-8764-b59f1ebd2204,dependency_error_ratio,trace_client_error_ratio,0.0
1776462353.63,ad,ad-7fb5b4f859-52ks9,cpu_usage,container_cpu_usage,0.002225761217942954
1776462353.63,ad,ad-7fb5b4f859-52ks9,memory_usage,container_memory_working_set_bytes,260534272.0
1776462353.63,ad,ad-7fb5b4f859-rd4zw,cpu_usage,container_cpu_usage,0.001365913944258436
1776462353.63,ad,ad-7fb5b4f859-rd4zw,memory_usage,container_memory_working_set_bytes,238698496.0
1776462353.63,ad,ad-7fb5b4f859-zsstr,cpu_usage,container_cpu_usage,0.005237628272757899
1776462353.63,ad,ad-7fb5b4f859-zsstr,memory_usage,container_memory_working_set_bytes,261857280.0
1776462353.63,ad,ad::service,pod_restart_count,k8s_container_restarts,3.0
1776462353.63,ad,ad::service,pod_running_count,k8s_container_ready,3.0
1776462353.63,cart,cart-7c7496d7f-th7mc,cpu_usage,container_cpu_usage,0.06072054220749535
1776462353.63,cart,cart-7c7496d7f-th7mc,memory_usage,container_memory_working_set_bytes,63139840.0
1776462353.63,cart,cart::service,pod_restart_count,k8s_container_restarts,1.0
1776462353.63,cart,cart::service,pod_running_count,k8s_container_ready,1.0
1776462353.63,cart,f1f3afac-3031-4c18-925a-048232421d89,dependency_error_ratio,trace_client_error_ratio,0.0
1776462353.63,cart,f1f3afac-3031-4c18-925a-048232421d89,error_ratio,trace_server_error_ratio,0.0
1776462353.63,cart,f1f3afac-3031-4c18-925a-048232421d89,request_count,trace_server_count,0.0
1776462353.63,checkout,4755bdbd-5ad9-49fa-acb7-3a7dcb6a9277,dependency_error_ratio,trace_client_error_ratio,0.0
1776462353.63,checkout,4755bdbd-5ad9-49fa-acb7-3a7dcb6a9277,error_ratio,trace_server_error_ratio,0.0
1776462353.63,checkout,4755bdbd-5ad9-49fa-acb7-3a7dcb6a9277,request_count,trace_server_count,0.0
1776462353.63,checkout,bb49e6b9-109a-41b8-be66-ab2a38272474,dependency_error_ratio,trace_client_error_ratio,0.0
1776462353.63,checkout,bb49e6b9-109a-41b8-be66-ab2a38272474,error_ratio,trace_server_error_ratio,0.0
1776462353.63,checkout,bb49e6b9-109a-41b8-be66-ab2a38272474,request_count,trace_server_count,0.0
1776462353.63,checkout,bc5804df-6f63-4261-8788-8ecfe5481366,dependency_error_ratio,trace_client_error_ratio,0.0
1776462353.63,checkout,bc5804df-6f63-4261-8788-8ecfe5481366,error_ratio,trace_server_error_ratio,0.0
1776462353.63,checkout,bc5804df-6f63-4261-8788-8ecfe5481366,request_count,trace_server_count,0.0
1776462353.63,checkout,checkout-7f4ccfc547-6crwh,cpu_usage,container_cpu_usage,0.07127391925761677
1776462353.63,checkout,checkout-7f4ccfc547-6crwh,memory_usage,container_memory_working_set_bytes,14938112.0
1776462353.63,checkout,checkout-7f4ccfc547-ftx2n,cpu_usage,container_cpu_usage,0.0005037371768787734
1776462353.63,checkout,checkout-7f4ccfc547-ftx2n,memory_usage,container_memory_working_set_bytes,12214272.0
1776462353.63,checkout,checkout-7f4ccfc547-qlfgr,cpu_usage,container_cpu_usage,0.07298036271225578
1776462353.63,checkout,checkout-7f4ccfc547-qlfgr,memory_usage,container_memory_working_set_bytes,14782464.0
1776462353.63,checkout,checkout::service,pod_restart_count,k8s_container_restarts,45.0
1776462353.63,checkout,checkout::service,pod_running_count,k8s_container_ready,3.0
1776462353.63,email,email-5dcf48b665-66zvj,cpu_usage,container_cpu_usage,0.005101910320511691
1776462353.63,email,email-5dcf48b665-66zvj,memory_usage,container_memory_working_set_bytes,59686912.0
1776462353.63,email,email-5dcf48b665-9xxmx,cpu_usage,container_cpu_usage,0.009848973699077099
1776462353.63,email,email-5dcf48b665-9xxmx,memory_usage,container_memory_working_set_bytes,56000512.0
1776462353.63,email,email-5dcf48b665-n4zf2,cpu_usage,container_cpu_usage,0.0011300229224788267
1776462353.63,email,email-5dcf48b665-n4zf2,memory_usage,container_memory_working_set_bytes,54517760.0
1776462353.63,email,email::service,pod_restart_count,k8s_container_restarts,9.0
1776462353.63,email,email::service,pod_running_count,k8s_container_ready,3.0
1776462353.63,email,otel-demo.email-5dcf48b665-66zvj.email,error_ratio,trace_server_error_ratio,0.0
1776462353.63,email,otel-demo.email-5dcf48b665-66zvj.email,request_count,trace_server_count,0.0
1776462353.63,email,otel-demo.email-5dcf48b665-9xxmx.email,error_ratio,trace_server_error_ratio,0.0
1776462353.63,email,otel-demo.email-5dcf48b665-9xxmx.email,request_count,trace_server_count,0.0
1776462353.63,email,otel-demo.email-5dcf48b665-n4zf2.email,error_ratio,trace_server_error_ratio,0.0
1776462353.63,email,otel-demo.email-5dcf48b665-n4zf2.email,request_count,trace_server_count,0.0
1776462353.63,frontend,frontend-b78bf7696-6bjdg,cpu_usage,container_cpu_usage,0.05682088348554751
1776462353.63,frontend,frontend-b78bf7696-6bjdg,memory_usage,container_memory_working_set_bytes,117833728.0
1776462353.63,frontend,frontend-b78bf7696-77ldd,cpu_usage,container_cpu_usage,0.1518346261682212
1776462353.63,frontend,frontend-b78bf7696-77ldd,memory_usage,container_memory_working_set_bytes,109215744.0
1776462353.63,frontend,frontend-b78bf7696-p9kqx,cpu_usage,container_cpu_usage,0.051237675571478396
1776462353.63,frontend,frontend-b78bf7696-p9kqx,memory_usage,container_memory_working_set_bytes,118091776.0
1776462353.63,frontend,frontend::service,pod_restart_count,k8s_container_restarts,3.0
1776462353.63,frontend,frontend::service,pod_running_count,k8s_container_ready,3.0
1776462353.63,frontend,otel-demo.frontend-b78bf7696-6bjdg.frontend,dependency_error_ratio,trace_client_error_ratio,0.0
1776462353.63,frontend,otel-demo.frontend-b78bf7696-6bjdg.frontend,error_ratio,trace_server_error_ratio,0.0
1776462353.63,frontend,otel-demo.frontend-b78bf7696-6bjdg.frontend,http_5xx_ratio,http_server_5xx_ratio,0.0
1776462353.63,frontend,otel-demo.frontend-b78bf7696-6bjdg.frontend,request_count,trace_server_count,0.0
1776462353.63,frontend,otel-demo.frontend-b78bf7696-77ldd.frontend,dependency_error_ratio,trace_client_error_ratio,0.0
1776462353.63,frontend,otel-demo.frontend-b78bf7696-77ldd.frontend,error_ratio,trace_server_error_ratio,0.0
1776462353.63,frontend,otel-demo.frontend-b78bf7696-77ldd.frontend,http_5xx_ratio,http_server_5xx_ratio,0.0
1776462353.63,frontend,otel-demo.frontend-b78bf7696-77ldd.frontend,request_count,trace_server_count,0.0
1776462353.63,frontend,otel-demo.frontend-b78bf7696-p9kqx.frontend,dependency_error_ratio,trace_client_error_ratio,0.0
1776462353.63,frontend,otel-demo.frontend-b78bf7696-p9kqx.frontend,error_ratio,trace_server_error_ratio,0.0
1776462353.63,frontend,otel-demo.frontend-b78bf7696-p9kqx.frontend,http_5xx_ratio,http_server_5xx_ratio,0.0
1776462353.63,frontend,otel-demo.frontend-b78bf7696-p9kqx.frontend,request_count,trace_server_count,0.0
1776462353.63,kafka,kafka-66df8bdf76-zjcbb,cpu_usage,container_cpu_usage,0.010736476818060094
1776462353.63,kafka,kafka-66df8bdf76-zjcbb,memory_usage,container_memory_working_set_bytes,665817088.0
1776462353.63,kafka,kafka::service,pod_restart_count,k8s_container_restarts,9.0
1776462353.63,kafka,kafka::service,pod_running_count,k8s_container_ready,1.0
1776462353.63,kafka,kafka::service,queue_lag,queue_size_ratio,0.0
1776462353.63,payment,otel-demo.payment-f9f8d647b-74h8z.payment,dependency_error_ratio,trace_client_error_ratio,0.0
1776462353.63,payment,otel-demo.payment-f9f8d647b-74h8z.payment,error_ratio,trace_server_error_ratio,0.0
1776462353.63,payment,otel-demo.payment-f9f8d647b-74h8z.payment,request_count,trace_server_count,0.0
1776462353.63,payment,otel-demo.payment-f9f8d647b-75hmx.payment,dependency_error_ratio,trace_client_error_ratio,0.0
1776462353.63,payment,otel-demo.payment-f9f8d647b-75hmx.payment,error_ratio,trace_server_error_ratio,0.0
1776462353.63,payment,otel-demo.payment-f9f8d647b-75hmx.payment,request_count,trace_server_count,0.0
1776462353.63,payment,otel-demo.payment-f9f8d647b-tv6l5.payment,dependency_error_ratio,trace_client_error_ratio,0.0
1776462353.63,payment,otel-demo.payment-f9f8d647b-tv6l5.payment,error_ratio,trace_server_error_ratio,0.0
1776462353.63,payment,otel-demo.payment-f9f8d647b-tv6l5.payment,request_count,trace_server_count,0.0
1776462353.63,payment,payment-f9f8d647b-74h8z,cpu_usage,container_cpu_usage,0.0115581184398081
1776462353.63,payment,payment-f9f8d647b-74h8z,memory_usage,container_memory_working_set_bytes,110518272.0
1776462353.63,payment,payment-f9f8d647b-75hmx,cpu_usage,container_cpu_usage,0.01084878442147999
1776462353.63,payment,payment-f9f8d647b-75hmx,memory_usage,container_memory_working_set_bytes,109907968.0
1776462353.63,payment,payment-f9f8d647b-tv6l5,cpu_usage,container_cpu_usage,0.006952740407492436
1776462353.63,payment,payment-f9f8d647b-tv6l5,memory_usage,container_memory_working_set_bytes,99250176.0
1776462353.63,payment,payment::service,pod_restart_count,k8s_container_restarts,39.0
1776462353.63,payment,payment::service,pod_running_count,k8s_container_ready,3.0
1776462353.63,product-catalog,otel-demo.product-catalog-784544475c-7crs7.product-catalog,dependency_error_ratio,trace_client_error_ratio,0.0
1776462353.63,product-catalog,otel-demo.product-catalog-784544475c-7crs7.product-catalog,error_ratio,trace_server_error_ratio,0.0
1776462353.63,product-catalog,otel-demo.product-catalog-784544475c-7crs7.product-catalog,request_count,trace_server_count,0.0
1776462353.63,product-catalog,otel-demo.product-catalog-784544475c-8skc7.product-catalog,dependency_error_ratio,trace_client_error_ratio,0.0
1776462353.63,product-catalog,otel-demo.product-catalog-784544475c-8skc7.product-catalog,error_ratio,trace_server_error_ratio,0.0
1776462353.63,product-catalog,otel-demo.product-catalog-784544475c-8skc7.product-catalog,request_count,trace_server_count,0.0
1776462353.63,product-catalog,otel-demo.product-catalog-784544475c-stwzc.product-catalog,dependency_error_ratio,trace_client_error_ratio,0.0
1776462353.63,product-catalog,otel-demo.product-catalog-784544475c-stwzc.product-catalog,error_ratio,trace_server_error_ratio,0.0
1776462353.63,product-catalog,otel-demo.product-catalog-784544475c-stwzc.product-catalog,request_count,trace_server_count,0.0
1776462353.63,product-catalog,product-catalog-784544475c-7crs7,cpu_usage,container_cpu_usage,0.02174791701153227
1776462353.63,product-catalog,product-catalog-784544475c-7crs7,memory_usage,container_memory_working_set_bytes,15269888.0
1776462353.63,product-catalog,product-catalog-784544475c-8skc7,cpu_usage,container_cpu_usage,0.08771182214835146
1776462353.63,product-catalog,product-catalog-784544475c-8skc7,memory_usage,container_memory_working_set_bytes,15433728.0
1776462353.63,product-catalog,product-catalog-784544475c-stwzc,cpu_usage,container_cpu_usage,0.0004391701244813282
1776462353.63,product-catalog,product-catalog-784544475c-stwzc,memory_usage,container_memory_working_set_bytes,12599296.0
1776462353.63,product-catalog,product-catalog::service,pod_restart_count,k8s_container_restarts,37.0
1776462353.63,product-catalog,product-catalog::service,pod_running_count,k8s_container_ready,3.0
1776462353.63,recommendation,otel-demo.recommendation-5b46f7469c-g2rgb.recommendation,dependency_error_ratio,trace_client_error_ratio,0.0
1776462353.63,recommendation,otel-demo.recommendation-5b46f7469c-rjwxq.recommendation,dependency_error_ratio,trace_client_error_ratio,0.0
1776462353.63,recommendation,otel-demo.recommendation-5b46f7469c-rjwxq.recommendation,error_ratio,trace_server_error_ratio,0.0
1776462353.63,recommendation,otel-demo.recommendation-5b46f7469c-rjwxq.recommendation,request_count,trace_server_count,0.0
1776462353.63,recommendation,otel-demo.recommendation-5b46f7469c-t2fm9.recommendation,dependency_error_ratio,trace_client_error_ratio,0.0
1776462353.63,recommendation,otel-demo.recommendation-5b46f7469c-t2fm9.recommendation,error_ratio,trace_server_error_ratio,0.0
1776462353.63,recommendation,otel-demo.recommendation-5b46f7469c-t2fm9.recommendation,request_count,trace_server_count,0.0
1776462353.63,recommendation,recommendation-5b46f7469c-g2rgb,cpu_usage,container_cpu_usage,0.009881584702869192
1776462353.63,recommendation,recommendation-5b46f7469c-g2rgb,memory_usage,container_memory_working_set_bytes,46891008.0
1776462353.63,recommendation,recommendation-5b46f7469c-rjwxq,cpu_usage,container_cpu_usage,0.014581256284066835
1776462353.63,recommendation,recommendation-5b46f7469c-rjwxq,memory_usage,container_memory_working_set_bytes,47865856.0
1776462353.63,recommendation,recommendation-5b46f7469c-t2fm9,cpu_usage,container_cpu_usage,0.030114902968985217
1776462353.63,recommendation,recommendation-5b46f7469c-t2fm9,memory_usage,container_memory_working_set_bytes,52555776.0
1776462353.63,recommendation,recommendation::service,pod_restart_count,k8s_container_restarts,3.0
1776462353.63,recommendation,recommendation::service,pod_running_count,k8s_container_ready,3.0
1776462363.63,ad,3a8b9295-6ae2-4e8a-b9b0-a607d7fec0a4,dependency_error_ratio,trace_client_error_ratio,1.0
1776462363.63,ad,3a8b9295-6ae2-4e8a-b9b0-a607d7fec0a4,error_ratio,trace_server_error_ratio,0.0
1776462363.63,ad,3a8b9295-6ae2-4e8a-b9b0-a607d7fec0a4,latency_p95,trace_server_latency_p95,1.9
1776462363.63,ad,3a8b9295-6ae2-4e8a-b9b0-a607d7fec0a4,request_count,trace_server_count,6.4
1776462363.63,ad,5680c7ee-584c-4353-b6d2-93bc605a0324,dependency_error_ratio,trace_client_error_ratio,1.0
1776462363.63,ad,5680c7ee-584c-4353-b6d2-93bc605a0324,error_ratio,trace_server_error_ratio,0.0
1776462363.63,ad,5680c7ee-584c-4353-b6d2-93bc605a0324,latency_p95,trace_server_latency_p95,1.9452380952380952
1776462363.63,ad,5680c7ee-584c-4353-b6d2-93bc605a0324,request_count,trace_server_count,25.8
1776462363.63,ad,9f9a3c1c-bd3f-40ea-8764-b59f1ebd2204,dependency_error_ratio,trace_client_error_ratio,1.0
1776462363.63,ad,ad-7fb5b4f859-52ks9,cpu_usage,container_cpu_usage,0.0016872406311275478
1776462363.63,ad,ad-7fb5b4f859-52ks9,memory_usage,container_memory_working_set_bytes,260534272.0
1776462363.63,ad,ad-7fb5b4f859-rd4zw,cpu_usage,container_cpu_usage,0.001106747145606478
1776462363.63,ad,ad-7fb5b4f859-rd4zw,memory_usage,container_memory_working_set_bytes,238698496.0
1776462363.63,ad,ad-7fb5b4f859-zsstr,cpu_usage,container_cpu_usage,0.004484929251757892
1776462363.63,ad,ad-7fb5b4f859-zsstr,memory_usage,container_memory_working_set_bytes,261861376.0
1776462363.63,ad,ad::service,pod_restart_count,k8s_container_restarts,3.0
1776462363.63,ad,ad::service,pod_running_count,k8s_container_ready,3.0
1776462363.63,cart,cart-7c7496d7f-th7mc,cpu_usage,container_cpu_usage,0.05479220617271464
1776462363.63,cart,cart-7c7496d7f-th7mc,memory_usage,container_memory_working_set_bytes,63025152.0
1776462363.63,cart,cart::service,pod_restart_count,k8s_container_restarts,1.0
1776462363.63,cart,cart::service,pod_running_count,k8s_container_ready,1.0
1776462363.63,cart,f1f3afac-3031-4c18-925a-048232421d89,dependency_error_ratio,trace_client_error_ratio,0.0
1776462363.63,cart,f1f3afac-3031-4c18-925a-048232421d89,error_ratio,trace_server_error_ratio,0.0
1776462363.63,cart,f1f3afac-3031-4c18-925a-048232421d89,latency_p95,trace_server_latency_p95,2.5821782178217796
1776462363.63,cart,f1f3afac-3031-4c18-925a-048232421d89,request_count,trace_server_count,201.2
1776462363.63,checkout,4755bdbd-5ad9-49fa-acb7-3a7dcb6a9277,dependency_error_ratio,trace_client_error_ratio,0.0
1776462363.63,checkout,4755bdbd-5ad9-49fa-acb7-3a7dcb6a9277,error_ratio,trace_server_error_ratio,0.0
1776462363.63,checkout,4755bdbd-5ad9-49fa-acb7-3a7dcb6a9277,latency_p95,trace_server_latency_p95,48.46341463414634
1776462363.63,checkout,4755bdbd-5ad9-49fa-acb7-3a7dcb6a9277,request_count,trace_server_count,8.3
1776462363.63,checkout,bb49e6b9-109a-41b8-be66-ab2a38272474,dependency_error_ratio,trace_client_error_ratio,0.0
1776462363.63,checkout,bb49e6b9-109a-41b8-be66-ab2a38272474,error_ratio,trace_server_error_ratio,0.0
1776462363.63,checkout,bb49e6b9-109a-41b8-be66-ab2a38272474,request_count,trace_server_count,0.0
1776462363.63,checkout,bc5804df-6f63-4261-8788-8ecfe5481366,dependency_error_ratio,trace_client_error_ratio,0.0
1776462363.63,checkout,bc5804df-6f63-4261-8788-8ecfe5481366,error_ratio,trace_server_error_ratio,0.0
1776462363.63,checkout,bc5804df-6f63-4261-8788-8ecfe5481366,latency_p95,trace_server_latency_p95,48.303999999999995
1776462363.63,checkout,bc5804df-6f63-4261-8788-8ecfe5481366,request_count,trace_server_count,12.6
1776462363.63,checkout,checkout-7f4ccfc547-6crwh,cpu_usage,container_cpu_usage,0.060667588141024485
1776462363.63,checkout,checkout-7f4ccfc547-6crwh,memory_usage,container_memory_working_set_bytes,14864384.0
1776462363.63,checkout,checkout-7f4ccfc547-ftx2n,cpu_usage,container_cpu_usage,0.00035272500000000935
1776462363.63,checkout,checkout-7f4ccfc547-ftx2n,memory_usage,container_memory_working_set_bytes,12214272.0
1776462363.63,checkout,checkout-7f4ccfc547-qlfgr,cpu_usage,container_cpu_usage,0.07368527013251804
1776462363.63,checkout,checkout-7f4ccfc547-qlfgr,memory_usage,container_memory_working_set_bytes,14753792.0
1776462363.63,checkout,checkout::service,pod_restart_count,k8s_container_restarts,45.0
1776462363.63,checkout,checkout::service,pod_running_count,k8s_container_ready,3.0
1776462363.63,email,email-5dcf48b665-66zvj,cpu_usage,container_cpu_usage,0.004115300000000844
1776462363.63,email,email-5dcf48b665-66zvj,memory_usage,container_memory_working_set_bytes,59686912.0
1776462363.63,email,email-5dcf48b665-9xxmx,cpu_usage,container_cpu_usage,0.009864253957701435
1776462363.63,email,email-5dcf48b665-9xxmx,memory_usage,container_memory_working_set_bytes,56082432.0
1776462363.63,email,email-5dcf48b665-n4zf2,cpu_usage,container_cpu_usage,0.0009007340674015582
1776462363.63,email,email-5dcf48b665-n4zf2,memory_usage,container_memory_working_set_bytes,54517760.0
1776462363.63,email,email::service,pod_restart_count,k8s_container_restarts,9.0
1776462363.63,email,email::service,pod_running_count,k8s_container_ready,3.0
1776462363.63,email,otel-demo.email-5dcf48b665-66zvj.email,error_ratio,trace_server_error_ratio,0.0
1776462363.63,email,otel-demo.email-5dcf48b665-66zvj.email,latency_p95,trace_server_latency_p95,5.224999999999998
1776462363.63,email,otel-demo.email-5dcf48b665-66zvj.email,request_count,trace_server_count,5.1
1776462363.63,email,otel-demo.email-5dcf48b665-9xxmx.email,error_ratio,trace_server_error_ratio,0.0
1776462363.63,email,otel-demo.email-5dcf48b665-9xxmx.email,latency_p95,trace_server_latency_p95,5.281818181818179
1776462363.63,email,otel-demo.email-5dcf48b665-9xxmx.email,request_count,trace_server_count,13.9
1776462363.63,email,otel-demo.email-5dcf48b665-n4zf2.email,error_ratio,trace_server_error_ratio,0.0
1776462363.63,email,otel-demo.email-5dcf48b665-n4zf2.email,latency_p95,trace_server_latency_p95,5.050000000000001
1776462363.63,email,otel-demo.email-5dcf48b665-n4zf2.email,request_count,trace_server_count,3.8
1776462363.63,frontend,frontend-b78bf7696-6bjdg,cpu_usage,container_cpu_usage,0.061049752619762
1776462363.63,frontend,frontend-b78bf7696-6bjdg,memory_usage,container_memory_working_set_bytes,117833728.0
1776462363.63,frontend,frontend-b78bf7696-77ldd,cpu_usage,container_cpu_usage,0.13929519410869393
1776462363.63,frontend,frontend-b78bf7696-77ldd,memory_usage,container_memory_working_set_bytes,110444544.0
1776462363.63,frontend,frontend-b78bf7696-p9kqx,cpu_usage,container_cpu_usage,0.033984669415769095
1776462363.63,frontend,frontend-b78bf7696-p9kqx,memory_usage,container_memory_working_set_bytes,116756480.0
1776462363.63,frontend,frontend::service,pod_restart_count,k8s_container_restarts,3.0
1776462363.63,frontend,frontend::service,pod_running_count,k8s_container_ready,3.0
1776462363.63,frontend,otel-demo.frontend-b78bf7696-6bjdg.frontend,dependency_error_ratio,trace_client_error_ratio,0.0
1776462363.63,frontend,otel-demo.frontend-b78bf7696-6bjdg.frontend,error_ratio,trace_server_error_ratio,0.0
1776462363.63,frontend,otel-demo.frontend-b78bf7696-6bjdg.frontend,http_5xx_ratio,http_server_5xx_ratio,0.0
1776462363.63,frontend,otel-demo.frontend-b78bf7696-6bjdg.frontend,latency_p95,trace_server_latency_p95,41.12422360248446
1776462363.63,frontend,otel-demo.frontend-b78bf7696-6bjdg.frontend,request_count,trace_server_count,162.9
1776462363.63,frontend,otel-demo.frontend-b78bf7696-77ldd.frontend,dependency_error_ratio,trace_client_error_ratio,0.0
1776462363.63,frontend,otel-demo.frontend-b78bf7696-77ldd.frontend,error_ratio,trace_server_error_ratio,0.0
1776462363.63,frontend,otel-demo.frontend-b78bf7696-77ldd.frontend,http_5xx_ratio,http_server_5xx_ratio,0.0
1776462363.63,frontend,otel-demo.frontend-b78bf7696-77ldd.frontend,latency_p95,trace_server_latency_p95,41.80268199233717
1776462363.63,frontend,otel-demo.frontend-b78bf7696-77ldd.frontend,request_count,trace_server_count,479.9
1776462363.63,frontend,otel-demo.frontend-b78bf7696-p9kqx.frontend,dependency_error_ratio,trace_client_error_ratio,0.0
1776462363.63,frontend,otel-demo.frontend-b78bf7696-p9kqx.frontend,error_ratio,trace_server_error_ratio,0.0
1776462363.63,frontend,otel-demo.frontend-b78bf7696-p9kqx.frontend,http_5xx_ratio,http_server_5xx_ratio,0.0
1776462363.63,frontend,otel-demo.frontend-b78bf7696-p9kqx.frontend,latency_p95,trace_server_latency_p95,42.418952618453865
1776462363.63,frontend,otel-demo.frontend-b78bf7696-p9kqx.frontend,request_count,trace_server_count,176.0
1776462363.63,kafka,kafka-66df8bdf76-zjcbb,cpu_usage,container_cpu_usage,0.012304346767319509
1776462363.63,kafka,kafka-66df8bdf76-zjcbb,memory_usage,container_memory_working_set_bytes,665870336.0
1776462363.63,kafka,kafka::service,pod_restart_count,k8s_container_restarts,9.0
1776462363.63,kafka,kafka::service,pod_running_count,k8s_container_ready,1.0
1776462363.63,kafka,kafka::service,queue_lag,queue_size_ratio,0.0
1776462363.63,payment,otel-demo.payment-f9f8d647b-74h8z.payment,dependency_error_ratio,trace_client_error_ratio,0.0
1776462363.63,payment,otel-demo.payment-f9f8d647b-74h8z.payment,error_ratio,trace_server_error_ratio,0.0
1776462363.63,payment,otel-demo.payment-f9f8d647b-74h8z.payment,request_count,trace_server_count,0.0
1776462363.63,payment,otel-demo.payment-f9f8d647b-75hmx.payment,dependency_error_ratio,trace_client_error_ratio,0.0
1776462363.63,payment,otel-demo.payment-f9f8d647b-75hmx.payment,error_ratio,trace_server_error_ratio,0.0
1776462363.63,payment,otel-demo.payment-f9f8d647b-75hmx.payment,request_count,trace_server_count,0.0
1776462363.63,payment,otel-demo.payment-f9f8d647b-tv6l5.payment,dependency_error_ratio,trace_client_error_ratio,0.0
1776462363.63,payment,otel-demo.payment-f9f8d647b-tv6l5.payment,error_ratio,trace_server_error_ratio,0.0
1776462363.63,payment,otel-demo.payment-f9f8d647b-tv6l5.payment,request_count,trace_server_count,0.0
1776462363.63,payment,payment-f9f8d647b-74h8z,cpu_usage,container_cpu_usage,0.01141388271984117
1776462363.63,payment,payment-f9f8d647b-74h8z,memory_usage,container_memory_working_set_bytes,110514176.0
1776462363.63,payment,payment-f9f8d647b-75hmx,cpu_usage,container_cpu_usage,0.01005439945258415
1776462363.63,payment,payment-f9f8d647b-75hmx,memory_usage,container_memory_working_set_bytes,109903872.0
1776462363.63,payment,payment-f9f8d647b-tv6l5,cpu_usage,container_cpu_usage,0.006448208097371295
1776462363.63,payment,payment-f9f8d647b-tv6l5,memory_usage,container_memory_working_set_bytes,99250176.0
1776462363.63,payment,payment::service,pod_restart_count,k8s_container_restarts,39.0
1776462363.63,payment,payment::service,pod_running_count,k8s_container_ready,3.0
1776462363.63,product-catalog,otel-demo.product-catalog-784544475c-7crs7.product-catalog,dependency_error_ratio,trace_client_error_ratio,0.0
1776462363.63,product-catalog,otel-demo.product-catalog-784544475c-7crs7.product-catalog,error_ratio,trace_server_error_ratio,0.0
1776462363.63,product-catalog,otel-demo.product-catalog-784544475c-7crs7.product-catalog,request_count,trace_server_count,0.0
1776462363.63,product-catalog,otel-demo.product-catalog-784544475c-8skc7.product-catalog,dependency_error_ratio,trace_client_error_ratio,0.0
1776462363.63,product-catalog,otel-demo.product-catalog-784544475c-8skc7.product-catalog,error_ratio,trace_server_error_ratio,0.0
1776462363.63,product-catalog,otel-demo.product-catalog-784544475c-8skc7.product-catalog,request_count,trace_server_count,0.0
1776462363.63,product-catalog,otel-demo.product-catalog-784544475c-stwzc.product-catalog,dependency_error_ratio,trace_client_error_ratio,0.0
1776462363.63,product-catalog,otel-demo.product-catalog-784544475c-stwzc.product-catalog,error_ratio,trace_server_error_ratio,0.0
1776462363.63,product-catalog,otel-demo.product-catalog-784544475c-stwzc.product-catalog,request_count,trace_server_count,0.0
1776462363.63,product-catalog,product-catalog-784544475c-7crs7,cpu_usage,container_cpu_usage,0.02174791701153227
1776462363.63,product-catalog,product-catalog-784544475c-7crs7,memory_usage,container_memory_working_set_bytes,15269888.0
1776462363.63,product-catalog,product-catalog-784544475c-8skc7,cpu_usage,container_cpu_usage,0.06780450222917156
1776462363.63,product-catalog,product-catalog-784544475c-8skc7,memory_usage,container_memory_working_set_bytes,15433728.0
1776462363.63,product-catalog,product-catalog-784544475c-stwzc,cpu_usage,container_cpu_usage,0.0003359367545305938
1776462363.63,product-catalog,product-catalog-784544475c-stwzc,memory_usage,container_memory_working_set_bytes,12599296.0
1776462363.63,product-catalog,product-catalog::service,pod_restart_count,k8s_container_restarts,37.0
1776462363.63,product-catalog,product-catalog::service,pod_running_count,k8s_container_ready,3.0
1776462363.63,recommendation,otel-demo.recommendation-5b46f7469c-g2rgb.recommendation,dependency_error_ratio,trace_client_error_ratio,1.0
1776462363.63,recommendation,otel-demo.recommendation-5b46f7469c-rjwxq.recommendation,dependency_error_ratio,trace_client_error_ratio,0.015384615384615385
1776462363.63,recommendation,otel-demo.recommendation-5b46f7469c-rjwxq.recommendation,error_ratio,trace_server_error_ratio,0.0
1776462363.63,recommendation,otel-demo.recommendation-5b46f7469c-rjwxq.recommendation,latency_p95,trace_server_latency_p95,3.837037037037037
1776462363.63,recommendation,otel-demo.recommendation-5b46f7469c-rjwxq.recommendation,request_count,trace_server_count,6.4
1776462363.63,recommendation,otel-demo.recommendation-5b46f7469c-t2fm9.recommendation,dependency_error_ratio,trace_client_error_ratio,0.004201680672268907
1776462363.63,recommendation,otel-demo.recommendation-5b46f7469c-t2fm9.recommendation,error_ratio,trace_server_error_ratio,0.0
1776462363.63,recommendation,otel-demo.recommendation-5b46f7469c-t2fm9.recommendation,latency_p95,trace_server_latency_p95,3.9737588652482265
1776462363.63,recommendation,otel-demo.recommendation-5b46f7469c-t2fm9.recommendation,request_count,trace_server_count,23.7
1776462363.63,recommendation,recommendation-5b46f7469c-g2rgb,cpu_usage,container_cpu_usage,0.00830230229012951
1776462363.63,recommendation,recommendation-5b46f7469c-g2rgb,memory_usage,container_memory_working_set_bytes,46891008.0
1776462363.63,recommendation,recommendation-5b46f7469c-rjwxq,cpu_usage,container_cpu_usage,0.013075823398669162
1776462363.63,recommendation,recommendation-5b46f7469c-rjwxq,memory_usage,container_memory_working_set_bytes,47865856.0
1776462363.63,recommendation,recommendation-5b46f7469c-t2fm9,cpu_usage,container_cpu_usage,0.03159586919104361
1776462363.63,recommendation,recommendation-5b46f7469c-t2fm9,memory_usage,container_memory_working_set_bytes,52629504.0
1776462363.63,recommendation,recommendation::service,pod_restart_count,k8s_container_restarts,3.0
1776462363.63,recommendation,recommendation::service,pod_running_count,k8s_container_ready,3.0
1776462373.63,ad,3a8b9295-6ae2-4e8a-b9b0-a607d7fec0a4,dependency_error_ratio,trace_client_error_ratio,0.0
1776462373.63,ad,3a8b9295-6ae2-4e8a-b9b0-a607d7fec0a4,error_ratio,trace_server_error_ratio,0.0
1776462373.63,ad,3a8b9295-6ae2-4e8a-b9b0-a607d7fec0a4,request_count,trace_server_count,0.0
1776462373.63,ad,5680c7ee-584c-4353-b6d2-93bc605a0324,dependency_error_ratio,trace_client_error_ratio,0.0
1776462373.63,ad,5680c7ee-584c-4353-b6d2-93bc605a0324,error_ratio,trace_server_error_ratio,0.0
1776462373.63,ad,5680c7ee-584c-4353-b6d2-93bc605a0324,request_count,trace_server_count,0.0
1776462373.63,ad,9f9a3c1c-bd3f-40ea-8764-b59f1ebd2204,dependency_error_ratio,trace_client_error_ratio,0.0
1776462373.63,ad,ad-7fb5b4f859-52ks9,cpu_usage,container_cpu_usage,0.0012915787650408632
1776462373.63,ad,ad-7fb5b4f859-52ks9,memory_usage,container_memory_working_set_bytes,260534272.0
1776462373.63,ad,ad-7fb5b4f859-rd4zw,cpu_usage,container_cpu_usage,0.0011266738592425136
1776462373.63,ad,ad-7fb5b4f859-rd4zw,memory_usage,container_memory_working_set_bytes,238698496.0
1776462373.63,ad,ad-7fb5b4f859-zsstr,cpu_usage,container_cpu_usage,0.004601231694852496
1776462373.63,ad,ad-7fb5b4f859-zsstr,memory_usage,container_memory_working_set_bytes,261861376.0
1776462373.63,ad,ad::service,pod_restart_count,k8s_container_restarts,3.0
1776462373.63,ad,ad::service,pod_running_count,k8s_container_ready,3.0
1776462373.63,cart,cart-7c7496d7f-th7mc,cpu_usage,container_cpu_usage,0.05791087965438216
1776462373.63,cart,cart-7c7496d7f-th7mc,memory_usage,container_memory_working_set_bytes,62873600.0
1776462373.63,cart,cart::service,pod_restart_count,k8s_container_restarts,1.0
1776462373.63,cart,cart::service,pod_running_count,k8s_container_ready,1.0
1776462373.63,cart,f1f3afac-3031-4c18-925a-048232421d89,dependency_error_ratio,trace_client_error_ratio,0.0
1776462373.63,cart,f1f3afac-3031-4c18-925a-048232421d89,error_ratio,trace_server_error_ratio,0.0
1776462373.63,cart,f1f3afac-3031-4c18-925a-048232421d89,request_count,trace_server_count,0.0
1776462373.63,checkout,4755bdbd-5ad9-49fa-acb7-3a7dcb6a9277,dependency_error_ratio,trace_client_error_ratio,0.0
1776462373.63,checkout,4755bdbd-5ad9-49fa-acb7-3a7dcb6a9277,error_ratio,trace_server_error_ratio,0.0
1776462373.63,checkout,4755bdbd-5ad9-49fa-acb7-3a7dcb6a9277,request_count,trace_server_count,0.0
1776462373.63,checkout,bb49e6b9-109a-41b8-be66-ab2a38272474,dependency_error_ratio,trace_client_error_ratio,0.0
1776462373.63,checkout,bb49e6b9-109a-41b8-be66-ab2a38272474,error_ratio,trace_server_error_ratio,0.0
1776462373.63,checkout,bb49e6b9-109a-41b8-be66-ab2a38272474,request_count,trace_server_count,0.0
1776462373.63,checkout,bc5804df-6f63-4261-8788-8ecfe5481366,dependency_error_ratio,trace_client_error_ratio,0.0
1776462373.63,checkout,bc5804df-6f63-4261-8788-8ecfe5481366,error_ratio,trace_server_error_ratio,0.0
1776462373.63,checkout,bc5804df-6f63-4261-8788-8ecfe5481366,request_count,trace_server_count,0.0
1776462373.63,checkout,checkout-7f4ccfc547-6crwh,cpu_usage,container_cpu_usage,0.05297753027469046
1776462373.63,checkout,checkout-7f4ccfc547-6crwh,memory_usage,container_memory_working_set_bytes,15953920.0
1776462373.63,checkout,checkout-7f4ccfc547-ftx2n,cpu_usage,container_cpu_usage,0.0004890897903157168
1776462373.63,checkout,checkout-7f4ccfc547-ftx2n,memory_usage,container_memory_working_set_bytes,12206080.0
1776462373.63,checkout,checkout-7f4ccfc547-qlfgr,cpu_usage,container_cpu_usage,0.08461404918823326
1776462373.63,checkout,checkout-7f4ccfc547-qlfgr,memory_usage,container_memory_working_set_bytes,14753792.0
1776462373.63,checkout,checkout::service,pod_restart_count,k8s_container_restarts,45.0
1776462373.63,checkout,checkout::service,pod_running_count,k8s_container_ready,3.0
1776462373.63,email,email-5dcf48b665-66zvj,cpu_usage,container_cpu_usage,0.007220597014925736
1776462373.63,email,email-5dcf48b665-66zvj,memory_usage,container_memory_working_set_bytes,59535360.0
1776462373.63,email,email-5dcf48b665-9xxmx,cpu_usage,container_cpu_usage,0.008920658357580833
1776462373.63,email,email-5dcf48b665-9xxmx,memory_usage,container_memory_working_set_bytes,56164352.0
1776462373.63,email,email-5dcf48b665-n4zf2,cpu_usage,container_cpu_usage,0.0005872889558019152
1776462373.63,email,email-5dcf48b665-n4zf2,memory_usage,container_memory_working_set_bytes,54517760.0
1776462373.63,email,email::service,pod_restart_count,k8s_container_restarts,9.0
1776462373.63,email,email::service,pod_running_count,k8s_container_ready,3.0
1776462373.63,email,otel-demo.email-5dcf48b665-66zvj.email,error_ratio,trace_server_error_ratio,0.0
1776462373.63,email,otel-demo.email-5dcf48b665-66zvj.email,request_count,trace_server_count,0.0
1776462373.63,email,otel-demo.email-5dcf48b665-9xxmx.email,error_ratio,trace_server_error_ratio,0.0
1776462373.63,email,otel-demo.email-5dcf48b665-9xxmx.email,request_count,trace_server_count,0.0
1776462373.63,email,otel-demo.email-5dcf48b665-n4zf2.email,error_ratio,trace_server_error_ratio,0.0
1776462373.63,email,otel-demo.email-5dcf48b665-n4zf2.email,request_count,trace_server_count,0.0
1776462373.63,frontend,frontend-b78bf7696-6bjdg,cpu_usage,container_cpu_usage,0.07624027916253294
1776462373.63,frontend,frontend-b78bf7696-6bjdg,memory_usage,container_memory_working_set_bytes,119296000.0
1776462373.63,frontend,frontend-b78bf7696-77ldd,cpu_usage,container_cpu_usage,0.14259855054710813
1776462373.63,frontend,frontend-b78bf7696-77ldd,memory_usage,container_memory_working_set_bytes,110444544.0
1776462373.63,frontend,frontend-b78bf7696-p9kqx,cpu_usage,container_cpu_usage,0.024201609821377562
1776462373.63,frontend,frontend-b78bf7696-p9kqx,memory_usage,container_memory_working_set_bytes,116936704.0
1776462373.63,frontend,frontend::service,pod_restart_count,k8s_container_restarts,3.0
1776462373.63,frontend,frontend::service,pod_running_count,k8s_container_ready,3.0
1776462373.63,frontend,otel-demo.frontend-b78bf7696-6bjdg.frontend,dependency_error_ratio,trace_client_error_ratio,0.0
1776462373.63,frontend,otel-demo.frontend-b78bf7696-6bjdg.frontend,error_ratio,trace_server_error_ratio,0.0
1776462373.63,frontend,otel-demo.frontend-b78bf7696-6bjdg.frontend,http_5xx_ratio,http_server_5xx_ratio,0.0
1776462373.63,frontend,otel-demo.frontend-b78bf7696-6bjdg.frontend,request_count,trace_server_count,0.0
1776462373.63,frontend,otel-demo.frontend-b78bf7696-77ldd.frontend,dependency_error_ratio,trace_client_error_ratio,0.0
1776462373.63,frontend,otel-demo.frontend-b78bf7696-77ldd.frontend,error_ratio,trace_server_error_ratio,0.0
1776462373.63,frontend,otel-demo.frontend-b78bf7696-77ldd.frontend,http_5xx_ratio,http_server_5xx_ratio,0.0
1776462373.63,frontend,otel-demo.frontend-b78bf7696-77ldd.frontend,request_count,trace_server_count,0.0
1776462373.63,frontend,otel-demo.frontend-b78bf7696-p9kqx.frontend,dependency_error_ratio,trace_client_error_ratio,0.0
1776462373.63,frontend,otel-demo.frontend-b78bf7696-p9kqx.frontend,error_ratio,trace_server_error_ratio,0.0
1776462373.63,frontend,otel-demo.frontend-b78bf7696-p9kqx.frontend,http_5xx_ratio,http_server_5xx_ratio,0.0
1776462373.63,frontend,otel-demo.frontend-b78bf7696-p9kqx.frontend,request_count,trace_server_count,0.0
1776462373.63,kafka,kafka-66df8bdf76-zjcbb,cpu_usage,container_cpu_usage,0.013657360100981137
1776462373.63,kafka,kafka-66df8bdf76-zjcbb,memory_usage,container_memory_working_set_bytes,665862144.0
1776462373.63,kafka,kafka::service,pod_restart_count,k8s_container_restarts,9.0
1776462373.63,kafka,kafka::service,pod_running_count,k8s_container_ready,1.0
1776462373.63,kafka,kafka::service,queue_lag,queue_size_ratio,0.0
1776462373.63,payment,otel-demo.payment-f9f8d647b-74h8z.payment,dependency_error_ratio,trace_client_error_ratio,0.0
1776462373.63,payment,otel-demo.payment-f9f8d647b-74h8z.payment,error_ratio,trace_server_error_ratio,0.0
1776462373.63,payment,otel-demo.payment-f9f8d647b-74h8z.payment,request_count,trace_server_count,0.0
1776462373.63,payment,otel-demo.payment-f9f8d647b-75hmx.payment,dependency_error_ratio,trace_client_error_ratio,0.0
1776462373.63,payment,otel-demo.payment-f9f8d647b-75hmx.payment,error_ratio,trace_server_error_ratio,0.0
1776462373.63,payment,otel-demo.payment-f9f8d647b-75hmx.payment,request_count,trace_server_count,0.0
1776462373.63,payment,otel-demo.payment-f9f8d647b-tv6l5.payment,dependency_error_ratio,trace_client_error_ratio,0.0
1776462373.63,payment,otel-demo.payment-f9f8d647b-tv6l5.payment,error_ratio,trace_server_error_ratio,0.0
1776462373.63,payment,otel-demo.payment-f9f8d647b-tv6l5.payment,request_count,trace_server_count,0.0
1776462373.63,payment,payment-f9f8d647b-74h8z,cpu_usage,container_cpu_usage,0.011546963930304667
1776462373.63,payment,payment-f9f8d647b-74h8z,memory_usage,container_memory_working_set_bytes,110518272.0
1776462373.63,payment,payment-f9f8d647b-75hmx,cpu_usage,container_cpu_usage,0.010683852712736681
1776462373.63,payment,payment-f9f8d647b-75hmx,memory_usage,container_memory_working_set_bytes,109912064.0
1776462373.63,payment,payment-f9f8d647b-tv6l5,cpu_usage,container_cpu_usage,0.006830726387840558
1776462373.63,payment,payment-f9f8d647b-tv6l5,memory_usage,container_memory_working_set_bytes,99250176.0
1776462373.63,payment,payment::service,pod_restart_count,k8s_container_restarts,39.0
1776462373.63,payment,payment::service,pod_running_count,k8s_container_ready,3.0
1776462373.63,product-catalog,otel-demo.product-catalog-784544475c-7crs7.product-catalog,dependency_error_ratio,trace_client_error_ratio,0.0
1776462373.63,product-catalog,otel-demo.product-catalog-784544475c-7crs7.product-catalog,error_ratio,trace_server_error_ratio,0.0
1776462373.63,product-catalog,otel-demo.product-catalog-784544475c-7crs7.product-catalog,request_count,trace_server_count,0.0
1776462373.63,product-catalog,otel-demo.product-catalog-784544475c-8skc7.product-catalog,dependency_error_ratio,trace_client_error_ratio,0.0
1776462373.63,product-catalog,otel-demo.product-catalog-784544475c-8skc7.product-catalog,error_ratio,trace_server_error_ratio,0.0
1776462373.63,product-catalog,otel-demo.product-catalog-784544475c-8skc7.product-catalog,request_count,trace_server_count,0.0
1776462373.63,product-catalog,otel-demo.product-catalog-784544475c-stwzc.product-catalog,dependency_error_ratio,trace_client_error_ratio,0.0
1776462373.63,product-catalog,otel-demo.product-catalog-784544475c-stwzc.product-catalog,error_ratio,trace_server_error_ratio,0.0
1776462373.63,product-catalog,otel-demo.product-catalog-784544475c-stwzc.product-catalog,request_count,trace_server_count,0.0
1776462373.63,product-catalog,product-catalog-784544475c-7crs7,cpu_usage,container_cpu_usage,0.016953709755335156
1776462373.63,product-catalog,product-catalog-784544475c-7crs7,memory_usage,container_memory_working_set_bytes,14831616.0
1776462373.63,product-catalog,product-catalog-784544475c-8skc7,cpu_usage,container_cpu_usage,0.10498849069607463
1776462373.63,product-catalog,product-catalog-784544475c-8skc7,memory_usage,container_memory_working_set_bytes,14819328.0
1776462373.63,product-catalog,product-catalog-784544475c-stwzc,cpu_usage,container_cpu_usage,0.0004999148453022997
1776462373.63,product-catalog,product-catalog-784544475c-stwzc,memory_usage,container_memory_working_set_bytes,12599296.0
1776462373.63,product-catalog,product-catalog::service,pod_restart_count,k8s_container_restarts,37.0
1776462373.63,product-catalog,product-catalog::service,pod_running_count,k8s_container_ready,3.0
1776462373.63,recommendation,otel-demo.recommendation-5b46f7469c-g2rgb.recommendation,dependency_error_ratio,trace_client_error_ratio,0.0
1776462373.63,recommendation,otel-demo.recommendation-5b46f7469c-rjwxq.recommendation,dependency_error_ratio,trace_client_error_ratio,0.0
1776462373.63,recommendation,otel-demo.recommendation-5b46f7469c-rjwxq.recommendation,error_ratio,trace_server_error_ratio,0.0
1776462373.63,recommendation,otel-demo.recommendation-5b46f7469c-rjwxq.recommendation,request_count,trace_server_count,0.0
1776462373.63,recommendation,otel-demo.recommendation-5b46f7469c-t2fm9.recommendation,dependency_error_ratio,trace_client_error_ratio,0.0
1776462373.63,recommendation,otel-demo.recommendation-5b46f7469c-t2fm9.recommendation,error_ratio,trace_server_error_ratio,0.0
1776462373.63,recommendation,otel-demo.recommendation-5b46f7469c-t2fm9.recommendation,request_count,trace_server_count,0.0
1776462373.63,recommendation,recommendation-5b46f7469c-g2rgb,cpu_usage,container_cpu_usage,0.008352541807614498
1776462373.63,recommendation,recommendation-5b46f7469c-g2rgb,memory_usage,container_memory_working_set_bytes,46891008.0
1776462373.63,recommendation,recommendation-5b46f7469c-rjwxq,cpu_usage,container_cpu_usage,0.013841647630977859
1776462373.63,recommendation,recommendation-5b46f7469c-rjwxq,memory_usage,container_memory_working_set_bytes,47865856.0
1776462373.63,recommendation,recommendation-5b46f7469c-t2fm9,cpu_usage,container_cpu_usage,0.02847521387530027
1776462373.63,recommendation,recommendation-5b46f7469c-t2fm9,memory_usage,container_memory_working_set_bytes,52629504.0
1776462373.63,recommendation,recommendation::service,pod_restart_count,k8s_container_restarts,3.0
1776462373.63,recommendation,recommendation::service,pod_running_count,k8s_container_ready,3.0
1776462383.63,ad,3a8b9295-6ae2-4e8a-b9b0-a607d7fec0a4,dependency_error_ratio,trace_client_error_ratio,0.0
1776462383.63,ad,3a8b9295-6ae2-4e8a-b9b0-a607d7fec0a4,error_ratio,trace_server_error_ratio,0.0
1776462383.63,ad,3a8b9295-6ae2-4e8a-b9b0-a607d7fec0a4,request_count,trace_server_count,0.0
1776462383.63,ad,5680c7ee-584c-4353-b6d2-93bc605a0324,dependency_error_ratio,trace_client_error_ratio,0.0
1776462383.63,ad,5680c7ee-584c-4353-b6d2-93bc605a0324,error_ratio,trace_server_error_ratio,0.0
1776462383.63,ad,5680c7ee-584c-4353-b6d2-93bc605a0324,request_count,trace_server_count,0.0
1776462383.63,ad,9f9a3c1c-bd3f-40ea-8764-b59f1ebd2204,dependency_error_ratio,trace_client_error_ratio,0.0
1776462383.63,ad,ad-7fb5b4f859-52ks9,cpu_usage,container_cpu_usage,0.002063955613859148
1776462383.63,ad,ad-7fb5b4f859-52ks9,memory_usage,container_memory_working_set_bytes,260341760.0
1776462383.63,ad,ad-7fb5b4f859-rd4zw,cpu_usage,container_cpu_usage,0.0012166652610236686
1776462383.63,ad,ad-7fb5b4f859-rd4zw,memory_usage,container_memory_working_set_bytes,238403584.0
1776462383.63,ad,ad-7fb5b4f859-zsstr,cpu_usage,container_cpu_usage,0.004503648245662226
1776462383.63,ad,ad-7fb5b4f859-zsstr,memory_usage,container_memory_working_set_bytes,261767168.0
1776462383.63,ad,ad::service,pod_restart_count,k8s_container_restarts,3.0
1776462383.63,ad,ad::service,pod_running_count,k8s_container_ready,3.0
1776462383.63,cart,cart-7c7496d7f-th7mc,cpu_usage,container_cpu_usage,0.05791087965438216
1776462383.63,cart,cart-7c7496d7f-th7mc,memory_usage,container_memory_working_set_bytes,62873600.0
1776462383.63,cart,cart::service,pod_restart_count,k8s_container_restarts,1.0
1776462383.63,cart,cart::service,pod_running_count,k8s_container_ready,1.0
1776462383.63,cart,f1f3afac-3031-4c18-925a-048232421d89,dependency_error_ratio,trace_client_error_ratio,0.0
1776462383.63,cart,f1f3afac-3031-4c18-925a-048232421d89,error_ratio,trace_server_error_ratio,0.0
1776462383.63,cart,f1f3afac-3031-4c18-925a-048232421d89,request_count,trace_server_count,0.0
1776462383.63,checkout,4755bdbd-5ad9-49fa-acb7-3a7dcb6a9277,dependency_error_ratio,trace_client_error_ratio,0.0
1776462383.63,checkout,4755bdbd-5ad9-49fa-acb7-3a7dcb6a9277,error_ratio,trace_server_error_ratio,0.0
1776462383.63,checkout,4755bdbd-5ad9-49fa-acb7-3a7dcb6a9277,request_count,trace_server_count,0.0
1776462383.63,checkout,bb49e6b9-109a-41b8-be66-ab2a38272474,dependency_error_ratio,trace_client_error_ratio,0.0
1776462383.63,checkout,bb49e6b9-109a-41b8-be66-ab2a38272474,error_ratio,trace_server_error_ratio,0.0
1776462383.63,checkout,bb49e6b9-109a-41b8-be66-ab2a38272474,request_count,trace_server_count,0.0
1776462383.63,checkout,bc5804df-6f63-4261-8788-8ecfe5481366,dependency_error_ratio,trace_client_error_ratio,0.0
1776462383.63,checkout,bc5804df-6f63-4261-8788-8ecfe5481366,error_ratio,trace_server_error_ratio,0.0
1776462383.63,checkout,bc5804df-6f63-4261-8788-8ecfe5481366,request_count,trace_server_count,0.0
1776462383.63,checkout,checkout-7f4ccfc547-6crwh,cpu_usage,container_cpu_usage,0.06801655806822574
1776462383.63,checkout,checkout-7f4ccfc547-6crwh,memory_usage,container_memory_working_set_bytes,15953920.0
1776462383.63,checkout,checkout-7f4ccfc547-ftx2n,cpu_usage,container_cpu_usage,0.00036924333947208066
1776462383.63,checkout,checkout-7f4ccfc547-ftx2n,memory_usage,container_memory_working_set_bytes,12206080.0
1776462383.63,checkout,checkout-7f4ccfc547-qlfgr,cpu_usage,container_cpu_usage,0.06034391182442571
1776462383.63,checkout,checkout-7f4ccfc547-qlfgr,memory_usage,container_memory_working_set_bytes,14753792.0
1776462383.63,checkout,checkout::service,pod_restart_count,k8s_container_restarts,45.0
1776462383.63,checkout,checkout::service,pod_running_count,k8s_container_ready,3.0
1776462383.63,email,email-5dcf48b665-66zvj,cpu_usage,container_cpu_usage,0.007426410889119186
1776462383.63,email,email-5dcf48b665-66zvj,memory_usage,container_memory_working_set_bytes,59535360.0
1776462383.63,email,email-5dcf48b665-9xxmx,cpu_usage,container_cpu_usage,0.008920658357580833
1776462383.63,email,email-5dcf48b665-9xxmx,memory_usage,container_memory_working_set_bytes,56164352.0
1776462383.63,email,email-5dcf48b665-n4zf2,cpu_usage,container_cpu_usage,0.0005872889558019152
1776462383.63,email,email-5dcf48b665-n4zf2,memory_usage,container_memory_working_set_bytes,54517760.0
1776462383.63,email,email::service,pod_restart_count,k8s_container_restarts,9.0
1776462383.63,email,email::service,pod_running_count,k8s_container_ready,3.0
1776462383.63,email,otel-demo.email-5dcf48b665-66zvj.email,error_ratio,trace_server_error_ratio,0.0
1776462383.63,email,otel-demo.email-5dcf48b665-66zvj.email,request_count,trace_server_count,0.0
1776462383.63,email,otel-demo.email-5dcf48b665-9xxmx.email,error_ratio,trace_server_error_ratio,0.0
1776462383.63,email,otel-demo.email-5dcf48b665-9xxmx.email,request_count,trace_server_count,0.0
1776462383.63,email,otel-demo.email-5dcf48b665-n4zf2.email,error_ratio,trace_server_error_ratio,0.0
1776462383.63,email,otel-demo.email-5dcf48b665-n4zf2.email,request_count,trace_server_count,0.0
1776462383.63,frontend,frontend-b78bf7696-6bjdg,cpu_usage,container_cpu_usage,0.08221440168860347
1776462383.63,frontend,frontend-b78bf7696-6bjdg,memory_usage,container_memory_working_set_bytes,119296000.0
1776462383.63,frontend,frontend-b78bf7696-77ldd,cpu_usage,container_cpu_usage,0.13710204387691863
1776462383.63,frontend,frontend-b78bf7696-77ldd,memory_usage,container_memory_working_set_bytes,109752320.0
1776462383.63,frontend,frontend-b78bf7696-p9kqx,cpu_usage,container_cpu_usage,0.030019775954407985
1776462383.63,frontend,frontend-b78bf7696-p9kqx,memory_usage,container_memory_working_set_bytes,116936704.0
1776462383.63,frontend,frontend::service,pod_restart_count,k8s_container_restarts,3.0
1776462383.63,frontend,frontend::service,pod_running_count,k8s_container_ready,3.0
1776462383.63,frontend,otel-demo.frontend-b78bf7696-6bjdg.frontend,dependency_error_ratio,trace_client_error_ratio,0.0
1776462383.63,frontend,otel-demo.frontend-b78bf7696-6bjdg.frontend,error_ratio,trace_server_error_ratio,0.0
1776462383.63,frontend,otel-demo.frontend-b78bf7696-6bjdg.frontend,http_5xx_ratio,http_server_5xx_ratio,0.0
1776462383.63,frontend,otel-demo.frontend-b78bf7696-6bjdg.frontend,request_count,trace_server_count,0.0
1776462383.63,frontend,otel-demo.frontend-b78bf7696-77ldd.frontend,dependency_error_ratio,trace_client_error_ratio,0.0
1776462383.63,frontend,otel-demo.frontend-b78bf7696-77ldd.frontend,error_ratio,trace_server_error_ratio,0.0
1776462383.63,frontend,otel-demo.frontend-b78bf7696-77ldd.frontend,http_5xx_ratio,http_server_5xx_ratio,0.0
1776462383.63,frontend,otel-demo.frontend-b78bf7696-77ldd.frontend,request_count,trace_server_count,0.0
1776462383.63,frontend,otel-demo.frontend-b78bf7696-p9kqx.frontend,dependency_error_ratio,trace_client_error_ratio,0.0
1776462383.63,frontend,otel-demo.frontend-b78bf7696-p9kqx.frontend,error_ratio,trace_server_error_ratio,0.0
1776462383.63,frontend,otel-demo.frontend-b78bf7696-p9kqx.frontend,http_5xx_ratio,http_server_5xx_ratio,0.0
1776462383.63,frontend,otel-demo.frontend-b78bf7696-p9kqx.frontend,request_count,trace_server_count,0.0
1776462383.63,kafka,kafka-66df8bdf76-zjcbb,cpu_usage,container_cpu_usage,0.013688004197547069
1776462383.63,kafka,kafka-66df8bdf76-zjcbb,memory_usage,container_memory_working_set_bytes,665903104.0
1776462383.63,kafka,kafka::service,pod_restart_count,k8s_container_restarts,9.0
1776462383.63,kafka,kafka::service,pod_running_count,k8s_container_ready,1.0
1776462383.63,kafka,kafka::service,queue_lag,queue_size_ratio,0.0
1776462383.63,payment,otel-demo.payment-f9f8d647b-74h8z.payment,dependency_error_ratio,trace_client_error_ratio,0.0
1776462383.63,payment,otel-demo.payment-f9f8d647b-74h8z.payment,error_ratio,trace_server_error_ratio,0.0
1776462383.63,payment,otel-demo.payment-f9f8d647b-74h8z.payment,request_count,trace_server_count,0.0
1776462383.63,payment,otel-demo.payment-f9f8d647b-75hmx.payment,dependency_error_ratio,trace_client_error_ratio,0.0
1776462383.63,payment,otel-demo.payment-f9f8d647b-75hmx.payment,error_ratio,trace_server_error_ratio,0.0
1776462383.63,payment,otel-demo.payment-f9f8d647b-75hmx.payment,request_count,trace_server_count,0.0
1776462383.63,payment,otel-demo.payment-f9f8d647b-tv6l5.payment,dependency_error_ratio,trace_client_error_ratio,0.0
1776462383.63,payment,otel-demo.payment-f9f8d647b-tv6l5.payment,error_ratio,trace_server_error_ratio,0.0
1776462383.63,payment,otel-demo.payment-f9f8d647b-tv6l5.payment,request_count,trace_server_count,0.0
1776462383.63,payment,payment-f9f8d647b-74h8z,cpu_usage,container_cpu_usage,0.01197774693721287
1776462383.63,payment,payment-f9f8d647b-74h8z,memory_usage,container_memory_working_set_bytes,110518272.0
1776462383.63,payment,payment-f9f8d647b-75hmx,cpu_usage,container_cpu_usage,0.010754756034456818
1776462383.63,payment,payment-f9f8d647b-75hmx,memory_usage,container_memory_working_set_bytes,109912064.0
1776462383.63,payment,payment-f9f8d647b-tv6l5,cpu_usage,container_cpu_usage,0.0055686168680072505
1776462383.63,payment,payment-f9f8d647b-tv6l5,memory_usage,container_memory_working_set_bytes,99250176.0
1776462383.63,payment,payment::service,pod_restart_count,k8s_container_restarts,39.0
1776462383.63,payment,payment::service,pod_running_count,k8s_container_ready,3.0
1776462383.63,product-catalog,otel-demo.product-catalog-784544475c-7crs7.product-catalog,dependency_error_ratio,trace_client_error_ratio,0.0
1776462383.63,product-catalog,otel-demo.product-catalog-784544475c-7crs7.product-catalog,error_ratio,trace_server_error_ratio,0.0
1776462383.63,product-catalog,otel-demo.product-catalog-784544475c-7crs7.product-catalog,request_count,trace_server_count,0.0
1776462383.63,product-catalog,otel-demo.product-catalog-784544475c-8skc7.product-catalog,dependency_error_ratio,trace_client_error_ratio,0.0
1776462383.63,product-catalog,otel-demo.product-catalog-784544475c-8skc7.product-catalog,error_ratio,trace_server_error_ratio,0.0
1776462383.63,product-catalog,otel-demo.product-catalog-784544475c-8skc7.product-catalog,request_count,trace_server_count,0.0
1776462383.63,product-catalog,otel-demo.product-catalog-784544475c-stwzc.product-catalog,dependency_error_ratio,trace_client_error_ratio,0.0
1776462383.63,product-catalog,otel-demo.product-catalog-784544475c-stwzc.product-catalog,error_ratio,trace_server_error_ratio,0.0
1776462383.63,product-catalog,otel-demo.product-catalog-784544475c-stwzc.product-catalog,request_count,trace_server_count,0.0
1776462383.63,product-catalog,product-catalog-784544475c-7crs7,cpu_usage,container_cpu_usage,0.016953709755335153
1776462383.63,product-catalog,product-catalog-784544475c-7crs7,memory_usage,container_memory_working_set_bytes,14831616.0
1776462383.63,product-catalog,product-catalog-784544475c-8skc7,cpu_usage,container_cpu_usage,0.10674224205242587
1776462383.63,product-catalog,product-catalog-784544475c-8skc7,memory_usage,container_memory_working_set_bytes,15208448.0
1776462383.63,product-catalog,product-catalog-784544475c-stwzc,cpu_usage,container_cpu_usage,0.0004999148453022997
1776462383.63,product-catalog,product-catalog-784544475c-stwzc,memory_usage,container_memory_working_set_bytes,12599296.0
1776462383.63,product-catalog,product-catalog::service,pod_restart_count,k8s_container_restarts,37.0
1776462383.63,product-catalog,product-catalog::service,pod_running_count,k8s_container_ready,3.0
1776462383.63,recommendation,otel-demo.recommendation-5b46f7469c-g2rgb.recommendation,dependency_error_ratio,trace_client_error_ratio,0.0
1776462383.63,recommendation,otel-demo.recommendation-5b46f7469c-rjwxq.recommendation,dependency_error_ratio,trace_client_error_ratio,0.0
1776462383.63,recommendation,otel-demo.recommendation-5b46f7469c-rjwxq.recommendation,error_ratio,trace_server_error_ratio,0.0
1776462383.63,recommendation,otel-demo.recommendation-5b46f7469c-rjwxq.recommendation,request_count,trace_server_count,0.0
1776462383.63,recommendation,otel-demo.recommendation-5b46f7469c-t2fm9.recommendation,dependency_error_ratio,trace_client_error_ratio,0.0
1776462383.63,recommendation,otel-demo.recommendation-5b46f7469c-t2fm9.recommendation,error_ratio,trace_server_error_ratio,0.0
1776462383.63,recommendation,otel-demo.recommendation-5b46f7469c-t2fm9.recommendation,request_count,trace_server_count,0.0
1776462383.63,recommendation,recommendation-5b46f7469c-g2rgb,cpu_usage,container_cpu_usage,0.00695771372875292
1776462383.63,recommendation,recommendation-5b46f7469c-g2rgb,memory_usage,container_memory_working_set_bytes,46891008.0
1776462383.63,recommendation,recommendation-5b46f7469c-rjwxq,cpu_usage,container_cpu_usage,0.013841647630977859
1776462383.63,recommendation,recommendation-5b46f7469c-rjwxq,memory_usage,container_memory_working_set_bytes,47865856.0
1776462383.63,recommendation,recommendation-5b46f7469c-t2fm9,cpu_usage,container_cpu_usage,0.02683161543120895
1776462383.63,recommendation,recommendation-5b46f7469c-t2fm9,memory_usage,container_memory_working_set_bytes,52629504.0
1776462383.63,recommendation,recommendation::service,pod_restart_count,k8s_container_restarts,3.0
1776462383.63,recommendation,recommendation::service,pod_running_count,k8s_container_ready,3.0
1776462393.63,ad,3a8b9295-6ae2-4e8a-b9b0-a607d7fec0a4,dependency_error_ratio,trace_client_error_ratio,0.0
1776462393.63,ad,3a8b9295-6ae2-4e8a-b9b0-a607d7fec0a4,error_ratio,trace_server_error_ratio,0.0
1776462393.63,ad,3a8b9295-6ae2-4e8a-b9b0-a607d7fec0a4,request_count,trace_server_count,0.0
1776462393.63,ad,5680c7ee-584c-4353-b6d2-93bc605a0324,dependency_error_ratio,trace_client_error_ratio,0.0
1776462393.63,ad,5680c7ee-584c-4353-b6d2-93bc605a0324,error_ratio,trace_server_error_ratio,0.0
1776462393.63,ad,5680c7ee-584c-4353-b6d2-93bc605a0324,request_count,trace_server_count,0.0
1776462393.63,ad,9f9a3c1c-bd3f-40ea-8764-b59f1ebd2204,dependency_error_ratio,trace_client_error_ratio,0.0
1776462393.63,ad,ad-7fb5b4f859-52ks9,cpu_usage,container_cpu_usage,0.00212063530553633
1776462393.63,ad,ad-7fb5b4f859-52ks9,memory_usage,container_memory_working_set_bytes,260341760.0
1776462393.63,ad,ad-7fb5b4f859-rd4zw,cpu_usage,container_cpu_usage,0.0012184801381608648
1776462393.63,ad,ad-7fb5b4f859-rd4zw,memory_usage,container_memory_working_set_bytes,238403584.0
1776462393.63,ad,ad-7fb5b4f859-zsstr,cpu_usage,container_cpu_usage,0.0032929319246502143
1776462393.63,ad,ad-7fb5b4f859-zsstr,memory_usage,container_memory_working_set_bytes,261767168.0
1776462393.63,ad,ad::service,pod_restart_count,k8s_container_restarts,3.0
1776462393.63,ad,ad::service,pod_running_count,k8s_container_ready,3.0
1776462393.63,cart,cart-7c7496d7f-th7mc,cpu_usage,container_cpu_usage,0.043657468003962176
1776462393.63,cart,cart-7c7496d7f-th7mc,memory_usage,container_memory_working_set_bytes,62873600.0
1776462393.63,cart,cart::service,pod_restart_count,k8s_container_restarts,1.0
1776462393.63,cart,cart::service,pod_running_count,k8s_container_ready,1.0
1776462393.63,cart,f1f3afac-3031-4c18-925a-048232421d89,dependency_error_ratio,trace_client_error_ratio,0.0
1776462393.63,cart,f1f3afac-3031-4c18-925a-048232421d89,error_ratio,trace_server_error_ratio,0.0
1776462393.63,cart,f1f3afac-3031-4c18-925a-048232421d89,request_count,trace_server_count,0.0
1776462393.63,checkout,4755bdbd-5ad9-49fa-acb7-3a7dcb6a9277,dependency_error_ratio,trace_client_error_ratio,0.0
1776462393.63,checkout,4755bdbd-5ad9-49fa-acb7-3a7dcb6a9277,error_ratio,trace_server_error_ratio,0.0
1776462393.63,checkout,4755bdbd-5ad9-49fa-acb7-3a7dcb6a9277,request_count,trace_server_count,0.0
1776462393.63,checkout,bb49e6b9-109a-41b8-be66-ab2a38272474,dependency_error_ratio,trace_client_error_ratio,0.0
1776462393.63,checkout,bb49e6b9-109a-41b8-be66-ab2a38272474,error_ratio,trace_server_error_ratio,0.0
1776462393.63,checkout,bb49e6b9-109a-41b8-be66-ab2a38272474,request_count,trace_server_count,0.0
1776462393.63,checkout,bc5804df-6f63-4261-8788-8ecfe5481366,dependency_error_ratio,trace_client_error_ratio,0.0
1776462393.63,checkout,bc5804df-6f63-4261-8788-8ecfe5481366,error_ratio,trace_server_error_ratio,0.0
1776462393.63,checkout,bc5804df-6f63-4261-8788-8ecfe5481366,request_count,trace_server_count,0.0
1776462393.63,checkout,checkout-7f4ccfc547-6crwh,cpu_usage,container_cpu_usage,0.09681281674381867
1776462393.63,checkout,checkout-7f4ccfc547-6crwh,memory_usage,container_memory_working_set_bytes,15646720.0
1776462393.63,checkout,checkout-7f4ccfc547-ftx2n,cpu_usage,container_cpu_usage,0.00040711082639332093
1776462393.63,checkout,checkout-7f4ccfc547-ftx2n,memory_usage,container_memory_working_set_bytes,12206080.0
1776462393.63,checkout,checkout-7f4ccfc547-qlfgr,cpu_usage,container_cpu_usage,0.05867249644525724
1776462393.63,checkout,checkout-7f4ccfc547-qlfgr,memory_usage,container_memory_working_set_bytes,14737408.0
1776462393.63,checkout,checkout::service,pod_restart_count,k8s_container_restarts,45.0
1776462393.63,checkout,checkout::service,pod_running_count,k8s_container_ready,3.0
1776462393.63,email,email-5dcf48b665-66zvj,cpu_usage,container_cpu_usage,0.010442184776291753
1776462393.63,email,email-5dcf48b665-66zvj,memory_usage,container_memory_working_set_bytes,59510784.0
1776462393.63,email,email-5dcf48b665-9xxmx,cpu_usage,container_cpu_usage,0.007036849042869746
1776462393.63,email,email-5dcf48b665-9xxmx,memory_usage,container_memory_working_set_bytes,56152064.0
1776462393.63,email,email-5dcf48b665-n4zf2,cpu_usage,container_cpu_usage,0.0011944834819083304
1776462393.63,email,email-5dcf48b665-n4zf2,memory_usage,container_memory_working_set_bytes,54583296.0
1776462393.63,email,email::service,pod_restart_count,k8s_container_restarts,9.0
1776462393.63,email,email::service,pod_running_count,k8s_container_ready,3.0
1776462393.63,email,otel-demo.email-5dcf48b665-66zvj.email,error_ratio,trace_server_error_ratio,0.0
1776462393.63,email,otel-demo.email-5dcf48b665-66zvj.email,request_count,trace_server_count,0.0
1776462393.63,email,otel-demo.email-5dcf48b665-9xxmx.email,error_ratio,trace_server_error_ratio,0.0
1776462393.63,email,otel-demo.email-5dcf48b665-9xxmx.email,request_count,trace_server_count,0.0
1776462393.63,email,otel-demo.email-5dcf48b665-n4zf2.email,error_ratio,trace_server_error_ratio,0.0
1776462393.63,email,otel-demo.email-5dcf48b665-n4zf2.email,request_count,trace_server_count,0.0
1776462393.63,frontend,frontend-b78bf7696-6bjdg,cpu_usage,container_cpu_usage,0.12515039478295964
1776462393.63,frontend,frontend-b78bf7696-6bjdg,memory_usage,container_memory_working_set_bytes,119500800.0
1776462393.63,frontend,frontend-b78bf7696-77ldd,cpu_usage,container_cpu_usage,0.11441567624489087
1776462393.63,frontend,frontend-b78bf7696-77ldd,memory_usage,container_memory_working_set_bytes,109752320.0
1776462393.63,frontend,frontend-b78bf7696-p9kqx,cpu_usage,container_cpu_usage,0.03793831161260999
1776462393.63,frontend,frontend-b78bf7696-p9kqx,memory_usage,container_memory_working_set_bytes,117669888.0
1776462393.63,frontend,frontend::service,pod_restart_count,k8s_container_restarts,3.0
1776462393.63,frontend,frontend::service,pod_running_count,k8s_container_ready,3.0
1776462393.63,frontend,otel-demo.frontend-b78bf7696-6bjdg.frontend,dependency_error_ratio,trace_client_error_ratio,0.0
1776462393.63,frontend,otel-demo.frontend-b78bf7696-6bjdg.frontend,error_ratio,trace_server_error_ratio,0.0
1776462393.63,frontend,otel-demo.frontend-b78bf7696-6bjdg.frontend,http_5xx_ratio,http_server_5xx_ratio,0.0
1776462393.63,frontend,otel-demo.frontend-b78bf7696-6bjdg.frontend,request_count,trace_server_count,0.0
1776462393.63,frontend,otel-demo.frontend-b78bf7696-77ldd.frontend,dependency_error_ratio,trace_client_error_ratio,0.0
1776462393.63,frontend,otel-demo.frontend-b78bf7696-77ldd.frontend,error_ratio,trace_server_error_ratio,0.0
1776462393.63,frontend,otel-demo.frontend-b78bf7696-77ldd.frontend,http_5xx_ratio,http_server_5xx_ratio,0.0
1776462393.63,frontend,otel-demo.frontend-b78bf7696-77ldd.frontend,request_count,trace_server_count,0.0
1776462393.63,frontend,otel-demo.frontend-b78bf7696-p9kqx.frontend,dependency_error_ratio,trace_client_error_ratio,0.0
1776462393.63,frontend,otel-demo.frontend-b78bf7696-p9kqx.frontend,error_ratio,trace_server_error_ratio,0.0
1776462393.63,frontend,otel-demo.frontend-b78bf7696-p9kqx.frontend,http_5xx_ratio,http_server_5xx_ratio,0.0
1776462393.63,frontend,otel-demo.frontend-b78bf7696-p9kqx.frontend,request_count,trace_server_count,0.0
1776462393.63,kafka,kafka-66df8bdf76-zjcbb,cpu_usage,container_cpu_usage,0.008564649999999575
1776462393.63,kafka,kafka-66df8bdf76-zjcbb,memory_usage,container_memory_working_set_bytes,665903104.0
1776462393.63,kafka,kafka::service,pod_restart_count,k8s_container_restarts,9.0
1776462393.63,kafka,kafka::service,pod_running_count,k8s_container_ready,1.0
1776462393.63,kafka,kafka::service,queue_lag,queue_size_ratio,0.0
1776462393.63,payment,otel-demo.payment-f9f8d647b-74h8z.payment,dependency_error_ratio,trace_client_error_ratio,0.0
1776462393.63,payment,otel-demo.payment-f9f8d647b-74h8z.payment,error_ratio,trace_server_error_ratio,0.0
1776462393.63,payment,otel-demo.payment-f9f8d647b-74h8z.payment,request_count,trace_server_count,0.0
1776462393.63,payment,otel-demo.payment-f9f8d647b-75hmx.payment,dependency_error_ratio,trace_client_error_ratio,0.0
1776462393.63,payment,otel-demo.payment-f9f8d647b-75hmx.payment,error_ratio,trace_server_error_ratio,0.0
1776462393.63,payment,otel-demo.payment-f9f8d647b-75hmx.payment,request_count,trace_server_count,0.0
1776462393.63,payment,otel-demo.payment-f9f8d647b-tv6l5.payment,dependency_error_ratio,trace_client_error_ratio,0.0
1776462393.63,payment,otel-demo.payment-f9f8d647b-tv6l5.payment,error_ratio,trace_server_error_ratio,0.0
1776462393.63,payment,otel-demo.payment-f9f8d647b-tv6l5.payment,request_count,trace_server_count,0.0
1776462393.63,payment,payment-f9f8d647b-74h8z,cpu_usage,container_cpu_usage,0.010399277548591159
1776462393.63,payment,payment-f9f8d647b-74h8z,memory_usage,container_memory_working_set_bytes,110514176.0
1776462393.63,payment,payment-f9f8d647b-75hmx,cpu_usage,container_cpu_usage,0.01105129474485946
1776462393.63,payment,payment-f9f8d647b-75hmx,memory_usage,container_memory_working_set_bytes,109907968.0
1776462393.63,payment,payment-f9f8d647b-tv6l5,cpu_usage,container_cpu_usage,0.006337050567198419
1776462393.63,payment,payment-f9f8d647b-tv6l5,memory_usage,container_memory_working_set_bytes,99250176.0
1776462393.63,payment,payment::service,pod_restart_count,k8s_container_restarts,39.0
1776462393.63,payment,payment::service,pod_running_count,k8s_container_ready,3.0
1776462393.63,product-catalog,otel-demo.product-catalog-784544475c-7crs7.product-catalog,dependency_error_ratio,trace_client_error_ratio,0.0
1776462393.63,product-catalog,otel-demo.product-catalog-784544475c-7crs7.product-catalog,error_ratio,trace_server_error_ratio,0.0
1776462393.63,product-catalog,otel-demo.product-catalog-784544475c-7crs7.product-catalog,request_count,trace_server_count,0.0
1776462393.63,product-catalog,otel-demo.product-catalog-784544475c-8skc7.product-catalog,dependency_error_ratio,trace_client_error_ratio,0.0
1776462393.63,product-catalog,otel-demo.product-catalog-784544475c-8skc7.product-catalog,error_ratio,trace_server_error_ratio,0.0
1776462393.63,product-catalog,otel-demo.product-catalog-784544475c-8skc7.product-catalog,request_count,trace_server_count,0.0
1776462393.63,product-catalog,otel-demo.product-catalog-784544475c-stwzc.product-catalog,dependency_error_ratio,trace_client_error_ratio,0.0
1776462393.63,product-catalog,otel-demo.product-catalog-784544475c-stwzc.product-catalog,error_ratio,trace_server_error_ratio,0.0
1776462393.63,product-catalog,otel-demo.product-catalog-784544475c-stwzc.product-catalog,request_count,trace_server_count,0.0
1776462393.63,product-catalog,product-catalog-784544475c-7crs7,cpu_usage,container_cpu_usage,0.017125333072579334
1776462393.63,product-catalog,product-catalog-784544475c-7crs7,memory_usage,container_memory_working_set_bytes,15110144.0
1776462393.63,product-catalog,product-catalog-784544475c-8skc7,cpu_usage,container_cpu_usage,0.10188677446103121
1776462393.63,product-catalog,product-catalog-784544475c-8skc7,memory_usage,container_memory_working_set_bytes,15654912.0
1776462393.63,product-catalog,product-catalog-784544475c-stwzc,cpu_usage,container_cpu_usage,0.0004118504927904405
1776462393.63,product-catalog,product-catalog-784544475c-stwzc,memory_usage,container_memory_working_set_bytes,12599296.0
1776462393.63,product-catalog,product-catalog::service,pod_restart_count,k8s_container_restarts,37.0
1776462393.63,product-catalog,product-catalog::service,pod_running_count,k8s_container_ready,3.0
1776462393.63,recommendation,otel-demo.recommendation-5b46f7469c-g2rgb.recommendation,dependency_error_ratio,trace_client_error_ratio,0.0
1776462393.63,recommendation,otel-demo.recommendation-5b46f7469c-rjwxq.recommendation,dependency_error_ratio,trace_client_error_ratio,0.0
1776462393.63,recommendation,otel-demo.recommendation-5b46f7469c-rjwxq.recommendation,error_ratio,trace_server_error_ratio,0.0
1776462393.63,recommendation,otel-demo.recommendation-5b46f7469c-rjwxq.recommendation,request_count,trace_server_count,0.0
1776462393.63,recommendation,otel-demo.recommendation-5b46f7469c-t2fm9.recommendation,dependency_error_ratio,trace_client_error_ratio,0.0
1776462393.63,recommendation,otel-demo.recommendation-5b46f7469c-t2fm9.recommendation,error_ratio,trace_server_error_ratio,0.0
1776462393.63,recommendation,otel-demo.recommendation-5b46f7469c-t2fm9.recommendation,request_count,trace_server_count,0.0
1776462393.63,recommendation,recommendation-5b46f7469c-g2rgb,cpu_usage,container_cpu_usage,0.009998652923766935
1776462393.63,recommendation,recommendation-5b46f7469c-g2rgb,memory_usage,container_memory_working_set_bytes,46891008.0
1776462393.63,recommendation,recommendation-5b46f7469c-rjwxq,cpu_usage,container_cpu_usage,0.0125432817944213
1776462393.63,recommendation,recommendation-5b46f7469c-rjwxq,memory_usage,container_memory_working_set_bytes,47910912.0
1776462393.63,recommendation,recommendation-5b46f7469c-t2fm9,cpu_usage,container_cpu_usage,0.030386820828391867
1776462393.63,recommendation,recommendation-5b46f7469c-t2fm9,memory_usage,container_memory_working_set_bytes,52568064.0
1776462393.63,recommendation,recommendation::service,pod_restart_count,k8s_container_restarts,3.0
1776462393.63,recommendation,recommendation::service,pod_running_count,k8s_container_ready,3.0
1776462403.63,ad,3a8b9295-6ae2-4e8a-b9b0-a607d7fec0a4,dependency_error_ratio,trace_client_error_ratio,0.0
1776462403.63,ad,3a8b9295-6ae2-4e8a-b9b0-a607d7fec0a4,error_ratio,trace_server_error_ratio,0.0
1776462403.63,ad,3a8b9295-6ae2-4e8a-b9b0-a607d7fec0a4,request_count,trace_server_count,0.0
1776462403.63,ad,5680c7ee-584c-4353-b6d2-93bc605a0324,dependency_error_ratio,trace_client_error_ratio,0.0
1776462403.63,ad,5680c7ee-584c-4353-b6d2-93bc605a0324,error_ratio,trace_server_error_ratio,0.0
1776462403.63,ad,5680c7ee-584c-4353-b6d2-93bc605a0324,request_count,trace_server_count,0.0
1776462403.63,ad,9f9a3c1c-bd3f-40ea-8764-b59f1ebd2204,dependency_error_ratio,trace_client_error_ratio,0.0
1776462403.63,ad,ad-7fb5b4f859-52ks9,cpu_usage,container_cpu_usage,0.0024163670495454268
1776462403.63,ad,ad-7fb5b4f859-52ks9,memory_usage,container_memory_working_set_bytes,260341760.0
1776462403.63,ad,ad-7fb5b4f859-rd4zw,cpu_usage,container_cpu_usage,0.0012175806665715245
1776462403.63,ad,ad-7fb5b4f859-rd4zw,memory_usage,container_memory_working_set_bytes,238403584.0
1776462403.63,ad,ad-7fb5b4f859-zsstr,cpu_usage,container_cpu_usage,0.0037960277054191016
1776462403.63,ad,ad-7fb5b4f859-zsstr,memory_usage,container_memory_working_set_bytes,261767168.0
1776462403.63,ad,ad::service,pod_restart_count,k8s_container_restarts,3.0
1776462403.63,ad,ad::service,pod_running_count,k8s_container_ready,3.0
1776462403.63,cart,cart-7c7496d7f-th7mc,cpu_usage,container_cpu_usage,0.06112682602921515
1776462403.63,cart,cart-7c7496d7f-th7mc,memory_usage,container_memory_working_set_bytes,62918656.0
1776462403.63,cart,cart::service,pod_restart_count,k8s_container_restarts,1.0
1776462403.63,cart,cart::service,pod_running_count,k8s_container_ready,1.0
1776462403.63,cart,f1f3afac-3031-4c18-925a-048232421d89,dependency_error_ratio,trace_client_error_ratio,0.0
1776462403.63,cart,f1f3afac-3031-4c18-925a-048232421d89,error_ratio,trace_server_error_ratio,0.0
1776462403.63,cart,f1f3afac-3031-4c18-925a-048232421d89,request_count,trace_server_count,0.0
1776462403.63,checkout,4755bdbd-5ad9-49fa-acb7-3a7dcb6a9277,dependency_error_ratio,trace_client_error_ratio,0.0
1776462403.63,checkout,4755bdbd-5ad9-49fa-acb7-3a7dcb6a9277,error_ratio,trace_server_error_ratio,0.0
1776462403.63,checkout,4755bdbd-5ad9-49fa-acb7-3a7dcb6a9277,request_count,trace_server_count,0.0
1776462403.63,checkout,bb49e6b9-109a-41b8-be66-ab2a38272474,dependency_error_ratio,trace_client_error_ratio,0.0
1776462403.63,checkout,bb49e6b9-109a-41b8-be66-ab2a38272474,error_ratio,trace_server_error_ratio,0.0
1776462403.63,checkout,bb49e6b9-109a-41b8-be66-ab2a38272474,request_count,trace_server_count,0.0
1776462403.63,checkout,bc5804df-6f63-4261-8788-8ecfe5481366,dependency_error_ratio,trace_client_error_ratio,0.0
1776462403.63,checkout,bc5804df-6f63-4261-8788-8ecfe5481366,error_ratio,trace_server_error_ratio,0.0
1776462403.63,checkout,bc5804df-6f63-4261-8788-8ecfe5481366,request_count,trace_server_count,0.0
1776462403.63,checkout,checkout-7f4ccfc547-6crwh,cpu_usage,container_cpu_usage,0.09681281674381864
1776462403.63,checkout,checkout-7f4ccfc547-6crwh,memory_usage,container_memory_working_set_bytes,15646720.0
1776462403.63,checkout,checkout-7f4ccfc547-ftx2n,cpu_usage,container_cpu_usage,0.00042589064969803995
1776462403.63,checkout,checkout-7f4ccfc547-ftx2n,memory_usage,container_memory_working_set_bytes,12206080.0
1776462403.63,checkout,checkout-7f4ccfc547-qlfgr,cpu_usage,container_cpu_usage,0.0566484331893681
1776462403.63,checkout,checkout-7f4ccfc547-qlfgr,memory_usage,container_memory_working_set_bytes,14794752.0
1776462403.63,checkout,checkout::service,pod_restart_count,k8s_container_restarts,45.0
1776462403.63,checkout,checkout::service,pod_running_count,k8s_container_ready,3.0
1776462403.63,email,email-5dcf48b665-66zvj,cpu_usage,container_cpu_usage,0.010442184776291753
1776462403.63,email,email-5dcf48b665-66zvj,memory_usage,container_memory_working_set_bytes,59510784.0
1776462403.63,email,email-5dcf48b665-9xxmx,cpu_usage,container_cpu_usage,0.006198233478769814
1776462403.63,email,email-5dcf48b665-9xxmx,memory_usage,container_memory_working_set_bytes,56135680.0
1776462403.63,email,email-5dcf48b665-n4zf2,cpu_usage,container_cpu_usage,0.0011944834819083304
1776462403.63,email,email-5dcf48b665-n4zf2,memory_usage,container_memory_working_set_bytes,54583296.0
1776462403.63,email,email::service,pod_restart_count,k8s_container_restarts,9.0
1776462403.63,email,email::service,pod_running_count,k8s_container_ready,3.0
1776462403.63,email,otel-demo.email-5dcf48b665-66zvj.email,error_ratio,trace_server_error_ratio,0.0
1776462403.63,email,otel-demo.email-5dcf48b665-66zvj.email,request_count,trace_server_count,0.0
1776462403.63,email,otel-demo.email-5dcf48b665-9xxmx.email,error_ratio,trace_server_error_ratio,0.0
1776462403.63,email,otel-demo.email-5dcf48b665-9xxmx.email,request_count,trace_server_count,0.0
1776462403.63,email,otel-demo.email-5dcf48b665-n4zf2.email,error_ratio,trace_server_error_ratio,0.0
1776462403.63,email,otel-demo.email-5dcf48b665-n4zf2.email,request_count,trace_server_count,0.0
1776462403.63,frontend,frontend-b78bf7696-6bjdg,cpu_usage,container_cpu_usage,0.12515039478295964
1776462403.63,frontend,frontend-b78bf7696-6bjdg,memory_usage,container_memory_working_set_bytes,119500800.0
1776462403.63,frontend,frontend-b78bf7696-77ldd,cpu_usage,container_cpu_usage,0.09533503467860605
1776462403.63,frontend,frontend-b78bf7696-77ldd,memory_usage,container_memory_working_set_bytes,109228032.0
1776462403.63,frontend,frontend-b78bf7696-p9kqx,cpu_usage,container_cpu_usage,0.04405983885468782
1776462403.63,frontend,frontend-b78bf7696-p9kqx,memory_usage,container_memory_working_set_bytes,117477376.0
1776462403.63,frontend,frontend::service,pod_restart_count,k8s_container_restarts,3.0
1776462403.63,frontend,frontend::service,pod_running_count,k8s_container_ready,3.0
1776462403.63,frontend,otel-demo.frontend-b78bf7696-6bjdg.frontend,dependency_error_ratio,trace_client_error_ratio,0.0
1776462403.63,frontend,otel-demo.frontend-b78bf7696-6bjdg.frontend,error_ratio,trace_server_error_ratio,0.0
1776462403.63,frontend,otel-demo.frontend-b78bf7696-6bjdg.frontend,http_5xx_ratio,http_server_5xx_ratio,0.0
1776462403.63,frontend,otel-demo.frontend-b78bf7696-6bjdg.frontend,request_count,trace_server_count,0.0
1776462403.63,frontend,otel-demo.frontend-b78bf7696-77ldd.frontend,dependency_error_ratio,trace_client_error_ratio,0.0
1776462403.63,frontend,otel-demo.frontend-b78bf7696-77ldd.frontend,error_ratio,trace_server_error_ratio,0.0
1776462403.63,frontend,otel-demo.frontend-b78bf7696-77ldd.frontend,http_5xx_ratio,http_server_5xx_ratio,0.0
1776462403.63,frontend,otel-demo.frontend-b78bf7696-77ldd.frontend,request_count,trace_server_count,0.0
1776462403.63,frontend,otel-demo.frontend-b78bf7696-p9kqx.frontend,dependency_error_ratio,trace_client_error_ratio,0.0
1776462403.63,frontend,otel-demo.frontend-b78bf7696-p9kqx.frontend,error_ratio,trace_server_error_ratio,0.0
1776462403.63,frontend,otel-demo.frontend-b78bf7696-p9kqx.frontend,http_5xx_ratio,http_server_5xx_ratio,0.0
1776462403.63,frontend,otel-demo.frontend-b78bf7696-p9kqx.frontend,request_count,trace_server_count,0.0
1776462403.63,kafka,kafka-66df8bdf76-zjcbb,cpu_usage,container_cpu_usage,0.014044496648932774
1776462403.63,kafka,kafka-66df8bdf76-zjcbb,memory_usage,container_memory_working_set_bytes,665939968.0
1776462403.63,kafka,kafka::service,pod_restart_count,k8s_container_restarts,9.0
1776462403.63,kafka,kafka::service,pod_running_count,k8s_container_ready,1.0
1776462403.63,kafka,kafka::service,queue_lag,queue_size_ratio,0.0
1776462403.63,payment,otel-demo.payment-f9f8d647b-74h8z.payment,dependency_error_ratio,trace_client_error_ratio,0.0
1776462403.63,payment,otel-demo.payment-f9f8d647b-74h8z.payment,error_ratio,trace_server_error_ratio,0.0
1776462403.63,payment,otel-demo.payment-f9f8d647b-74h8z.payment,request_count,trace_server_count,0.0
1776462403.63,payment,otel-demo.payment-f9f8d647b-75hmx.payment,dependency_error_ratio,trace_client_error_ratio,0.0
1776462403.63,payment,otel-demo.payment-f9f8d647b-75hmx.payment,error_ratio,trace_server_error_ratio,0.0
1776462403.63,payment,otel-demo.payment-f9f8d647b-75hmx.payment,request_count,trace_server_count,0.0
1776462403.63,payment,otel-demo.payment-f9f8d647b-tv6l5.payment,dependency_error_ratio,trace_client_error_ratio,0.0
1776462403.63,payment,otel-demo.payment-f9f8d647b-tv6l5.payment,error_ratio,trace_server_error_ratio,0.0
1776462403.63,payment,otel-demo.payment-f9f8d647b-tv6l5.payment,request_count,trace_server_count,0.0
1776462403.63,payment,payment-f9f8d647b-74h8z,cpu_usage,container_cpu_usage,0.010457031871152439
1776462403.63,payment,payment-f9f8d647b-74h8z,memory_usage,container_memory_working_set_bytes,110518272.0
1776462403.63,payment,payment-f9f8d647b-75hmx,cpu_usage,container_cpu_usage,0.01222861706229032
1776462403.63,payment,payment-f9f8d647b-75hmx,memory_usage,container_memory_working_set_bytes,109907968.0
1776462403.63,payment,payment-f9f8d647b-tv6l5,cpu_usage,container_cpu_usage,0.0071526953614708495
1776462403.63,payment,payment-f9f8d647b-tv6l5,memory_usage,container_memory_working_set_bytes,99868672.0
1776462403.63,payment,payment::service,pod_restart_count,k8s_container_restarts,39.0
1776462403.63,payment,payment::service,pod_running_count,k8s_container_ready,3.0
1776462403.63,product-catalog,otel-demo.product-catalog-784544475c-7crs7.product-catalog,dependency_error_ratio,trace_client_error_ratio,0.0
1776462403.63,product-catalog,otel-demo.product-catalog-784544475c-7crs7.product-catalog,error_ratio,trace_server_error_ratio,0.0
1776462403.63,product-catalog,otel-demo.product-catalog-784544475c-7crs7.product-catalog,request_count,trace_server_count,0.0
1776462403.63,product-catalog,otel-demo.product-catalog-784544475c-8skc7.product-catalog,dependency_error_ratio,trace_client_error_ratio,0.0
1776462403.63,product-catalog,otel-demo.product-catalog-784544475c-8skc7.product-catalog,error_ratio,trace_server_error_ratio,0.0
1776462403.63,product-catalog,otel-demo.product-catalog-784544475c-8skc7.product-catalog,request_count,trace_server_count,0.0
1776462403.63,product-catalog,otel-demo.product-catalog-784544475c-stwzc.product-catalog,dependency_error_ratio,trace_client_error_ratio,0.0
1776462403.63,product-catalog,otel-demo.product-catalog-784544475c-stwzc.product-catalog,error_ratio,trace_server_error_ratio,0.0
1776462403.63,product-catalog,otel-demo.product-catalog-784544475c-stwzc.product-catalog,request_count,trace_server_count,0.0
1776462403.63,product-catalog,product-catalog-784544475c-7crs7,cpu_usage,container_cpu_usage,0.019184080502416177
1776462403.63,product-catalog,product-catalog-784544475c-7crs7,memory_usage,container_memory_working_set_bytes,15736832.0
1776462403.63,product-catalog,product-catalog-784544475c-8skc7,cpu_usage,container_cpu_usage,0.07703711976137562
1776462403.63,product-catalog,product-catalog-784544475c-8skc7,memory_usage,container_memory_working_set_bytes,15654912.0
1776462403.63,product-catalog,product-catalog-784544475c-stwzc,cpu_usage,container_cpu_usage,0.0003477019776964627
1776462403.63,product-catalog,product-catalog-784544475c-stwzc,memory_usage,container_memory_working_set_bytes,12599296.0
1776462403.63,product-catalog,product-catalog::service,pod_restart_count,k8s_container_restarts,37.0
1776462403.63,product-catalog,product-catalog::service,pod_running_count,k8s_container_ready,3.0
1776462403.63,recommendation,otel-demo.recommendation-5b46f7469c-g2rgb.recommendation,dependency_error_ratio,trace_client_error_ratio,0.0
1776462403.63,recommendation,otel-demo.recommendation-5b46f7469c-rjwxq.recommendation,dependency_error_ratio,trace_client_error_ratio,0.0
1776462403.63,recommendation,otel-demo.recommendation-5b46f7469c-rjwxq.recommendation,error_ratio,trace_server_error_ratio,0.0
1776462403.63,recommendation,otel-demo.recommendation-5b46f7469c-rjwxq.recommendation,request_count,trace_server_count,0.0
1776462403.63,recommendation,otel-demo.recommendation-5b46f7469c-t2fm9.recommendation,dependency_error_ratio,trace_client_error_ratio,0.0
1776462403.63,recommendation,otel-demo.recommendation-5b46f7469c-t2fm9.recommendation,error_ratio,trace_server_error_ratio,0.0
1776462403.63,recommendation,otel-demo.recommendation-5b46f7469c-t2fm9.recommendation,request_count,trace_server_count,0.0
1776462403.63,recommendation,recommendation-5b46f7469c-g2rgb,cpu_usage,container_cpu_usage,0.009860096856021704
1776462403.63,recommendation,recommendation-5b46f7469c-g2rgb,memory_usage,container_memory_working_set_bytes,46891008.0
1776462403.63,recommendation,recommendation-5b46f7469c-rjwxq,cpu_usage,container_cpu_usage,0.0125432817944213
1776462403.63,recommendation,recommendation-5b46f7469c-rjwxq,memory_usage,container_memory_working_set_bytes,47910912.0
1776462403.63,recommendation,recommendation-5b46f7469c-t2fm9,cpu_usage,container_cpu_usage,0.031987087923177365
1776462403.63,recommendation,recommendation-5b46f7469c-t2fm9,memory_usage,container_memory_working_set_bytes,52596736.0
1776462403.63,recommendation,recommendation::service,pod_restart_count,k8s_container_restarts,3.0
1776462403.63,recommendation,recommendation::service,pod_running_count,k8s_container_ready,3.0
1776462413.63,ad,3a8b9295-6ae2-4e8a-b9b0-a607d7fec0a4,dependency_error_ratio,trace_client_error_ratio,0.0
1776462413.63,ad,3a8b9295-6ae2-4e8a-b9b0-a607d7fec0a4,error_ratio,trace_server_error_ratio,0.0
1776462413.63,ad,3a8b9295-6ae2-4e8a-b9b0-a607d7fec0a4,request_count,trace_server_count,0.0
1776462413.63,ad,5680c7ee-584c-4353-b6d2-93bc605a0324,dependency_error_ratio,trace_client_error_ratio,0.0
1776462413.63,ad,5680c7ee-584c-4353-b6d2-93bc605a0324,error_ratio,trace_server_error_ratio,0.0
1776462413.63,ad,5680c7ee-584c-4353-b6d2-93bc605a0324,request_count,trace_server_count,0.0
1776462413.63,ad,9f9a3c1c-bd3f-40ea-8764-b59f1ebd2204,dependency_error_ratio,trace_client_error_ratio,0.0
1776462413.63,ad,ad-7fb5b4f859-52ks9,cpu_usage,container_cpu_usage,0.002392242418922035
1776462413.63,ad,ad-7fb5b4f859-52ks9,memory_usage,container_memory_working_set_bytes,260341760.0
1776462413.63,ad,ad-7fb5b4f859-rd4zw,cpu_usage,container_cpu_usage,0.001227279282989684
1776462413.63,ad,ad-7fb5b4f859-rd4zw,memory_usage,container_memory_working_set_bytes,238403584.0
1776462413.63,ad,ad-7fb5b4f859-zsstr,cpu_usage,container_cpu_usage,0.004025490004878139
1776462413.63,ad,ad-7fb5b4f859-zsstr,memory_usage,container_memory_working_set_bytes,261767168.0
1776462413.63,ad,ad::service,pod_restart_count,k8s_container_restarts,3.0
1776462413.63,ad,ad::service,pod_running_count,k8s_container_ready,3.0
1776462413.63,cart,cart-7c7496d7f-th7mc,cpu_usage,container_cpu_usage,0.06398454804026456
1776462413.63,cart,cart-7c7496d7f-th7mc,memory_usage,container_memory_working_set_bytes,63152128.0
1776462413.63,cart,cart::service,pod_restart_count,k8s_container_restarts,1.0
1776462413.63,cart,cart::service,pod_running_count,k8s_container_ready,1.0
1776462413.63,cart,f1f3afac-3031-4c18-925a-048232421d89,dependency_error_ratio,trace_client_error_ratio,0.0
1776462413.63,cart,f1f3afac-3031-4c18-925a-048232421d89,error_ratio,trace_server_error_ratio,0.0
1776462413.63,cart,f1f3afac-3031-4c18-925a-048232421d89,request_count,trace_server_count,0.0
1776462413.63,checkout,4755bdbd-5ad9-49fa-acb7-3a7dcb6a9277,dependency_error_ratio,trace_client_error_ratio,0.0
1776462413.63,checkout,4755bdbd-5ad9-49fa-acb7-3a7dcb6a9277,error_ratio,trace_server_error_ratio,0.0
1776462413.63,checkout,4755bdbd-5ad9-49fa-acb7-3a7dcb6a9277,request_count,trace_server_count,0.0
1776462413.63,checkout,bb49e6b9-109a-41b8-be66-ab2a38272474,dependency_error_ratio,trace_client_error_ratio,0.0
1776462413.63,checkout,bb49e6b9-109a-41b8-be66-ab2a38272474,error_ratio,trace_server_error_ratio,0.0
1776462413.63,checkout,bb49e6b9-109a-41b8-be66-ab2a38272474,request_count,trace_server_count,0.0
1776462413.63,checkout,bc5804df-6f63-4261-8788-8ecfe5481366,dependency_error_ratio,trace_client_error_ratio,0.0
1776462413.63,checkout,bc5804df-6f63-4261-8788-8ecfe5481366,error_ratio,trace_server_error_ratio,0.0
1776462413.63,checkout,bc5804df-6f63-4261-8788-8ecfe5481366,request_count,trace_server_count,0.0
1776462413.63,checkout,checkout-7f4ccfc547-6crwh,cpu_usage,container_cpu_usage,0.12646208073279186
1776462413.63,checkout,checkout-7f4ccfc547-6crwh,memory_usage,container_memory_working_set_bytes,14614528.0
1776462413.63,checkout,checkout-7f4ccfc547-ftx2n,cpu_usage,container_cpu_usage,0.0004885238953057054
1776462413.63,checkout,checkout-7f4ccfc547-ftx2n,memory_usage,container_memory_working_set_bytes,12206080.0
1776462413.63,checkout,checkout-7f4ccfc547-qlfgr,cpu_usage,container_cpu_usage,0.04864873999567322
1776462413.63,checkout,checkout-7f4ccfc547-qlfgr,memory_usage,container_memory_working_set_bytes,14794752.0
1776462413.63,checkout,checkout::service,pod_restart_count,k8s_container_restarts,45.0
1776462413.63,checkout,checkout::service,pod_running_count,k8s_container_ready,3.0
1776462413.63,email,email-5dcf48b665-66zvj,cpu_usage,container_cpu_usage,0.013034793074208881
1776462413.63,email,email-5dcf48b665-66zvj,memory_usage,container_memory_working_set_bytes,59469824.0
1776462413.63,email,email-5dcf48b665-9xxmx,cpu_usage,container_cpu_usage,0.005642864574302031
1776462413.63,email,email-5dcf48b665-9xxmx,memory_usage,container_memory_working_set_bytes,56205312.0
1776462413.63,email,email-5dcf48b665-n4zf2,cpu_usage,container_cpu_usage,0.001383740599587543
1776462413.63,email,email-5dcf48b665-n4zf2,memory_usage,container_memory_working_set_bytes,54530048.0
1776462413.63,email,email::service,pod_restart_count,k8s_container_restarts,9.0
1776462413.63,email,email::service,pod_running_count,k8s_container_ready,3.0
1776462413.63,email,otel-demo.email-5dcf48b665-66zvj.email,error_ratio,trace_server_error_ratio,0.0
1776462413.63,email,otel-demo.email-5dcf48b665-66zvj.email,request_count,trace_server_count,0.0
1776462413.63,email,otel-demo.email-5dcf48b665-9xxmx.email,error_ratio,trace_server_error_ratio,0.0
1776462413.63,email,otel-demo.email-5dcf48b665-9xxmx.email,request_count,trace_server_count,0.0
1776462413.63,email,otel-demo.email-5dcf48b665-n4zf2.email,error_ratio,trace_server_error_ratio,0.0
1776462413.63,email,otel-demo.email-5dcf48b665-n4zf2.email,request_count,trace_server_count,0.0
1776462413.63,frontend,frontend-b78bf7696-6bjdg,cpu_usage,container_cpu_usage,0.13724520491237074
1776462413.63,frontend,frontend-b78bf7696-6bjdg,memory_usage,container_memory_working_set_bytes,118800384.0
1776462413.63,frontend,frontend-b78bf7696-77ldd,cpu_usage,container_cpu_usage,0.09461553294644671
1776462413.63,frontend,frontend-b78bf7696-77ldd,memory_usage,container_memory_working_set_bytes,108453888.0
1776462413.63,frontend,frontend-b78bf7696-p9kqx,cpu_usage,container_cpu_usage,0.051915557172306434
1776462413.63,frontend,frontend-b78bf7696-p9kqx,memory_usage,container_memory_working_set_bytes,117477376.0
1776462413.63,frontend,frontend::service,pod_restart_count,k8s_container_restarts,3.0
1776462413.63,frontend,frontend::service,pod_running_count,k8s_container_ready,3.0
1776462413.63,frontend,otel-demo.frontend-b78bf7696-6bjdg.frontend,dependency_error_ratio,trace_client_error_ratio,0.0
1776462413.63,frontend,otel-demo.frontend-b78bf7696-6bjdg.frontend,error_ratio,trace_server_error_ratio,0.0
1776462413.63,frontend,otel-demo.frontend-b78bf7696-6bjdg.frontend,http_5xx_ratio,http_server_5xx_ratio,0.0
1776462413.63,frontend,otel-demo.frontend-b78bf7696-6bjdg.frontend,request_count,trace_server_count,0.0
1776462413.63,frontend,otel-demo.frontend-b78bf7696-77ldd.frontend,dependency_error_ratio,trace_client_error_ratio,0.0
1776462413.63,frontend,otel-demo.frontend-b78bf7696-77ldd.frontend,error_ratio,trace_server_error_ratio,0.0
1776462413.63,frontend,otel-demo.frontend-b78bf7696-77ldd.frontend,http_5xx_ratio,http_server_5xx_ratio,0.0
1776462413.63,frontend,otel-demo.frontend-b78bf7696-77ldd.frontend,request_count,trace_server_count,0.0
1776462413.63,frontend,otel-demo.frontend-b78bf7696-p9kqx.frontend,dependency_error_ratio,trace_client_error_ratio,0.0
1776462413.63,frontend,otel-demo.frontend-b78bf7696-p9kqx.frontend,error_ratio,trace_server_error_ratio,0.0
1776462413.63,frontend,otel-demo.frontend-b78bf7696-p9kqx.frontend,http_5xx_ratio,http_server_5xx_ratio,0.0
1776462413.63,frontend,otel-demo.frontend-b78bf7696-p9kqx.frontend,request_count,trace_server_count,0.0
1776462413.63,kafka,kafka-66df8bdf76-zjcbb,cpu_usage,container_cpu_usage,0.014615321647833218
1776462413.63,kafka,kafka-66df8bdf76-zjcbb,memory_usage,container_memory_working_set_bytes,665989120.0
1776462413.63,kafka,kafka::service,pod_restart_count,k8s_container_restarts,9.0
1776462413.63,kafka,kafka::service,pod_running_count,k8s_container_ready,1.0
1776462413.63,kafka,kafka::service,queue_lag,queue_size_ratio,0.0
1776462413.63,payment,otel-demo.payment-f9f8d647b-74h8z.payment,dependency_error_ratio,trace_client_error_ratio,0.0
1776462413.63,payment,otel-demo.payment-f9f8d647b-74h8z.payment,error_ratio,trace_server_error_ratio,0.0
1776462413.63,payment,otel-demo.payment-f9f8d647b-74h8z.payment,request_count,trace_server_count,0.0
1776462413.63,payment,otel-demo.payment-f9f8d647b-75hmx.payment,dependency_error_ratio,trace_client_error_ratio,0.0
1776462413.63,payment,otel-demo.payment-f9f8d647b-75hmx.payment,error_ratio,trace_server_error_ratio,0.0
1776462413.63,payment,otel-demo.payment-f9f8d647b-75hmx.payment,request_count,trace_server_count,0.0
1776462413.63,payment,otel-demo.payment-f9f8d647b-tv6l5.payment,dependency_error_ratio,trace_client_error_ratio,0.0
1776462413.63,payment,otel-demo.payment-f9f8d647b-tv6l5.payment,error_ratio,trace_server_error_ratio,0.0
1776462413.63,payment,otel-demo.payment-f9f8d647b-tv6l5.payment,request_count,trace_server_count,0.0
1776462413.63,payment,payment-f9f8d647b-74h8z,cpu_usage,container_cpu_usage,0.010457031871152439
1776462413.63,payment,payment-f9f8d647b-74h8z,memory_usage,container_memory_working_set_bytes,110518272.0
1776462413.63,payment,payment-f9f8d647b-75hmx,cpu_usage,container_cpu_usage,0.012743460645871823
1776462413.63,payment,payment-f9f8d647b-75hmx,memory_usage,container_memory_working_set_bytes,109903872.0
1776462413.63,payment,payment-f9f8d647b-tv6l5,cpu_usage,container_cpu_usage,0.007162724740440619
1776462413.63,payment,payment-f9f8d647b-tv6l5,memory_usage,container_memory_working_set_bytes,99868672.0
1776462413.63,payment,payment::service,pod_restart_count,k8s_container_restarts,39.0
1776462413.63,payment,payment::service,pod_running_count,k8s_container_ready,3.0
1776462413.63,product-catalog,otel-demo.product-catalog-784544475c-7crs7.product-catalog,dependency_error_ratio,trace_client_error_ratio,0.0
1776462413.63,product-catalog,otel-demo.product-catalog-784544475c-7crs7.product-catalog,error_ratio,trace_server_error_ratio,0.0
1776462413.63,product-catalog,otel-demo.product-catalog-784544475c-7crs7.product-catalog,request_count,trace_server_count,0.0
1776462413.63,product-catalog,otel-demo.product-catalog-784544475c-8skc7.product-catalog,dependency_error_ratio,trace_client_error_ratio,0.0
1776462413.63,product-catalog,otel-demo.product-catalog-784544475c-8skc7.product-catalog,error_ratio,trace_server_error_ratio,0.0
1776462413.63,product-catalog,otel-demo.product-catalog-784544475c-8skc7.product-catalog,request_count,trace_server_count,0.0
1776462413.63,product-catalog,otel-demo.product-catalog-784544475c-stwzc.product-catalog,dependency_error_ratio,trace_client_error_ratio,0.0
1776462413.63,product-catalog,otel-demo.product-catalog-784544475c-stwzc.product-catalog,error_ratio,trace_server_error_ratio,0.0
1776462413.63,product-catalog,otel-demo.product-catalog-784544475c-stwzc.product-catalog,request_count,trace_server_count,0.0
1776462413.63,product-catalog,product-catalog-784544475c-7crs7,cpu_usage,container_cpu_usage,0.022219610255508997
1776462413.63,product-catalog,product-catalog-784544475c-7crs7,memory_usage,container_memory_working_set_bytes,15892480.0
1776462413.63,product-catalog,product-catalog-784544475c-8skc7,cpu_usage,container_cpu_usage,0.11999459115494678
1776462413.63,product-catalog,product-catalog-784544475c-8skc7,memory_usage,container_memory_working_set_bytes,15699968.0
1776462413.63,product-catalog,product-catalog-784544475c-stwzc,cpu_usage,container_cpu_usage,0.00044154033803798566
1776462413.63,product-catalog,product-catalog-784544475c-stwzc,memory_usage,container_memory_working_set_bytes,12599296.0
1776462413.63,product-catalog,product-catalog::service,pod_restart_count,k8s_container_restarts,37.0
1776462413.63,product-catalog,product-catalog::service,pod_running_count,k8s_container_ready,3.0
1776462413.63,recommendation,otel-demo.recommendation-5b46f7469c-g2rgb.recommendation,dependency_error_ratio,trace_client_error_ratio,0.0
1776462413.63,recommendation,otel-demo.recommendation-5b46f7469c-rjwxq.recommendation,dependency_error_ratio,trace_client_error_ratio,0.0
1776462413.63,recommendation,otel-demo.recommendation-5b46f7469c-rjwxq.recommendation,error_ratio,trace_server_error_ratio,0.0
1776462413.63,recommendation,otel-demo.recommendation-5b46f7469c-rjwxq.recommendation,request_count,trace_server_count,0.0
1776462413.63,recommendation,otel-demo.recommendation-5b46f7469c-t2fm9.recommendation,dependency_error_ratio,trace_client_error_ratio,0.0
1776462413.63,recommendation,otel-demo.recommendation-5b46f7469c-t2fm9.recommendation,error_ratio,trace_server_error_ratio,0.0
1776462413.63,recommendation,otel-demo.recommendation-5b46f7469c-t2fm9.recommendation,request_count,trace_server_count,0.0
1776462413.63,recommendation,recommendation-5b46f7469c-g2rgb,cpu_usage,container_cpu_usage,0.010431057866183611
1776462413.63,recommendation,recommendation-5b46f7469c-g2rgb,memory_usage,container_memory_working_set_bytes,46891008.0
1776462413.63,recommendation,recommendation-5b46f7469c-rjwxq,cpu_usage,container_cpu_usage,0.016325744060260588
1776462413.63,recommendation,recommendation-5b46f7469c-rjwxq,memory_usage,container_memory_working_set_bytes,47865856.0
1776462413.63,recommendation,recommendation-5b46f7469c-t2fm9,cpu_usage,container_cpu_usage,0.03125840546177651
1776462413.63,recommendation,recommendation-5b46f7469c-t2fm9,memory_usage,container_memory_working_set_bytes,52596736.0
1776462413.63,recommendation,recommendation::service,pod_restart_count,k8s_container_restarts,3.0
1776462413.63,recommendation,recommendation::service,pod_running_count,k8s_container_ready,3.0
1776462423.63,ad,3a8b9295-6ae2-4e8a-b9b0-a607d7fec0a4,dependency_error_ratio,trace_client_error_ratio,0.0
1776462423.63,ad,3a8b9295-6ae2-4e8a-b9b0-a607d7fec0a4,error_ratio,trace_server_error_ratio,0.0
1776462423.63,ad,3a8b9295-6ae2-4e8a-b9b0-a607d7fec0a4,request_count,trace_server_count,0.0
1776462423.63,ad,5680c7ee-584c-4353-b6d2-93bc605a0324,dependency_error_ratio,trace_client_error_ratio,0.0
1776462423.63,ad,5680c7ee-584c-4353-b6d2-93bc605a0324,error_ratio,trace_server_error_ratio,0.0
1776462423.63,ad,5680c7ee-584c-4353-b6d2-93bc605a0324,request_count,trace_server_count,0.0
1776462423.63,ad,9f9a3c1c-bd3f-40ea-8764-b59f1ebd2204,dependency_error_ratio,trace_client_error_ratio,0.0
1776462423.63,ad,ad-7fb5b4f859-52ks9,cpu_usage,container_cpu_usage,0.0014577999999914938
1776462423.63,ad,ad-7fb5b4f859-52ks9,memory_usage,container_memory_working_set_bytes,260341760.0
1776462423.63,ad,ad-7fb5b4f859-rd4zw,cpu_usage,container_cpu_usage,0.0011455197572190405
1776462423.63,ad,ad-7fb5b4f859-rd4zw,memory_usage,container_memory_working_set_bytes,238403584.0
1776462423.63,ad,ad-7fb5b4f859-zsstr,cpu_usage,container_cpu_usage,0.003966299581938975
1776462423.63,ad,ad-7fb5b4f859-zsstr,memory_usage,container_memory_working_set_bytes,261767168.0
1776462423.63,ad,ad::service,pod_restart_count,k8s_container_restarts,3.0
1776462423.63,ad,ad::service,pod_running_count,k8s_container_ready,3.0
1776462423.63,cart,cart-7c7496d7f-th7mc,cpu_usage,container_cpu_usage,0.0630760430822893
1776462423.63,cart,cart-7c7496d7f-th7mc,memory_usage,container_memory_working_set_bytes,63025152.0
1776462423.63,cart,cart::service,pod_restart_count,k8s_container_restarts,1.0
1776462423.63,cart,cart::service,pod_running_count,k8s_container_ready,1.0
1776462423.63,cart,f1f3afac-3031-4c18-925a-048232421d89,dependency_error_ratio,trace_client_error_ratio,0.0
1776462423.63,cart,f1f3afac-3031-4c18-925a-048232421d89,error_ratio,trace_server_error_ratio,0.0
1776462423.63,cart,f1f3afac-3031-4c18-925a-048232421d89,request_count,trace_server_count,0.0
1776462423.63,checkout,4755bdbd-5ad9-49fa-acb7-3a7dcb6a9277,dependency_error_ratio,trace_client_error_ratio,0.0
1776462423.63,checkout,4755bdbd-5ad9-49fa-acb7-3a7dcb6a9277,error_ratio,trace_server_error_ratio,0.0
1776462423.63,checkout,4755bdbd-5ad9-49fa-acb7-3a7dcb6a9277,request_count,trace_server_count,0.0
1776462423.63,checkout,bb49e6b9-109a-41b8-be66-ab2a38272474,dependency_error_ratio,trace_client_error_ratio,0.0
1776462423.63,checkout,bb49e6b9-109a-41b8-be66-ab2a38272474,error_ratio,trace_server_error_ratio,0.0
1776462423.63,checkout,bb49e6b9-109a-41b8-be66-ab2a38272474,request_count,trace_server_count,0.0
1776462423.63,checkout,bc5804df-6f63-4261-8788-8ecfe5481366,dependency_error_ratio,trace_client_error_ratio,0.0
1776462423.63,checkout,bc5804df-6f63-4261-8788-8ecfe5481366,error_ratio,trace_server_error_ratio,0.0
1776462423.63,checkout,bc5804df-6f63-4261-8788-8ecfe5481366,request_count,trace_server_count,0.0
1776462423.63,checkout,checkout-7f4ccfc547-6crwh,cpu_usage,container_cpu_usage,0.1349333449558346
1776462423.63,checkout,checkout-7f4ccfc547-6crwh,memory_usage,container_memory_working_set_bytes,14614528.0
1776462423.63,checkout,checkout-7f4ccfc547-ftx2n,cpu_usage,container_cpu_usage,0.0004885238953057054
1776462423.63,checkout,checkout-7f4ccfc547-ftx2n,memory_usage,container_memory_working_set_bytes,12206080.0
1776462423.63,checkout,checkout-7f4ccfc547-qlfgr,cpu_usage,container_cpu_usage,0.04093203736889305
1776462423.63,checkout,checkout-7f4ccfc547-qlfgr,memory_usage,container_memory_working_set_bytes,14737408.0
1776462423.63,checkout,checkout::service,pod_restart_count,k8s_container_restarts,45.0
1776462423.63,checkout,checkout::service,pod_running_count,k8s_container_ready,3.0
1776462423.63,email,email-5dcf48b665-66zvj,cpu_usage,container_cpu_usage,0.013034793074208881
1776462423.63,email,email-5dcf48b665-66zvj,memory_usage,container_memory_working_set_bytes,59469824.0
1776462423.63,email,email-5dcf48b665-9xxmx,cpu_usage,container_cpu_usage,0.005402874733371605
1776462423.63,email,email-5dcf48b665-9xxmx,memory_usage,container_memory_working_set_bytes,56205312.0
1776462423.63,email,email-5dcf48b665-n4zf2,cpu_usage,container_cpu_usage,0.0016226221343665357
1776462423.63,email,email-5dcf48b665-n4zf2,memory_usage,container_memory_working_set_bytes,54530048.0
1776462423.63,email,email::service,pod_restart_count,k8s_container_restarts,9.0
1776462423.63,email,email::service,pod_running_count,k8s_container_ready,3.0
1776462423.63,email,otel-demo.email-5dcf48b665-66zvj.email,error_ratio,trace_server_error_ratio,0.0
1776462423.63,email,otel-demo.email-5dcf48b665-66zvj.email,request_count,trace_server_count,0.0
1776462423.63,email,otel-demo.email-5dcf48b665-9xxmx.email,error_ratio,trace_server_error_ratio,0.0
1776462423.63,email,otel-demo.email-5dcf48b665-9xxmx.email,request_count,trace_server_count,0.0
1776462423.63,email,otel-demo.email-5dcf48b665-n4zf2.email,error_ratio,trace_server_error_ratio,0.0
1776462423.63,email,otel-demo.email-5dcf48b665-n4zf2.email,request_count,trace_server_count,0.0
1776462423.63,frontend,frontend-b78bf7696-6bjdg,cpu_usage,container_cpu_usage,0.12723929090148056
1776462423.63,frontend,frontend-b78bf7696-6bjdg,memory_usage,container_memory_working_set_bytes,118644736.0
1776462423.63,frontend,frontend-b78bf7696-77ldd,cpu_usage,container_cpu_usage,0.08827404483374536
1776462423.63,frontend,frontend-b78bf7696-77ldd,memory_usage,container_memory_working_set_bytes,108453888.0
1776462423.63,frontend,frontend-b78bf7696-p9kqx,cpu_usage,container_cpu_usage,0.04376314816539031
1776462423.63,frontend,frontend-b78bf7696-p9kqx,memory_usage,container_memory_working_set_bytes,117477376.0
1776462423.63,frontend,frontend::service,pod_restart_count,k8s_container_restarts,3.0
1776462423.63,frontend,frontend::service,pod_running_count,k8s_container_ready,3.0
1776462423.63,frontend,otel-demo.frontend-b78bf7696-6bjdg.frontend,dependency_error_ratio,trace_client_error_ratio,0.0
1776462423.63,frontend,otel-demo.frontend-b78bf7696-6bjdg.frontend,error_ratio,trace_server_error_ratio,0.0
1776462423.63,frontend,otel-demo.frontend-b78bf7696-6bjdg.frontend,http_5xx_ratio,http_server_5xx_ratio,0.0
1776462423.63,frontend,otel-demo.frontend-b78bf7696-6bjdg.frontend,request_count,trace_server_count,0.0
1776462423.63,frontend,otel-demo.frontend-b78bf7696-77ldd.frontend,dependency_error_ratio,trace_client_error_ratio,0.0
1776462423.63,frontend,otel-demo.frontend-b78bf7696-77ldd.frontend,error_ratio,trace_server_error_ratio,0.0
1776462423.63,frontend,otel-demo.frontend-b78bf7696-77ldd.frontend,http_5xx_ratio,http_server_5xx_ratio,0.0
1776462423.63,frontend,otel-demo.frontend-b78bf7696-77ldd.frontend,request_count,trace_server_count,0.0
1776462423.63,frontend,otel-demo.frontend-b78bf7696-p9kqx.frontend,dependency_error_ratio,trace_client_error_ratio,0.0
1776462423.63,frontend,otel-demo.frontend-b78bf7696-p9kqx.frontend,error_ratio,trace_server_error_ratio,0.0
1776462423.63,frontend,otel-demo.frontend-b78bf7696-p9kqx.frontend,http_5xx_ratio,http_server_5xx_ratio,0.0
1776462423.63,frontend,otel-demo.frontend-b78bf7696-p9kqx.frontend,request_count,trace_server_count,0.0
1776462423.63,kafka,kafka-66df8bdf76-zjcbb,cpu_usage,container_cpu_usage,0.014274520992910014
1776462423.63,kafka,kafka-66df8bdf76-zjcbb,memory_usage,container_memory_working_set_bytes,665989120.0
1776462423.63,kafka,kafka::service,pod_restart_count,k8s_container_restarts,9.0
1776462423.63,kafka,kafka::service,pod_running_count,k8s_container_ready,1.0
1776462423.63,kafka,kafka::service,queue_lag,queue_size_ratio,0.0
1776462423.63,payment,otel-demo.payment-f9f8d647b-74h8z.payment,dependency_error_ratio,trace_client_error_ratio,0.0
1776462423.63,payment,otel-demo.payment-f9f8d647b-74h8z.payment,error_ratio,trace_server_error_ratio,0.0
1776462423.63,payment,otel-demo.payment-f9f8d647b-74h8z.payment,request_count,trace_server_count,0.0
1776462423.63,payment,otel-demo.payment-f9f8d647b-75hmx.payment,dependency_error_ratio,trace_client_error_ratio,0.0
1776462423.63,payment,otel-demo.payment-f9f8d647b-75hmx.payment,error_ratio,trace_server_error_ratio,0.0
1776462423.63,payment,otel-demo.payment-f9f8d647b-75hmx.payment,request_count,trace_server_count,0.0
1776462423.63,payment,otel-demo.payment-f9f8d647b-tv6l5.payment,dependency_error_ratio,trace_client_error_ratio,0.0
1776462423.63,payment,otel-demo.payment-f9f8d647b-tv6l5.payment,error_ratio,trace_server_error_ratio,0.0
1776462423.63,payment,otel-demo.payment-f9f8d647b-tv6l5.payment,request_count,trace_server_count,0.0
1776462423.63,payment,payment-f9f8d647b-74h8z,cpu_usage,container_cpu_usage,0.010568299859786502
1776462423.63,payment,payment-f9f8d647b-74h8z,memory_usage,container_memory_working_set_bytes,110518272.0
1776462423.63,payment,payment-f9f8d647b-75hmx,cpu_usage,container_cpu_usage,0.012601888944121087
1776462423.63,payment,payment-f9f8d647b-75hmx,memory_usage,container_memory_working_set_bytes,109903872.0
1776462423.63,payment,payment-f9f8d647b-tv6l5,cpu_usage,container_cpu_usage,0.0071596499426484364
1776462423.63,payment,payment-f9f8d647b-tv6l5,memory_usage,container_memory_working_set_bytes,99868672.0
1776462423.63,payment,payment::service,pod_restart_count,k8s_container_restarts,39.0
1776462423.63,payment,payment::service,pod_running_count,k8s_container_ready,3.0
1776462423.63,product-catalog,otel-demo.product-catalog-784544475c-7crs7.product-catalog,dependency_error_ratio,trace_client_error_ratio,0.0
1776462423.63,product-catalog,otel-demo.product-catalog-784544475c-7crs7.product-catalog,error_ratio,trace_server_error_ratio,0.0
1776462423.63,product-catalog,otel-demo.product-catalog-784544475c-7crs7.product-catalog,request_count,trace_server_count,0.0
1776462423.63,product-catalog,otel-demo.product-catalog-784544475c-8skc7.product-catalog,dependency_error_ratio,trace_client_error_ratio,0.0
1776462423.63,product-catalog,otel-demo.product-catalog-784544475c-8skc7.product-catalog,error_ratio,trace_server_error_ratio,0.0
1776462423.63,product-catalog,otel-demo.product-catalog-784544475c-8skc7.product-catalog,request_count,trace_server_count,0.0
1776462423.63,product-catalog,otel-demo.product-catalog-784544475c-stwzc.product-catalog,dependency_error_ratio,trace_client_error_ratio,0.0
1776462423.63,product-catalog,otel-demo.product-catalog-784544475c-stwzc.product-catalog,error_ratio,trace_server_error_ratio,0.0
1776462423.63,product-catalog,otel-demo.product-catalog-784544475c-stwzc.product-catalog,request_count,trace_server_count,0.0
1776462423.63,product-catalog,product-catalog-784544475c-7crs7,cpu_usage,container_cpu_usage,0.022219610255508993
1776462423.63,product-catalog,product-catalog-784544475c-7crs7,memory_usage,container_memory_working_set_bytes,15892480.0
1776462423.63,product-catalog,product-catalog-784544475c-8skc7,cpu_usage,container_cpu_usage,0.11273600864701207
1776462423.63,product-catalog,product-catalog-784544475c-8skc7,memory_usage,container_memory_working_set_bytes,15118336.0
1776462423.63,product-catalog,product-catalog-784544475c-stwzc,cpu_usage,container_cpu_usage,0.00042490284233787985
1776462423.63,product-catalog,product-catalog-784544475c-stwzc,memory_usage,container_memory_working_set_bytes,12599296.0
1776462423.63,product-catalog,product-catalog::service,pod_restart_count,k8s_container_restarts,37.0
1776462423.63,product-catalog,product-catalog::service,pod_running_count,k8s_container_ready,3.0
1776462423.63,recommendation,otel-demo.recommendation-5b46f7469c-g2rgb.recommendation,dependency_error_ratio,trace_client_error_ratio,0.0
1776462423.63,recommendation,otel-demo.recommendation-5b46f7469c-rjwxq.recommendation,dependency_error_ratio,trace_client_error_ratio,0.0
1776462423.63,recommendation,otel-demo.recommendation-5b46f7469c-rjwxq.recommendation,error_ratio,trace_server_error_ratio,0.0
1776462423.63,recommendation,otel-demo.recommendation-5b46f7469c-rjwxq.recommendation,request_count,trace_server_count,0.0
1776462423.63,recommendation,otel-demo.recommendation-5b46f7469c-t2fm9.recommendation,dependency_error_ratio,trace_client_error_ratio,0.0
1776462423.63,recommendation,otel-demo.recommendation-5b46f7469c-t2fm9.recommendation,error_ratio,trace_server_error_ratio,0.0
1776462423.63,recommendation,otel-demo.recommendation-5b46f7469c-t2fm9.recommendation,request_count,trace_server_count,0.0
1776462423.63,recommendation,recommendation-5b46f7469c-g2rgb,cpu_usage,container_cpu_usage,0.010431057866183611
1776462423.63,recommendation,recommendation-5b46f7469c-g2rgb,memory_usage,container_memory_working_set_bytes,46891008.0
1776462423.63,recommendation,recommendation-5b46f7469c-rjwxq,cpu_usage,container_cpu_usage,0.016325744060260588
1776462423.63,recommendation,recommendation-5b46f7469c-rjwxq,memory_usage,container_memory_working_set_bytes,47865856.0
1776462423.63,recommendation,recommendation-5b46f7469c-t2fm9,cpu_usage,container_cpu_usage,0.028484352973512466
1776462423.63,recommendation,recommendation-5b46f7469c-t2fm9,memory_usage,container_memory_working_set_bytes,52592640.0
1776462423.63,recommendation,recommendation::service,pod_restart_count,k8s_container_restarts,3.0
1776462423.63,recommendation,recommendation::service,pod_running_count,k8s_container_ready,3.0
1776462433.63,ad,3a8b9295-6ae2-4e8a-b9b0-a607d7fec0a4,dependency_error_ratio,trace_client_error_ratio,0.0
1776462433.63,ad,3a8b9295-6ae2-4e8a-b9b0-a607d7fec0a4,error_ratio,trace_server_error_ratio,0.0
1776462433.63,ad,3a8b9295-6ae2-4e8a-b9b0-a607d7fec0a4,latency_p95,trace_server_latency_p95,1.9333333333333331
1776462433.63,ad,3a8b9295-6ae2-4e8a-b9b0-a607d7fec0a4,request_count,trace_server_count,5.8
1776462433.63,ad,5680c7ee-584c-4353-b6d2-93bc605a0324,dependency_error_ratio,trace_client_error_ratio,0.0
1776462433.63,ad,5680c7ee-584c-4353-b6d2-93bc605a0324,error_ratio,trace_server_error_ratio,0.0
1776462433.63,ad,5680c7ee-584c-4353-b6d2-93bc605a0324,latency_p95,trace_server_latency_p95,1.927272727272727
1776462433.63,ad,5680c7ee-584c-4353-b6d2-93bc605a0324,request_count,trace_server_count,21.2
1776462433.63,ad,9f9a3c1c-bd3f-40ea-8764-b59f1ebd2204,dependency_error_ratio,trace_client_error_ratio,0.0
1776462433.63,ad,ad-7fb5b4f859-52ks9,cpu_usage,container_cpu_usage,0.0022020859333153242
1776462433.63,ad,ad-7fb5b4f859-52ks9,memory_usage,container_memory_working_set_bytes,260341760.0
1776462433.63,ad,ad-7fb5b4f859-rd4zw,cpu_usage,container_cpu_usage,0.0011136498281981585
1776462433.63,ad,ad-7fb5b4f859-rd4zw,memory_usage,container_memory_working_set_bytes,238403584.0
1776462433.63,ad,ad-7fb5b4f859-zsstr,cpu_usage,container_cpu_usage,0.003966299581938975
1776462433.63,ad,ad-7fb5b4f859-zsstr,memory_usage,container_memory_working_set_bytes,261767168.0
1776462433.63,ad,ad::service,pod_restart_count,k8s_container_restarts,3.0
1776462433.63,ad,ad::service,pod_running_count,k8s_container_ready,3.0
1776462433.63,cart,cart-7c7496d7f-th7mc,cpu_usage,container_cpu_usage,0.05325379965301109
1776462433.63,cart,cart-7c7496d7f-th7mc,memory_usage,container_memory_working_set_bytes,63053824.0
1776462433.63,cart,cart::service,pod_restart_count,k8s_container_restarts,1.0
1776462433.63,cart,cart::service,pod_running_count,k8s_container_ready,1.0
1776462433.63,cart,f1f3afac-3031-4c18-925a-048232421d89,dependency_error_ratio,trace_client_error_ratio,0.0
1776462433.63,cart,f1f3afac-3031-4c18-925a-048232421d89,error_ratio,trace_server_error_ratio,0.0
1776462433.63,cart,f1f3afac-3031-4c18-925a-048232421d89,latency_p95,trace_server_latency_p95,1.9952506596306068
1776462433.63,cart,f1f3afac-3031-4c18-925a-048232421d89,request_count,trace_server_count,199.0
1776462433.63,checkout,4755bdbd-5ad9-49fa-acb7-3a7dcb6a9277,dependency_error_ratio,trace_client_error_ratio,0.0
1776462433.63,checkout,4755bdbd-5ad9-49fa-acb7-3a7dcb6a9277,error_ratio,trace_server_error_ratio,0.0
1776462433.63,checkout,4755bdbd-5ad9-49fa-acb7-3a7dcb6a9277,latency_p95,trace_server_latency_p95,210.00000000000037
1776462433.63,checkout,4755bdbd-5ad9-49fa-acb7-3a7dcb6a9277,request_count,trace_server_count,15.7
1776462433.63,checkout,bb49e6b9-109a-41b8-be66-ab2a38272474,dependency_error_ratio,trace_client_error_ratio,0.0
1776462433.63,checkout,bb49e6b9-109a-41b8-be66-ab2a38272474,error_ratio,trace_server_error_ratio,0.0
1776462433.63,checkout,bb49e6b9-109a-41b8-be66-ab2a38272474,request_count,trace_server_count,0.0
1776462433.63,checkout,bc5804df-6f63-4261-8788-8ecfe5481366,dependency_error_ratio,trace_client_error_ratio,0.0
1776462433.63,checkout,bc5804df-6f63-4261-8788-8ecfe5481366,error_ratio,trace_server_error_ratio,0.0
1776462433.63,checkout,bc5804df-6f63-4261-8788-8ecfe5481366,latency_p95,trace_server_latency_p95,48.949999999999996
1776462433.63,checkout,bc5804df-6f63-4261-8788-8ecfe5481366,request_count,trace_server_count,8.2
1776462433.63,checkout,checkout-7f4ccfc547-6crwh,cpu_usage,container_cpu_usage,0.14528740786240704
1776462433.63,checkout,checkout-7f4ccfc547-6crwh,memory_usage,container_memory_working_set_bytes,14577664.0
1776462433.63,checkout,checkout-7f4ccfc547-ftx2n,cpu_usage,container_cpu_usage,0.0004846772491734883
1776462433.63,checkout,checkout-7f4ccfc547-ftx2n,memory_usage,container_memory_working_set_bytes,12206080.0
1776462433.63,checkout,checkout-7f4ccfc547-qlfgr,cpu_usage,container_cpu_usage,0.04777991997941003
1776462433.63,checkout,checkout-7f4ccfc547-qlfgr,memory_usage,container_memory_working_set_bytes,14782464.0
1776462433.63,checkout,checkout::service,pod_restart_count,k8s_container_restarts,45.0
1776462433.63,checkout,checkout::service,pod_running_count,k8s_container_ready,3.0
1776462433.63,email,email-5dcf48b665-66zvj,cpu_usage,container_cpu_usage,0.015494952819837786
1776462433.63,email,email-5dcf48b665-66zvj,memory_usage,container_memory_working_set_bytes,59531264.0
1776462433.63,email,email-5dcf48b665-9xxmx,cpu_usage,container_cpu_usage,0.003218649999999457
1776462433.63,email,email-5dcf48b665-9xxmx,memory_usage,container_memory_working_set_bytes,56205312.0
1776462433.63,email,email-5dcf48b665-n4zf2,cpu_usage,container_cpu_usage,0.0006147672152249186
1776462433.63,email,email-5dcf48b665-n4zf2,memory_usage,container_memory_working_set_bytes,54530048.0
1776462433.63,email,email::service,pod_restart_count,k8s_container_restarts,9.0
1776462433.63,email,email::service,pod_running_count,k8s_container_ready,3.0
1776462433.63,email,otel-demo.email-5dcf48b665-66zvj.email,error_ratio,trace_server_error_ratio,0.0
1776462433.63,email,otel-demo.email-5dcf48b665-66zvj.email,latency_p95,trace_server_latency_p95,5.418749999999999
1776462433.63,email,otel-demo.email-5dcf48b665-66zvj.email,request_count,trace_server_count,17.3
1776462433.63,email,otel-demo.email-5dcf48b665-9xxmx.email,error_ratio,trace_server_error_ratio,0.0
1776462433.63,email,otel-demo.email-5dcf48b665-9xxmx.email,latency_p95,trace_server_latency_p95,5.683333333333333
1776462433.63,email,otel-demo.email-5dcf48b665-9xxmx.email,request_count,trace_server_count,5.8
1776462433.63,email,otel-demo.email-5dcf48b665-n4zf2.email,error_ratio,trace_server_error_ratio,0.0
1776462433.63,email,otel-demo.email-5dcf48b665-n4zf2.email,latency_p95,trace_server_latency_p95,5.699999999999999
1776462433.63,email,otel-demo.email-5dcf48b665-n4zf2.email,request_count,trace_server_count,0.6
1776462433.63,frontend,frontend-b78bf7696-6bjdg,cpu_usage,container_cpu_usage,0.08395977499999391
1776462433.63,frontend,frontend-b78bf7696-6bjdg,memory_usage,container_memory_working_set_bytes,118644736.0
1776462433.63,frontend,frontend-b78bf7696-77ldd,cpu_usage,container_cpu_usage,0.08016231298763232
1776462433.63,frontend,frontend-b78bf7696-77ldd,memory_usage,container_memory_working_set_bytes,109907968.0
1776462433.63,frontend,frontend-b78bf7696-p9kqx,cpu_usage,container_cpu_usage,0.07291102557052329
1776462433.63,frontend,frontend-b78bf7696-p9kqx,memory_usage,container_memory_working_set_bytes,118931456.0
1776462433.63,frontend,frontend::service,pod_restart_count,k8s_container_restarts,3.0
1776462433.63,frontend,frontend::service,pod_running_count,k8s_container_ready,3.0
1776462433.63,frontend,otel-demo.frontend-b78bf7696-6bjdg.frontend,dependency_error_ratio,trace_client_error_ratio,0.0
1776462433.63,frontend,otel-demo.frontend-b78bf7696-6bjdg.frontend,error_ratio,trace_server_error_ratio,0.0
1776462433.63,frontend,otel-demo.frontend-b78bf7696-6bjdg.frontend,http_5xx_ratio,http_server_5xx_ratio,0.0
1776462433.63,frontend,otel-demo.frontend-b78bf7696-6bjdg.frontend,latency_p95,trace_server_latency_p95,42.41473396998636
1776462433.63,frontend,otel-demo.frontend-b78bf7696-6bjdg.frontend,request_count,trace_server_count,338.0
1776462433.63,frontend,otel-demo.frontend-b78bf7696-77ldd.frontend,dependency_error_ratio,trace_client_error_ratio,0.0
1776462433.63,frontend,otel-demo.frontend-b78bf7696-77ldd.frontend,error_ratio,trace_server_error_ratio,0.0
1776462433.63,frontend,otel-demo.frontend-b78bf7696-77ldd.frontend,http_5xx_ratio,http_server_5xx_ratio,0.0
1776462433.63,frontend,otel-demo.frontend-b78bf7696-77ldd.frontend,latency_p95,trace_server_latency_p95,41.66218809980806
1776462433.63,frontend,otel-demo.frontend-b78bf7696-77ldd.frontend,request_count,trace_server_count,267.2
1776462433.63,frontend,otel-demo.frontend-b78bf7696-p9kqx.frontend,dependency_error_ratio,trace_client_error_ratio,0.0
1776462433.63,frontend,otel-demo.frontend-b78bf7696-p9kqx.frontend,error_ratio,trace_server_error_ratio,0.0
1776462433.63,frontend,otel-demo.frontend-b78bf7696-p9kqx.frontend,http_5xx_ratio,http_server_5xx_ratio,0.0
1776462433.63,frontend,otel-demo.frontend-b78bf7696-p9kqx.frontend,latency_p95,trace_server_latency_p95,42.96449704142012
1776462433.63,frontend,otel-demo.frontend-b78bf7696-p9kqx.frontend,request_count,trace_server_count,150.9
1776462433.63,kafka,kafka-66df8bdf76-zjcbb,cpu_usage,container_cpu_usage,0.013851697822878213
1776462433.63,kafka,kafka-66df8bdf76-zjcbb,memory_usage,container_memory_working_set_bytes,666009600.0
1776462433.63,kafka,kafka::service,pod_restart_count,k8s_container_restarts,9.0
1776462433.63,kafka,kafka::service,pod_running_count,k8s_container_ready,1.0
1776462433.63,kafka,kafka::service,queue_lag,queue_size_ratio,0.0
1776462433.63,payment,otel-demo.payment-f9f8d647b-74h8z.payment,dependency_error_ratio,trace_client_error_ratio,0.0
1776462433.63,payment,otel-demo.payment-f9f8d647b-74h8z.payment,error_ratio,trace_server_error_ratio,0.0
1776462433.63,payment,otel-demo.payment-f9f8d647b-74h8z.payment,request_count,trace_server_count,0.0
1776462433.63,payment,otel-demo.payment-f9f8d647b-75hmx.payment,dependency_error_ratio,trace_client_error_ratio,0.0
1776462433.63,payment,otel-demo.payment-f9f8d647b-75hmx.payment,error_ratio,trace_server_error_ratio,0.0
1776462433.63,payment,otel-demo.payment-f9f8d647b-75hmx.payment,request_count,trace_server_count,0.0
1776462433.63,payment,otel-demo.payment-f9f8d647b-tv6l5.payment,dependency_error_ratio,trace_client_error_ratio,0.0
1776462433.63,payment,otel-demo.payment-f9f8d647b-tv6l5.payment,error_ratio,trace_server_error_ratio,0.0
1776462433.63,payment,otel-demo.payment-f9f8d647b-tv6l5.payment,request_count,trace_server_count,0.0
1776462433.63,payment,payment-f9f8d647b-74h8z,cpu_usage,container_cpu_usage,0.011737503900156057
1776462433.63,payment,payment-f9f8d647b-74h8z,memory_usage,container_memory_working_set_bytes,110518272.0
1776462433.63,payment,payment-f9f8d647b-75hmx,cpu_usage,container_cpu_usage,0.013149667828359532
1776462433.63,payment,payment-f9f8d647b-75hmx,memory_usage,container_memory_working_set_bytes,110166016.0
1776462433.63,payment,payment-f9f8d647b-tv6l5,cpu_usage,container_cpu_usage,0.007150864135522009
1776462433.63,payment,payment-f9f8d647b-tv6l5,memory_usage,container_memory_working_set_bytes,99868672.0
1776462433.63,payment,payment::service,pod_restart_count,k8s_container_restarts,39.0
1776462433.63,payment,payment::service,pod_running_count,k8s_container_ready,3.0
1776462433.63,product-catalog,otel-demo.product-catalog-784544475c-7crs7.product-catalog,dependency_error_ratio,trace_client_error_ratio,0.0
1776462433.63,product-catalog,otel-demo.product-catalog-784544475c-7crs7.product-catalog,error_ratio,trace_server_error_ratio,0.0
1776462433.63,product-catalog,otel-demo.product-catalog-784544475c-7crs7.product-catalog,request_count,trace_server_count,0.0
1776462433.63,product-catalog,otel-demo.product-catalog-784544475c-8skc7.product-catalog,dependency_error_ratio,trace_client_error_ratio,0.0
1776462433.63,product-catalog,otel-demo.product-catalog-784544475c-8skc7.product-catalog,error_ratio,trace_server_error_ratio,0.0
1776462433.63,product-catalog,otel-demo.product-catalog-784544475c-8skc7.product-catalog,request_count,trace_server_count,0.0
1776462433.63,product-catalog,otel-demo.product-catalog-784544475c-stwzc.product-catalog,dependency_error_ratio,trace_client_error_ratio,0.0
1776462433.63,product-catalog,otel-demo.product-catalog-784544475c-stwzc.product-catalog,error_ratio,trace_server_error_ratio,0.0
1776462433.63,product-catalog,otel-demo.product-catalog-784544475c-stwzc.product-catalog,request_count,trace_server_count,0.0
1776462433.63,product-catalog,product-catalog-784544475c-7crs7,cpu_usage,container_cpu_usage,0.030701338184951993
1776462433.63,product-catalog,product-catalog-784544475c-7crs7,memory_usage,container_memory_working_set_bytes,14692352.0
1776462433.63,product-catalog,product-catalog-784544475c-8skc7,cpu_usage,container_cpu_usage,0.1149981189851236
1776462433.63,product-catalog,product-catalog-784544475c-8skc7,memory_usage,container_memory_working_set_bytes,15118336.0
1776462433.63,product-catalog,product-catalog-784544475c-stwzc,cpu_usage,container_cpu_usage,0.0005179224262876666
1776462433.63,product-catalog,product-catalog-784544475c-stwzc,memory_usage,container_memory_working_set_bytes,12636160.0
1776462433.63,product-catalog,product-catalog::service,pod_restart_count,k8s_container_restarts,37.0
1776462433.63,product-catalog,product-catalog::service,pod_running_count,k8s_container_ready,3.0
1776462433.63,recommendation,otel-demo.recommendation-5b46f7469c-g2rgb.recommendation,dependency_error_ratio,trace_client_error_ratio,0.0
1776462433.63,recommendation,otel-demo.recommendation-5b46f7469c-rjwxq.recommendation,dependency_error_ratio,trace_client_error_ratio,0.0
1776462433.63,recommendation,otel-demo.recommendation-5b46f7469c-rjwxq.recommendation,error_ratio,trace_server_error_ratio,0.0
1776462433.63,recommendation,otel-demo.recommendation-5b46f7469c-rjwxq.recommendation,latency_p95,trace_server_latency_p95,3.822222222222222
1776462433.63,recommendation,otel-demo.recommendation-5b46f7469c-rjwxq.recommendation,request_count,trace_server_count,6.4
1776462433.63,recommendation,otel-demo.recommendation-5b46f7469c-t2fm9.recommendation,dependency_error_ratio,trace_client_error_ratio,0.0
1776462433.63,recommendation,otel-demo.recommendation-5b46f7469c-t2fm9.recommendation,error_ratio,trace_server_error_ratio,0.0
1776462433.63,recommendation,otel-demo.recommendation-5b46f7469c-t2fm9.recommendation,latency_p95,trace_server_latency_p95,3.9230769230769234
1776462433.63,recommendation,otel-demo.recommendation-5b46f7469c-t2fm9.recommendation,request_count,trace_server_count,26.0
1776462433.63,recommendation,recommendation-5b46f7469c-g2rgb,cpu_usage,container_cpu_usage,0.008110533333334993
1776462433.63,recommendation,recommendation-5b46f7469c-g2rgb,memory_usage,container_memory_working_set_bytes,46891008.0
1776462433.63,recommendation,recommendation-5b46f7469c-rjwxq,cpu_usage,container_cpu_usage,0.01997869615223552
1776462433.63,recommendation,recommendation-5b46f7469c-rjwxq,memory_usage,container_memory_working_set_bytes,47865856.0
1776462433.63,recommendation,recommendation-5b46f7469c-t2fm9,cpu_usage,container_cpu_usage,0.035451632830703204
1776462433.63,recommendation,recommendation-5b46f7469c-t2fm9,memory_usage,container_memory_working_set_bytes,52592640.0
1776462433.63,recommendation,recommendation::service,pod_restart_count,k8s_container_restarts,3.0
1776462433.63,recommendation,recommendation::service,pod_running_count,k8s_container_ready,3.0
1776462443.63,ad,3a8b9295-6ae2-4e8a-b9b0-a607d7fec0a4,dependency_error_ratio,trace_client_error_ratio,0.0
1776462443.63,ad,3a8b9295-6ae2-4e8a-b9b0-a607d7fec0a4,error_ratio,trace_server_error_ratio,0.0
1776462443.63,ad,3a8b9295-6ae2-4e8a-b9b0-a607d7fec0a4,request_count,trace_server_count,0.0
1776462443.63,ad,5680c7ee-584c-4353-b6d2-93bc605a0324,dependency_error_ratio,trace_client_error_ratio,0.0
1776462443.63,ad,5680c7ee-584c-4353-b6d2-93bc605a0324,error_ratio,trace_server_error_ratio,0.0
1776462443.63,ad,5680c7ee-584c-4353-b6d2-93bc605a0324,request_count,trace_server_count,0.0
1776462443.63,ad,9f9a3c1c-bd3f-40ea-8764-b59f1ebd2204,dependency_error_ratio,trace_client_error_ratio,0.0
1776462443.63,ad,ad-7fb5b4f859-52ks9,cpu_usage,container_cpu_usage,0.0025495930175500796
1776462443.63,ad,ad-7fb5b4f859-52ks9,memory_usage,container_memory_working_set_bytes,260341760.0
1776462443.63,ad,ad-7fb5b4f859-rd4zw,cpu_usage,container_cpu_usage,0.001245071976725154
1776462443.63,ad,ad-7fb5b4f859-rd4zw,memory_usage,container_memory_working_set_bytes,238403584.0
1776462443.63,ad,ad-7fb5b4f859-zsstr,cpu_usage,container_cpu_usage,0.003991296393104844
1776462443.63,ad,ad-7fb5b4f859-zsstr,memory_usage,container_memory_working_set_bytes,261767168.0
1776462443.63,ad,ad::service,pod_restart_count,k8s_container_restarts,3.0
1776462443.63,ad,ad::service,pod_running_count,k8s_container_ready,3.0
1776462443.63,cart,cart-7c7496d7f-th7mc,cpu_usage,container_cpu_usage,0.06917225757190584
1776462443.63,cart,cart-7c7496d7f-th7mc,memory_usage,container_memory_working_set_bytes,63053824.0
1776462443.63,cart,cart::service,pod_restart_count,k8s_container_restarts,1.0
1776462443.63,cart,cart::service,pod_running_count,k8s_container_ready,1.0
1776462443.63,cart,f1f3afac-3031-4c18-925a-048232421d89,dependency_error_ratio,trace_client_error_ratio,0.0
1776462443.63,cart,f1f3afac-3031-4c18-925a-048232421d89,error_ratio,trace_server_error_ratio,0.0
1776462443.63,cart,f1f3afac-3031-4c18-925a-048232421d89,request_count,trace_server_count,0.0
1776462443.63,checkout,4755bdbd-5ad9-49fa-acb7-3a7dcb6a9277,dependency_error_ratio,trace_client_error_ratio,0.0
1776462443.63,checkout,4755bdbd-5ad9-49fa-acb7-3a7dcb6a9277,error_ratio,trace_server_error_ratio,0.0
1776462443.63,checkout,4755bdbd-5ad9-49fa-acb7-3a7dcb6a9277,request_count,trace_server_count,0.0
1776462443.63,checkout,bb49e6b9-109a-41b8-be66-ab2a38272474,dependency_error_ratio,trace_client_error_ratio,0.0
1776462443.63,checkout,bb49e6b9-109a-41b8-be66-ab2a38272474,error_ratio,trace_server_error_ratio,0.0
1776462443.63,checkout,bb49e6b9-109a-41b8-be66-ab2a38272474,request_count,trace_server_count,0.0
1776462443.63,checkout,bc5804df-6f63-4261-8788-8ecfe5481366,dependency_error_ratio,trace_client_error_ratio,0.0
1776462443.63,checkout,bc5804df-6f63-4261-8788-8ecfe5481366,error_ratio,trace_server_error_ratio,0.0
1776462443.63,checkout,bc5804df-6f63-4261-8788-8ecfe5481366,request_count,trace_server_count,0.0
1776462443.63,checkout,checkout-7f4ccfc547-6crwh,cpu_usage,container_cpu_usage,0.1546840065523984
1776462443.63,checkout,checkout-7f4ccfc547-6crwh,memory_usage,container_memory_working_set_bytes,14557184.0
1776462443.63,checkout,checkout-7f4ccfc547-ftx2n,cpu_usage,container_cpu_usage,0.0004890375129460968
1776462443.63,checkout,checkout-7f4ccfc547-ftx2n,memory_usage,container_memory_working_set_bytes,12206080.0
1776462443.63,checkout,checkout-7f4ccfc547-qlfgr,cpu_usage,container_cpu_usage,0.04777991997941003
1776462443.63,checkout,checkout-7f4ccfc547-qlfgr,memory_usage,container_memory_working_set_bytes,14782464.0
1776462443.63,checkout,checkout::service,pod_restart_count,k8s_container_restarts,45.0
1776462443.63,checkout,checkout::service,pod_running_count,k8s_container_ready,3.0
1776462443.63,email,email-5dcf48b665-66zvj,cpu_usage,container_cpu_usage,0.01255782247147642
1776462443.63,email,email-5dcf48b665-66zvj,memory_usage,container_memory_working_set_bytes,59502592.0
1776462443.63,email,email-5dcf48b665-9xxmx,cpu_usage,container_cpu_usage,0.007159179365393655
1776462443.63,email,email-5dcf48b665-9xxmx,memory_usage,container_memory_working_set_bytes,56332288.0
1776462443.63,email,email-5dcf48b665-n4zf2,cpu_usage,container_cpu_usage,0.0006911634413620628
1776462443.63,email,email-5dcf48b665-n4zf2,memory_usage,container_memory_working_set_bytes,54530048.0
1776462443.63,email,email::service,pod_restart_count,k8s_container_restarts,9.0
1776462443.63,email,email::service,pod_running_count,k8s_container_ready,3.0
1776462443.63,email,otel-demo.email-5dcf48b665-66zvj.email,error_ratio,trace_server_error_ratio,0.0
1776462443.63,email,otel-demo.email-5dcf48b665-66zvj.email,request_count,trace_server_count,0.0
1776462443.63,email,otel-demo.email-5dcf48b665-9xxmx.email,error_ratio,trace_server_error_ratio,0.0
1776462443.63,email,otel-demo.email-5dcf48b665-9xxmx.email,request_count,trace_server_count,0.0
1776462443.63,email,otel-demo.email-5dcf48b665-n4zf2.email,error_ratio,trace_server_error_ratio,0.0
1776462443.63,email,otel-demo.email-5dcf48b665-n4zf2.email,request_count,trace_server_count,0.0
1776462443.63,frontend,frontend-b78bf7696-6bjdg,cpu_usage,container_cpu_usage,0.11990603317253239
1776462443.63,frontend,frontend-b78bf7696-6bjdg,memory_usage,container_memory_working_set_bytes,118009856.0
1776462443.63,frontend,frontend-b78bf7696-77ldd,cpu_usage,container_cpu_usage,0.09041724393551877
1776462443.63,frontend,frontend-b78bf7696-77ldd,memory_usage,container_memory_working_set_bytes,109907968.0
1776462443.63,frontend,frontend-b78bf7696-p9kqx,cpu_usage,container_cpu_usage,0.08236586569096806
1776462443.63,frontend,frontend-b78bf7696-p9kqx,memory_usage,container_memory_working_set_bytes,117694464.0
1776462443.63,frontend,frontend::service,pod_restart_count,k8s_container_restarts,3.0
1776462443.63,frontend,frontend::service,pod_running_count,k8s_container_ready,3.0
1776462443.63,frontend,otel-demo.frontend-b78bf7696-6bjdg.frontend,dependency_error_ratio,trace_client_error_ratio,0.0
1776462443.63,frontend,otel-demo.frontend-b78bf7696-6bjdg.frontend,error_ratio,trace_server_error_ratio,0.0
1776462443.63,frontend,otel-demo.frontend-b78bf7696-6bjdg.frontend,http_5xx_ratio,http_server_5xx_ratio,0.0
1776462443.63,frontend,otel-demo.frontend-b78bf7696-6bjdg.frontend,request_count,trace_server_count,0.0
1776462443.63,frontend,otel-demo.frontend-b78bf7696-77ldd.frontend,dependency_error_ratio,trace_client_error_ratio,0.0
1776462443.63,frontend,otel-demo.frontend-b78bf7696-77ldd.frontend,error_ratio,trace_server_error_ratio,0.0
1776462443.63,frontend,otel-demo.frontend-b78bf7696-77ldd.frontend,http_5xx_ratio,http_server_5xx_ratio,0.0
1776462443.63,frontend,otel-demo.frontend-b78bf7696-77ldd.frontend,request_count,trace_server_count,0.0
1776462443.63,frontend,otel-demo.frontend-b78bf7696-p9kqx.frontend,dependency_error_ratio,trace_client_error_ratio,0.0
1776462443.63,frontend,otel-demo.frontend-b78bf7696-p9kqx.frontend,error_ratio,trace_server_error_ratio,0.0
1776462443.63,frontend,otel-demo.frontend-b78bf7696-p9kqx.frontend,http_5xx_ratio,http_server_5xx_ratio,0.0
1776462443.63,frontend,otel-demo.frontend-b78bf7696-p9kqx.frontend,request_count,trace_server_count,0.0
1776462443.63,kafka,kafka-66df8bdf76-zjcbb,cpu_usage,container_cpu_usage,0.015419804991501458
1776462443.63,kafka,kafka-66df8bdf76-zjcbb,memory_usage,container_memory_working_set_bytes,666058752.0
1776462443.63,kafka,kafka::service,pod_restart_count,k8s_container_restarts,9.0
1776462443.63,kafka,kafka::service,pod_running_count,k8s_container_ready,1.0
1776462443.63,kafka,kafka::service,queue_lag,queue_size_ratio,0.0
1776462443.63,payment,otel-demo.payment-f9f8d647b-74h8z.payment,dependency_error_ratio,trace_client_error_ratio,0.0
1776462443.63,payment,otel-demo.payment-f9f8d647b-74h8z.payment,error_ratio,trace_server_error_ratio,0.0
1776462443.63,payment,otel-demo.payment-f9f8d647b-74h8z.payment,request_count,trace_server_count,0.0
1776462443.63,payment,otel-demo.payment-f9f8d647b-75hmx.payment,dependency_error_ratio,trace_client_error_ratio,0.0
1776462443.63,payment,otel-demo.payment-f9f8d647b-75hmx.payment,error_ratio,trace_server_error_ratio,0.0
1776462443.63,payment,otel-demo.payment-f9f8d647b-75hmx.payment,request_count,trace_server_count,0.0
1776462443.63,payment,otel-demo.payment-f9f8d647b-tv6l5.payment,dependency_error_ratio,trace_client_error_ratio,0.0
1776462443.63,payment,otel-demo.payment-f9f8d647b-tv6l5.payment,error_ratio,trace_server_error_ratio,0.0
1776462443.63,payment,otel-demo.payment-f9f8d647b-tv6l5.payment,request_count,trace_server_count,0.0
1776462443.63,payment,payment-f9f8d647b-74h8z,cpu_usage,container_cpu_usage,0.011104728724986256
1776462443.63,payment,payment-f9f8d647b-74h8z,memory_usage,container_memory_working_set_bytes,110518272.0
1776462443.63,payment,payment-f9f8d647b-75hmx,cpu_usage,container_cpu_usage,0.013149667828359532
1776462443.63,payment,payment-f9f8d647b-75hmx,memory_usage,container_memory_working_set_bytes,110166016.0
1776462443.63,payment,payment-f9f8d647b-tv6l5,cpu_usage,container_cpu_usage,0.007150864135522009
1776462443.63,payment,payment-f9f8d647b-tv6l5,memory_usage,container_memory_working_set_bytes,99868672.0
1776462443.63,payment,payment::service,pod_restart_count,k8s_container_restarts,39.0
1776462443.63,payment,payment::service,pod_running_count,k8s_container_ready,3.0
1776462443.63,product-catalog,otel-demo.product-catalog-784544475c-7crs7.product-catalog,dependency_error_ratio,trace_client_error_ratio,0.0
1776462443.63,product-catalog,otel-demo.product-catalog-784544475c-7crs7.product-catalog,error_ratio,trace_server_error_ratio,0.0
1776462443.63,product-catalog,otel-demo.product-catalog-784544475c-7crs7.product-catalog,request_count,trace_server_count,0.0
1776462443.63,product-catalog,otel-demo.product-catalog-784544475c-8skc7.product-catalog,dependency_error_ratio,trace_client_error_ratio,0.0
1776462443.63,product-catalog,otel-demo.product-catalog-784544475c-8skc7.product-catalog,error_ratio,trace_server_error_ratio,0.0
1776462443.63,product-catalog,otel-demo.product-catalog-784544475c-8skc7.product-catalog,request_count,trace_server_count,0.0
1776462443.63,product-catalog,otel-demo.product-catalog-784544475c-stwzc.product-catalog,dependency_error_ratio,trace_client_error_ratio,0.0
1776462443.63,product-catalog,otel-demo.product-catalog-784544475c-stwzc.product-catalog,error_ratio,trace_server_error_ratio,0.0
1776462443.63,product-catalog,otel-demo.product-catalog-784544475c-stwzc.product-catalog,request_count,trace_server_count,0.0
1776462443.63,product-catalog,product-catalog-784544475c-7crs7,cpu_usage,container_cpu_usage,0.03266386460643787
1776462443.63,product-catalog,product-catalog-784544475c-7crs7,memory_usage,container_memory_working_set_bytes,14671872.0
1776462443.63,product-catalog,product-catalog-784544475c-8skc7,cpu_usage,container_cpu_usage,0.11488014508390178
1776462443.63,product-catalog,product-catalog-784544475c-8skc7,memory_usage,container_memory_working_set_bytes,14692352.0
1776462443.63,product-catalog,product-catalog-784544475c-stwzc,cpu_usage,container_cpu_usage,0.0005179224262876666
1776462443.63,product-catalog,product-catalog-784544475c-stwzc,memory_usage,container_memory_working_set_bytes,12636160.0
1776462443.63,product-catalog,product-catalog::service,pod_restart_count,k8s_container_restarts,37.0
1776462443.63,product-catalog,product-catalog::service,pod_running_count,k8s_container_ready,3.0
1776462443.63,recommendation,otel-demo.recommendation-5b46f7469c-g2rgb.recommendation,dependency_error_ratio,trace_client_error_ratio,0.0
1776462443.63,recommendation,otel-demo.recommendation-5b46f7469c-rjwxq.recommendation,dependency_error_ratio,trace_client_error_ratio,0.0
1776462443.63,recommendation,otel-demo.recommendation-5b46f7469c-rjwxq.recommendation,error_ratio,trace_server_error_ratio,0.0
1776462443.63,recommendation,otel-demo.recommendation-5b46f7469c-rjwxq.recommendation,request_count,trace_server_count,0.0
1776462443.63,recommendation,otel-demo.recommendation-5b46f7469c-t2fm9.recommendation,dependency_error_ratio,trace_client_error_ratio,0.0
1776462443.63,recommendation,otel-demo.recommendation-5b46f7469c-t2fm9.recommendation,error_ratio,trace_server_error_ratio,0.0
1776462443.63,recommendation,otel-demo.recommendation-5b46f7469c-t2fm9.recommendation,request_count,trace_server_count,0.0
1776462443.63,recommendation,recommendation-5b46f7469c-g2rgb,cpu_usage,container_cpu_usage,0.008256035944685462
1776462443.63,recommendation,recommendation-5b46f7469c-g2rgb,memory_usage,container_memory_working_set_bytes,46891008.0
1776462443.63,recommendation,recommendation-5b46f7469c-rjwxq,cpu_usage,container_cpu_usage,0.019321940318129675
1776462443.63,recommendation,recommendation-5b46f7469c-rjwxq,memory_usage,container_memory_working_set_bytes,47865856.0
1776462443.63,recommendation,recommendation-5b46f7469c-t2fm9,cpu_usage,container_cpu_usage,0.033617623754901224
1776462443.63,recommendation,recommendation-5b46f7469c-t2fm9,memory_usage,container_memory_working_set_bytes,52510720.0
1776462443.63,recommendation,recommendation::service,pod_restart_count,k8s_container_restarts,3.0
1776462443.63,recommendation,recommendation::service,pod_running_count,k8s_container_ready,3.0
1776462453.63,ad,3a8b9295-6ae2-4e8a-b9b0-a607d7fec0a4,dependency_error_ratio,trace_client_error_ratio,0.0
1776462453.63,ad,3a8b9295-6ae2-4e8a-b9b0-a607d7fec0a4,error_ratio,trace_server_error_ratio,0.0
1776462453.63,ad,3a8b9295-6ae2-4e8a-b9b0-a607d7fec0a4,request_count,trace_server_count,0.0
1776462453.63,ad,5680c7ee-584c-4353-b6d2-93bc605a0324,dependency_error_ratio,trace_client_error_ratio,0.0
1776462453.63,ad,5680c7ee-584c-4353-b6d2-93bc605a0324,error_ratio,trace_server_error_ratio,0.0
1776462453.63,ad,5680c7ee-584c-4353-b6d2-93bc605a0324,request_count,trace_server_count,0.0
1776462453.63,ad,9f9a3c1c-bd3f-40ea-8764-b59f1ebd2204,dependency_error_ratio,trace_client_error_ratio,0.0
1776462453.63,ad,ad-7fb5b4f859-52ks9,cpu_usage,container_cpu_usage,0.002630803923171592
1776462453.63,ad,ad-7fb5b4f859-52ks9,memory_usage,container_memory_working_set_bytes,260341760.0
1776462453.63,ad,ad-7fb5b4f859-rd4zw,cpu_usage,container_cpu_usage,0.0010465798353690152
1776462453.63,ad,ad-7fb5b4f859-rd4zw,memory_usage,container_memory_working_set_bytes,238403584.0
1776462453.63,ad,ad-7fb5b4f859-zsstr,cpu_usage,container_cpu_usage,0.004002363024670361
1776462453.63,ad,ad-7fb5b4f859-zsstr,memory_usage,container_memory_working_set_bytes,261767168.0
1776462453.63,ad,ad::service,pod_restart_count,k8s_container_restarts,3.0
1776462453.63,ad,ad::service,pod_running_count,k8s_container_ready,3.0
1776462453.63,cart,cart-7c7496d7f-th7mc,cpu_usage,container_cpu_usage,0.06437422466059871
1776462453.63,cart,cart-7c7496d7f-th7mc,memory_usage,container_memory_working_set_bytes,63127552.0
1776462453.63,cart,cart::service,pod_restart_count,k8s_container_restarts,1.0
1776462453.63,cart,cart::service,pod_running_count,k8s_container_ready,1.0
1776462453.63,cart,f1f3afac-3031-4c18-925a-048232421d89,dependency_error_ratio,trace_client_error_ratio,0.0
1776462453.63,cart,f1f3afac-3031-4c18-925a-048232421d89,error_ratio,trace_server_error_ratio,0.0
1776462453.63,cart,f1f3afac-3031-4c18-925a-048232421d89,request_count,trace_server_count,0.0
1776462453.63,checkout,4755bdbd-5ad9-49fa-acb7-3a7dcb6a9277,dependency_error_ratio,trace_client_error_ratio,0.0
1776462453.63,checkout,4755bdbd-5ad9-49fa-acb7-3a7dcb6a9277,error_ratio,trace_server_error_ratio,0.0
1776462453.63,checkout,4755bdbd-5ad9-49fa-acb7-3a7dcb6a9277,request_count,trace_server_count,0.0
1776462453.63,checkout,bb49e6b9-109a-41b8-be66-ab2a38272474,dependency_error_ratio,trace_client_error_ratio,0.0
1776462453.63,checkout,bb49e6b9-109a-41b8-be66-ab2a38272474,error_ratio,trace_server_error_ratio,0.0
1776462453.63,checkout,bb49e6b9-109a-41b8-be66-ab2a38272474,request_count,trace_server_count,0.0
1776462453.63,checkout,bc5804df-6f63-4261-8788-8ecfe5481366,dependency_error_ratio,trace_client_error_ratio,0.0
1776462453.63,checkout,bc5804df-6f63-4261-8788-8ecfe5481366,error_ratio,trace_server_error_ratio,0.0
1776462453.63,checkout,bc5804df-6f63-4261-8788-8ecfe5481366,request_count,trace_server_count,0.0
1776462453.63,checkout,checkout-7f4ccfc547-6crwh,cpu_usage,container_cpu_usage,0.15745695710222363
1776462453.63,checkout,checkout-7f4ccfc547-6crwh,memory_usage,container_memory_working_set_bytes,14557184.0
1776462453.63,checkout,checkout-7f4ccfc547-ftx2n,cpu_usage,container_cpu_usage,0.0004900743040922745
1776462453.63,checkout,checkout-7f4ccfc547-ftx2n,memory_usage,container_memory_working_set_bytes,12206080.0
1776462453.63,checkout,checkout-7f4ccfc547-qlfgr,cpu_usage,container_cpu_usage,0.03233524441762266
1776462453.63,checkout,checkout-7f4ccfc547-qlfgr,memory_usage,container_memory_working_set_bytes,14753792.0
1776462453.63,checkout,checkout::service,pod_restart_count,k8s_container_restarts,45.0
1776462453.63,checkout,checkout::service,pod_running_count,k8s_container_ready,3.0
1776462453.63,email,email-5dcf48b665-66zvj,cpu_usage,container_cpu_usage,0.0120447181008906
1776462453.63,email,email-5dcf48b665-66zvj,memory_usage,container_memory_working_set_bytes,59502592.0
1776462453.63,email,email-5dcf48b665-9xxmx,cpu_usage,container_cpu_usage,0.00913699587040054
1776462453.63,email,email-5dcf48b665-9xxmx,memory_usage,container_memory_working_set_bytes,56295424.0
1776462453.63,email,email-5dcf48b665-n4zf2,cpu_usage,container_cpu_usage,0.000358417593932893
1776462453.63,email,email-5dcf48b665-n4zf2,memory_usage,container_memory_working_set_bytes,54530048.0
1776462453.63,email,email::service,pod_restart_count,k8s_container_restarts,9.0
1776462453.63,email,email::service,pod_running_count,k8s_container_ready,3.0
1776462453.63,email,otel-demo.email-5dcf48b665-66zvj.email,error_ratio,trace_server_error_ratio,0.0
1776462453.63,email,otel-demo.email-5dcf48b665-66zvj.email,request_count,trace_server_count,0.0
1776462453.63,email,otel-demo.email-5dcf48b665-9xxmx.email,error_ratio,trace_server_error_ratio,0.0
1776462453.63,email,otel-demo.email-5dcf48b665-9xxmx.email,request_count,trace_server_count,0.0
1776462453.63,email,otel-demo.email-5dcf48b665-n4zf2.email,error_ratio,trace_server_error_ratio,0.0
1776462453.63,email,otel-demo.email-5dcf48b665-n4zf2.email,request_count,trace_server_count,0.0
1776462453.63,frontend,frontend-b78bf7696-6bjdg,cpu_usage,container_cpu_usage,0.09232226981984136
1776462453.63,frontend,frontend-b78bf7696-6bjdg,memory_usage,container_memory_working_set_bytes,118009856.0
1776462453.63,frontend,frontend-b78bf7696-77ldd,cpu_usage,container_cpu_usage,0.0834978777079498
1776462453.63,frontend,frontend-b78bf7696-77ldd,memory_usage,container_memory_working_set_bytes,109961216.0
1776462453.63,frontend,frontend-b78bf7696-p9kqx,cpu_usage,container_cpu_usage,0.08103513953963325
1776462453.63,frontend,frontend-b78bf7696-p9kqx,memory_usage,container_memory_working_set_bytes,117780480.0
1776462453.63,frontend,frontend::service,pod_restart_count,k8s_container_restarts,3.0
1776462453.63,frontend,frontend::service,pod_running_count,k8s_container_ready,3.0
1776462453.63,frontend,otel-demo.frontend-b78bf7696-6bjdg.frontend,dependency_error_ratio,trace_client_error_ratio,0.0
1776462453.63,frontend,otel-demo.frontend-b78bf7696-6bjdg.frontend,error_ratio,trace_server_error_ratio,0.0
1776462453.63,frontend,otel-demo.frontend-b78bf7696-6bjdg.frontend,http_5xx_ratio,http_server_5xx_ratio,0.0
1776462453.63,frontend,otel-demo.frontend-b78bf7696-6bjdg.frontend,request_count,trace_server_count,0.0
1776462453.63,frontend,otel-demo.frontend-b78bf7696-77ldd.frontend,dependency_error_ratio,trace_client_error_ratio,0.0
1776462453.63,frontend,otel-demo.frontend-b78bf7696-77ldd.frontend,error_ratio,trace_server_error_ratio,0.0
1776462453.63,frontend,otel-demo.frontend-b78bf7696-77ldd.frontend,http_5xx_ratio,http_server_5xx_ratio,0.0
1776462453.63,frontend,otel-demo.frontend-b78bf7696-77ldd.frontend,request_count,trace_server_count,0.0
1776462453.63,frontend,otel-demo.frontend-b78bf7696-p9kqx.frontend,dependency_error_ratio,trace_client_error_ratio,0.0
1776462453.63,frontend,otel-demo.frontend-b78bf7696-p9kqx.frontend,error_ratio,trace_server_error_ratio,0.0
1776462453.63,frontend,otel-demo.frontend-b78bf7696-p9kqx.frontend,http_5xx_ratio,http_server_5xx_ratio,0.0
1776462453.63,frontend,otel-demo.frontend-b78bf7696-p9kqx.frontend,request_count,trace_server_count,0.0
1776462453.63,kafka,kafka-66df8bdf76-zjcbb,cpu_usage,container_cpu_usage,0.015419804991501458
1776462453.63,kafka,kafka-66df8bdf76-zjcbb,memory_usage,container_memory_working_set_bytes,666058752.0
1776462453.63,kafka,kafka::service,pod_restart_count,k8s_container_restarts,9.0
1776462453.63,kafka,kafka::service,pod_running_count,k8s_container_ready,1.0
1776462453.63,kafka,kafka::service,queue_lag,queue_size_ratio,0.0
1776462453.63,payment,otel-demo.payment-f9f8d647b-74h8z.payment,dependency_error_ratio,trace_client_error_ratio,0.0
1776462453.63,payment,otel-demo.payment-f9f8d647b-74h8z.payment,error_ratio,trace_server_error_ratio,0.0
1776462453.63,payment,otel-demo.payment-f9f8d647b-74h8z.payment,request_count,trace_server_count,0.0
1776462453.63,payment,otel-demo.payment-f9f8d647b-75hmx.payment,dependency_error_ratio,trace_client_error_ratio,0.0
1776462453.63,payment,otel-demo.payment-f9f8d647b-75hmx.payment,error_ratio,trace_server_error_ratio,0.0
1776462453.63,payment,otel-demo.payment-f9f8d647b-75hmx.payment,request_count,trace_server_count,0.0
1776462453.63,payment,otel-demo.payment-f9f8d647b-tv6l5.payment,dependency_error_ratio,trace_client_error_ratio,0.0
1776462453.63,payment,otel-demo.payment-f9f8d647b-tv6l5.payment,error_ratio,trace_server_error_ratio,0.0
1776462453.63,payment,otel-demo.payment-f9f8d647b-tv6l5.payment,request_count,trace_server_count,0.0
1776462453.63,payment,payment-f9f8d647b-74h8z,cpu_usage,container_cpu_usage,0.010922004809794553
1776462453.63,payment,payment-f9f8d647b-74h8z,memory_usage,container_memory_working_set_bytes,110518272.0
1776462453.63,payment,payment-f9f8d647b-75hmx,cpu_usage,container_cpu_usage,0.0135915485218154
1776462453.63,payment,payment-f9f8d647b-75hmx,memory_usage,container_memory_working_set_bytes,109907968.0
1776462453.63,payment,payment-f9f8d647b-tv6l5,cpu_usage,container_cpu_usage,0.006422110355134505
1776462453.63,payment,payment-f9f8d647b-tv6l5,memory_usage,container_memory_working_set_bytes,99868672.0
1776462453.63,payment,payment::service,pod_restart_count,k8s_container_restarts,39.0
1776462453.63,payment,payment::service,pod_running_count,k8s_container_ready,3.0
1776462453.63,product-catalog,otel-demo.product-catalog-784544475c-7crs7.product-catalog,dependency_error_ratio,trace_client_error_ratio,0.0
1776462453.63,product-catalog,otel-demo.product-catalog-784544475c-7crs7.product-catalog,error_ratio,trace_server_error_ratio,0.0
1776462453.63,product-catalog,otel-demo.product-catalog-784544475c-7crs7.product-catalog,request_count,trace_server_count,0.0
1776462453.63,product-catalog,otel-demo.product-catalog-784544475c-8skc7.product-catalog,dependency_error_ratio,trace_client_error_ratio,0.0
1776462453.63,product-catalog,otel-demo.product-catalog-784544475c-8skc7.product-catalog,error_ratio,trace_server_error_ratio,0.0
1776462453.63,product-catalog,otel-demo.product-catalog-784544475c-8skc7.product-catalog,request_count,trace_server_count,0.0
1776462453.63,product-catalog,otel-demo.product-catalog-784544475c-stwzc.product-catalog,dependency_error_ratio,trace_client_error_ratio,0.0
1776462453.63,product-catalog,otel-demo.product-catalog-784544475c-stwzc.product-catalog,error_ratio,trace_server_error_ratio,0.0
1776462453.63,product-catalog,otel-demo.product-catalog-784544475c-stwzc.product-catalog,request_count,trace_server_count,0.0
1776462453.63,product-catalog,product-catalog-784544475c-7crs7,cpu_usage,container_cpu_usage,0.032083576788680755
1776462453.63,product-catalog,product-catalog-784544475c-7crs7,memory_usage,container_memory_working_set_bytes,14737408.0
1776462453.63,product-catalog,product-catalog-784544475c-8skc7,cpu_usage,container_cpu_usage,0.07290794856223912
1776462453.63,product-catalog,product-catalog-784544475c-8skc7,memory_usage,container_memory_working_set_bytes,14692352.0
1776462453.63,product-catalog,product-catalog-784544475c-stwzc,cpu_usage,container_cpu_usage,0.00036634620413678384
1776462453.63,product-catalog,product-catalog-784544475c-stwzc,memory_usage,container_memory_working_set_bytes,12636160.0
1776462453.63,product-catalog,product-catalog::service,pod_restart_count,k8s_container_restarts,37.0
1776462453.63,product-catalog,product-catalog::service,pod_running_count,k8s_container_ready,3.0
1776462453.63,recommendation,otel-demo.recommendation-5b46f7469c-g2rgb.recommendation,dependency_error_ratio,trace_client_error_ratio,0.0
1776462453.63,recommendation,otel-demo.recommendation-5b46f7469c-rjwxq.recommendation,dependency_error_ratio,trace_client_error_ratio,0.0
1776462453.63,recommendation,otel-demo.recommendation-5b46f7469c-rjwxq.recommendation,error_ratio,trace_server_error_ratio,0.0
1776462453.63,recommendation,otel-demo.recommendation-5b46f7469c-rjwxq.recommendation,request_count,trace_server_count,0.0
1776462453.63,recommendation,otel-demo.recommendation-5b46f7469c-t2fm9.recommendation,dependency_error_ratio,trace_client_error_ratio,0.0
1776462453.63,recommendation,otel-demo.recommendation-5b46f7469c-t2fm9.recommendation,error_ratio,trace_server_error_ratio,0.0
1776462453.63,recommendation,otel-demo.recommendation-5b46f7469c-t2fm9.recommendation,request_count,trace_server_count,0.0
1776462453.63,recommendation,recommendation-5b46f7469c-g2rgb,cpu_usage,container_cpu_usage,0.008172703826762955
1776462453.63,recommendation,recommendation-5b46f7469c-g2rgb,memory_usage,container_memory_working_set_bytes,46891008.0
1776462453.63,recommendation,recommendation-5b46f7469c-rjwxq,cpu_usage,container_cpu_usage,0.01810761561894509
1776462453.63,recommendation,recommendation-5b46f7469c-rjwxq,memory_usage,container_memory_working_set_bytes,47865856.0
1776462453.63,recommendation,recommendation-5b46f7469c-t2fm9,cpu_usage,container_cpu_usage,0.03270378770695517
1776462453.63,recommendation,recommendation-5b46f7469c-t2fm9,memory_usage,container_memory_working_set_bytes,52510720.0
1776462453.63,recommendation,recommendation::service,pod_restart_count,k8s_container_restarts,3.0
1776462453.63,recommendation,recommendation::service,pod_running_count,k8s_container_ready,3.0
1776462463.63,ad,3a8b9295-6ae2-4e8a-b9b0-a607d7fec0a4,dependency_error_ratio,trace_client_error_ratio,0.0
1776462463.63,ad,3a8b9295-6ae2-4e8a-b9b0-a607d7fec0a4,error_ratio,trace_server_error_ratio,0.0
1776462463.63,ad,3a8b9295-6ae2-4e8a-b9b0-a607d7fec0a4,request_count,trace_server_count,0.0
1776462463.63,ad,5680c7ee-584c-4353-b6d2-93bc605a0324,dependency_error_ratio,trace_client_error_ratio,0.0
1776462463.63,ad,5680c7ee-584c-4353-b6d2-93bc605a0324,error_ratio,trace_server_error_ratio,0.0
1776462463.63,ad,5680c7ee-584c-4353-b6d2-93bc605a0324,request_count,trace_server_count,0.0
1776462463.63,ad,9f9a3c1c-bd3f-40ea-8764-b59f1ebd2204,dependency_error_ratio,trace_client_error_ratio,0.0
1776462463.63,ad,ad-7fb5b4f859-52ks9,cpu_usage,container_cpu_usage,0.0021283532588948573
1776462463.63,ad,ad-7fb5b4f859-52ks9,memory_usage,container_memory_working_set_bytes,260341760.0
1776462463.63,ad,ad-7fb5b4f859-rd4zw,cpu_usage,container_cpu_usage,0.001162484477367168
1776462463.63,ad,ad-7fb5b4f859-rd4zw,memory_usage,container_memory_working_set_bytes,238403584.0
1776462463.63,ad,ad-7fb5b4f859-zsstr,cpu_usage,container_cpu_usage,0.0037351593645223984
1776462463.63,ad,ad-7fb5b4f859-zsstr,memory_usage,container_memory_working_set_bytes,261767168.0
1776462463.63,ad,ad::service,pod_restart_count,k8s_container_restarts,3.0
1776462463.63,ad,ad::service,pod_running_count,k8s_container_ready,3.0
1776462463.63,cart,cart-7c7496d7f-th7mc,cpu_usage,container_cpu_usage,0.06207078776486585
1776462463.63,cart,cart-7c7496d7f-th7mc,memory_usage,container_memory_working_set_bytes,63127552.0
1776462463.63,cart,cart::service,pod_restart_count,k8s_container_restarts,1.0
1776462463.63,cart,cart::service,pod_running_count,k8s_container_ready,1.0
1776462463.63,cart,f1f3afac-3031-4c18-925a-048232421d89,dependency_error_ratio,trace_client_error_ratio,0.0
1776462463.63,cart,f1f3afac-3031-4c18-925a-048232421d89,error_ratio,trace_server_error_ratio,0.0
1776462463.63,cart,f1f3afac-3031-4c18-925a-048232421d89,request_count,trace_server_count,0.0
1776462463.63,checkout,4755bdbd-5ad9-49fa-acb7-3a7dcb6a9277,dependency_error_ratio,trace_client_error_ratio,0.0
1776462463.63,checkout,4755bdbd-5ad9-49fa-acb7-3a7dcb6a9277,error_ratio,trace_server_error_ratio,0.0
1776462463.63,checkout,4755bdbd-5ad9-49fa-acb7-3a7dcb6a9277,request_count,trace_server_count,0.0
1776462463.63,checkout,bb49e6b9-109a-41b8-be66-ab2a38272474,dependency_error_ratio,trace_client_error_ratio,0.0
1776462463.63,checkout,bb49e6b9-109a-41b8-be66-ab2a38272474,error_ratio,trace_server_error_ratio,0.0
1776462463.63,checkout,bb49e6b9-109a-41b8-be66-ab2a38272474,request_count,trace_server_count,0.0
1776462463.63,checkout,bc5804df-6f63-4261-8788-8ecfe5481366,dependency_error_ratio,trace_client_error_ratio,0.0
1776462463.63,checkout,bc5804df-6f63-4261-8788-8ecfe5481366,error_ratio,trace_server_error_ratio,0.0
1776462463.63,checkout,bc5804df-6f63-4261-8788-8ecfe5481366,request_count,trace_server_count,0.0
1776462463.63,checkout,checkout-7f4ccfc547-6crwh,cpu_usage,container_cpu_usage,0.14235803991926468
1776462463.63,checkout,checkout-7f4ccfc547-6crwh,memory_usage,container_memory_working_set_bytes,15360000.0
1776462463.63,checkout,checkout-7f4ccfc547-ftx2n,cpu_usage,container_cpu_usage,0.0004464180524717918
1776462463.63,checkout,checkout-7f4ccfc547-ftx2n,memory_usage,container_memory_working_set_bytes,12206080.0
1776462463.63,checkout,checkout-7f4ccfc547-qlfgr,cpu_usage,container_cpu_usage,0.027656482037347465
1776462463.63,checkout,checkout-7f4ccfc547-qlfgr,memory_usage,container_memory_working_set_bytes,14753792.0
1776462463.63,checkout,checkout::service,pod_restart_count,k8s_container_restarts,45.0
1776462463.63,checkout,checkout::service,pod_running_count,k8s_container_ready,3.0
1776462463.63,email,email-5dcf48b665-66zvj,cpu_usage,container_cpu_usage,0.008631781784780333
1776462463.63,email,email-5dcf48b665-66zvj,memory_usage,container_memory_working_set_bytes,59539456.0
1776462463.63,email,email-5dcf48b665-9xxmx,cpu_usage,container_cpu_usage,0.010806702116458011
1776462463.63,email,email-5dcf48b665-9xxmx,memory_usage,container_memory_working_set_bytes,56295424.0
1776462463.63,email,email-5dcf48b665-n4zf2,cpu_usage,container_cpu_usage,0.00038536698896503665
1776462463.63,email,email-5dcf48b665-n4zf2,memory_usage,container_memory_working_set_bytes,54530048.0
1776462463.63,email,email::service,pod_restart_count,k8s_container_restarts,9.0
1776462463.63,email,email::service,pod_running_count,k8s_container_ready,3.0
1776462463.63,email,otel-demo.email-5dcf48b665-66zvj.email,error_ratio,trace_server_error_ratio,0.0
1776462463.63,email,otel-demo.email-5dcf48b665-66zvj.email,request_count,trace_server_count,0.0
1776462463.63,email,otel-demo.email-5dcf48b665-9xxmx.email,error_ratio,trace_server_error_ratio,0.0
1776462463.63,email,otel-demo.email-5dcf48b665-9xxmx.email,request_count,trace_server_count,0.0
1776462463.63,email,otel-demo.email-5dcf48b665-n4zf2.email,error_ratio,trace_server_error_ratio,0.0
1776462463.63,email,otel-demo.email-5dcf48b665-n4zf2.email,request_count,trace_server_count,0.0
1776462463.63,frontend,frontend-b78bf7696-6bjdg,cpu_usage,container_cpu_usage,0.11629825091610108
1776462463.63,frontend,frontend-b78bf7696-6bjdg,memory_usage,container_memory_working_set_bytes,119312384.0
1776462463.63,frontend,frontend-b78bf7696-77ldd,cpu_usage,container_cpu_usage,0.05064518747551507
1776462463.63,frontend,frontend-b78bf7696-77ldd,memory_usage,container_memory_working_set_bytes,109961216.0
1776462463.63,frontend,frontend-b78bf7696-p9kqx,cpu_usage,container_cpu_usage,0.0615024280823859
1776462463.63,frontend,frontend-b78bf7696-p9kqx,memory_usage,container_memory_working_set_bytes,117780480.0
1776462463.63,frontend,frontend::service,pod_restart_count,k8s_container_restarts,3.0
1776462463.63,frontend,frontend::service,pod_running_count,k8s_container_ready,3.0
1776462463.63,frontend,otel-demo.frontend-b78bf7696-6bjdg.frontend,dependency_error_ratio,trace_client_error_ratio,0.0
1776462463.63,frontend,otel-demo.frontend-b78bf7696-6bjdg.frontend,error_ratio,trace_server_error_ratio,0.0
1776462463.63,frontend,otel-demo.frontend-b78bf7696-6bjdg.frontend,http_5xx_ratio,http_server_5xx_ratio,0.0
1776462463.63,frontend,otel-demo.frontend-b78bf7696-6bjdg.frontend,request_count,trace_server_count,0.0
1776462463.63,frontend,otel-demo.frontend-b78bf7696-77ldd.frontend,dependency_error_ratio,trace_client_error_ratio,0.0
1776462463.63,frontend,otel-demo.frontend-b78bf7696-77ldd.frontend,error_ratio,trace_server_error_ratio,0.0
1776462463.63,frontend,otel-demo.frontend-b78bf7696-77ldd.frontend,http_5xx_ratio,http_server_5xx_ratio,0.0
1776462463.63,frontend,otel-demo.frontend-b78bf7696-77ldd.frontend,request_count,trace_server_count,0.0
1776462463.63,frontend,otel-demo.frontend-b78bf7696-p9kqx.frontend,dependency_error_ratio,trace_client_error_ratio,0.0
1776462463.63,frontend,otel-demo.frontend-b78bf7696-p9kqx.frontend,error_ratio,trace_server_error_ratio,0.0
1776462463.63,frontend,otel-demo.frontend-b78bf7696-p9kqx.frontend,http_5xx_ratio,http_server_5xx_ratio,0.0
1776462463.63,frontend,otel-demo.frontend-b78bf7696-p9kqx.frontend,request_count,trace_server_count,0.0
1776462463.63,kafka,kafka-66df8bdf76-zjcbb,cpu_usage,container_cpu_usage,0.014214387080010526
1776462463.63,kafka,kafka-66df8bdf76-zjcbb,memory_usage,container_memory_working_set_bytes,666091520.0
1776462463.63,kafka,kafka::service,pod_restart_count,k8s_container_restarts,9.0
1776462463.63,kafka,kafka::service,pod_running_count,k8s_container_ready,1.0
1776462463.63,kafka,kafka::service,queue_lag,queue_size_ratio,0.0
1776462463.63,payment,otel-demo.payment-f9f8d647b-74h8z.payment,dependency_error_ratio,trace_client_error_ratio,0.0
1776462463.63,payment,otel-demo.payment-f9f8d647b-74h8z.payment,error_ratio,trace_server_error_ratio,0.0
1776462463.63,payment,otel-demo.payment-f9f8d647b-74h8z.payment,request_count,trace_server_count,0.0
1776462463.63,payment,otel-demo.payment-f9f8d647b-75hmx.payment,dependency_error_ratio,trace_client_error_ratio,0.0
1776462463.63,payment,otel-demo.payment-f9f8d647b-75hmx.payment,error_ratio,trace_server_error_ratio,0.0
1776462463.63,payment,otel-demo.payment-f9f8d647b-75hmx.payment,request_count,trace_server_count,0.0
1776462463.63,payment,otel-demo.payment-f9f8d647b-tv6l5.payment,dependency_error_ratio,trace_client_error_ratio,0.0
1776462463.63,payment,otel-demo.payment-f9f8d647b-tv6l5.payment,error_ratio,trace_server_error_ratio,0.0
1776462463.63,payment,otel-demo.payment-f9f8d647b-tv6l5.payment,request_count,trace_server_count,0.0
1776462463.63,payment,payment-f9f8d647b-74h8z,cpu_usage,container_cpu_usage,0.007146033331372749
1776462463.63,payment,payment-f9f8d647b-74h8z,memory_usage,container_memory_working_set_bytes,110514176.0
1776462463.63,payment,payment-f9f8d647b-75hmx,cpu_usage,container_cpu_usage,0.012937124783432325
1776462463.63,payment,payment-f9f8d647b-75hmx,memory_usage,container_memory_working_set_bytes,109907968.0
1776462463.63,payment,payment-f9f8d647b-tv6l5,cpu_usage,container_cpu_usage,0.006196560196560321
1776462463.63,payment,payment-f9f8d647b-tv6l5,memory_usage,container_memory_working_set_bytes,99868672.0
1776462463.63,payment,payment::service,pod_restart_count,k8s_container_restarts,39.0
1776462463.63,payment,payment::service,pod_running_count,k8s_container_ready,3.0
1776462463.63,product-catalog,otel-demo.product-catalog-784544475c-7crs7.product-catalog,dependency_error_ratio,trace_client_error_ratio,0.0
1776462463.63,product-catalog,otel-demo.product-catalog-784544475c-7crs7.product-catalog,error_ratio,trace_server_error_ratio,0.0
1776462463.63,product-catalog,otel-demo.product-catalog-784544475c-7crs7.product-catalog,request_count,trace_server_count,0.0
1776462463.63,product-catalog,otel-demo.product-catalog-784544475c-8skc7.product-catalog,dependency_error_ratio,trace_client_error_ratio,0.0
1776462463.63,product-catalog,otel-demo.product-catalog-784544475c-8skc7.product-catalog,error_ratio,trace_server_error_ratio,0.0
1776462463.63,product-catalog,otel-demo.product-catalog-784544475c-8skc7.product-catalog,request_count,trace_server_count,0.0
1776462463.63,product-catalog,otel-demo.product-catalog-784544475c-stwzc.product-catalog,dependency_error_ratio,trace_client_error_ratio,0.0
1776462463.63,product-catalog,otel-demo.product-catalog-784544475c-stwzc.product-catalog,error_ratio,trace_server_error_ratio,0.0
1776462463.63,product-catalog,otel-demo.product-catalog-784544475c-stwzc.product-catalog,request_count,trace_server_count,0.0
1776462463.63,product-catalog,product-catalog-784544475c-7crs7,cpu_usage,container_cpu_usage,0.03325015693659757
1776462463.63,product-catalog,product-catalog-784544475c-7crs7,memory_usage,container_memory_working_set_bytes,14737408.0
1776462463.63,product-catalog,product-catalog-784544475c-8skc7,cpu_usage,container_cpu_usage,0.08759500395849831
1776462463.63,product-catalog,product-catalog-784544475c-8skc7,memory_usage,container_memory_working_set_bytes,15564800.0
1776462463.63,product-catalog,product-catalog-784544475c-stwzc,cpu_usage,container_cpu_usage,0.00043596038729966027
1776462463.63,product-catalog,product-catalog-784544475c-stwzc,memory_usage,container_memory_working_set_bytes,12632064.0
1776462463.63,product-catalog,product-catalog::service,pod_restart_count,k8s_container_restarts,37.0
1776462463.63,product-catalog,product-catalog::service,pod_running_count,k8s_container_ready,3.0
1776462463.63,recommendation,otel-demo.recommendation-5b46f7469c-g2rgb.recommendation,dependency_error_ratio,trace_client_error_ratio,0.0
1776462463.63,recommendation,otel-demo.recommendation-5b46f7469c-rjwxq.recommendation,dependency_error_ratio,trace_client_error_ratio,0.0
1776462463.63,recommendation,otel-demo.recommendation-5b46f7469c-rjwxq.recommendation,error_ratio,trace_server_error_ratio,0.0
1776462463.63,recommendation,otel-demo.recommendation-5b46f7469c-rjwxq.recommendation,request_count,trace_server_count,0.0
1776462463.63,recommendation,otel-demo.recommendation-5b46f7469c-t2fm9.recommendation,dependency_error_ratio,trace_client_error_ratio,0.0
1776462463.63,recommendation,otel-demo.recommendation-5b46f7469c-t2fm9.recommendation,error_ratio,trace_server_error_ratio,0.0
1776462463.63,recommendation,otel-demo.recommendation-5b46f7469c-t2fm9.recommendation,request_count,trace_server_count,0.0
1776462463.63,recommendation,recommendation-5b46f7469c-g2rgb,cpu_usage,container_cpu_usage,0.009265921349417455
1776462463.63,recommendation,recommendation-5b46f7469c-g2rgb,memory_usage,container_memory_working_set_bytes,46891008.0
1776462463.63,recommendation,recommendation-5b46f7469c-rjwxq,cpu_usage,container_cpu_usage,0.01668442520751122
1776462463.63,recommendation,recommendation-5b46f7469c-rjwxq,memory_usage,container_memory_working_set_bytes,47865856.0
1776462463.63,recommendation,recommendation-5b46f7469c-t2fm9,cpu_usage,container_cpu_usage,0.03128639991653319
1776462463.63,recommendation,recommendation-5b46f7469c-t2fm9,memory_usage,container_memory_working_set_bytes,52555776.0
1776462463.63,recommendation,recommendation::service,pod_restart_count,k8s_container_restarts,3.0
1776462463.63,recommendation,recommendation::service,pod_running_count,k8s_container_ready,3.0
1776462473.63,ad,3a8b9295-6ae2-4e8a-b9b0-a607d7fec0a4,dependency_error_ratio,trace_client_error_ratio,0.0
1776462473.63,ad,3a8b9295-6ae2-4e8a-b9b0-a607d7fec0a4,error_ratio,trace_server_error_ratio,0.0
1776462473.63,ad,3a8b9295-6ae2-4e8a-b9b0-a607d7fec0a4,request_count,trace_server_count,0.0
1776462473.63,ad,5680c7ee-584c-4353-b6d2-93bc605a0324,dependency_error_ratio,trace_client_error_ratio,0.0
1776462473.63,ad,5680c7ee-584c-4353-b6d2-93bc605a0324,error_ratio,trace_server_error_ratio,0.0
1776462473.63,ad,5680c7ee-584c-4353-b6d2-93bc605a0324,request_count,trace_server_count,0.0
1776462473.63,ad,9f9a3c1c-bd3f-40ea-8764-b59f1ebd2204,dependency_error_ratio,trace_client_error_ratio,0.0
1776462473.63,ad,ad-7fb5b4f859-52ks9,cpu_usage,container_cpu_usage,0.002446371430664648
1776462473.63,ad,ad-7fb5b4f859-52ks9,memory_usage,container_memory_working_set_bytes,260341760.0
1776462473.63,ad,ad-7fb5b4f859-rd4zw,cpu_usage,container_cpu_usage,0.0012434962207698449
1776462473.63,ad,ad-7fb5b4f859-rd4zw,memory_usage,container_memory_working_set_bytes,238403584.0
1776462473.63,ad,ad-7fb5b4f859-zsstr,cpu_usage,container_cpu_usage,0.0030260535025271474
1776462473.63,ad,ad-7fb5b4f859-zsstr,memory_usage,container_memory_working_set_bytes,261767168.0
1776462473.63,ad,ad::service,pod_restart_count,k8s_container_restarts,3.0
1776462473.63,ad,ad::service,pod_running_count,k8s_container_ready,3.0
1776462473.63,cart,cart-7c7496d7f-th7mc,cpu_usage,container_cpu_usage,0.06362197112632594
1776462473.63,cart,cart-7c7496d7f-th7mc,memory_usage,container_memory_working_set_bytes,63205376.0
1776462473.63,cart,cart::service,pod_restart_count,k8s_container_restarts,1.0
1776462473.63,cart,cart::service,pod_running_count,k8s_container_ready,1.0
1776462473.63,cart,f1f3afac-3031-4c18-925a-048232421d89,dependency_error_ratio,trace_client_error_ratio,0.0
1776462473.63,cart,f1f3afac-3031-4c18-925a-048232421d89,error_ratio,trace_server_error_ratio,0.0
1776462473.63,cart,f1f3afac-3031-4c18-925a-048232421d89,request_count,trace_server_count,0.0
1776462473.63,checkout,4755bdbd-5ad9-49fa-acb7-3a7dcb6a9277,dependency_error_ratio,trace_client_error_ratio,0.0
1776462473.63,checkout,4755bdbd-5ad9-49fa-acb7-3a7dcb6a9277,error_ratio,trace_server_error_ratio,0.0
1776462473.63,checkout,4755bdbd-5ad9-49fa-acb7-3a7dcb6a9277,request_count,trace_server_count,0.0
1776462473.63,checkout,bb49e6b9-109a-41b8-be66-ab2a38272474,dependency_error_ratio,trace_client_error_ratio,0.0
1776462473.63,checkout,bb49e6b9-109a-41b8-be66-ab2a38272474,error_ratio,trace_server_error_ratio,0.0
1776462473.63,checkout,bb49e6b9-109a-41b8-be66-ab2a38272474,request_count,trace_server_count,0.0
1776462473.63,checkout,bc5804df-6f63-4261-8788-8ecfe5481366,dependency_error_ratio,trace_client_error_ratio,0.0
1776462473.63,checkout,bc5804df-6f63-4261-8788-8ecfe5481366,error_ratio,trace_server_error_ratio,0.0
1776462473.63,checkout,bc5804df-6f63-4261-8788-8ecfe5481366,request_count,trace_server_count,0.0
1776462473.63,checkout,checkout-7f4ccfc547-6crwh,cpu_usage,container_cpu_usage,0.14239674983584993
1776462473.63,checkout,checkout-7f4ccfc547-6crwh,memory_usage,container_memory_working_set_bytes,15360000.0
1776462473.63,checkout,checkout-7f4ccfc547-ftx2n,cpu_usage,container_cpu_usage,0.0004604927782497939
1776462473.63,checkout,checkout-7f4ccfc547-ftx2n,memory_usage,container_memory_working_set_bytes,12206080.0
1776462473.63,checkout,checkout-7f4ccfc547-qlfgr,cpu_usage,container_cpu_usage,0.04967195422427693
1776462473.63,checkout,checkout-7f4ccfc547-qlfgr,memory_usage,container_memory_working_set_bytes,16162816.0
1776462473.63,checkout,checkout::service,pod_restart_count,k8s_container_restarts,45.0
1776462473.63,checkout,checkout::service,pod_running_count,k8s_container_ready,3.0
1776462473.63,email,email-5dcf48b665-66zvj,cpu_usage,container_cpu_usage,0.003146748810796356
1776462473.63,email,email-5dcf48b665-66zvj,memory_usage,container_memory_working_set_bytes,59408384.0
1776462473.63,email,email-5dcf48b665-9xxmx,cpu_usage,container_cpu_usage,0.011321920887947527
1776462473.63,email,email-5dcf48b665-9xxmx,memory_usage,container_memory_working_set_bytes,56307712.0
1776462473.63,email,email-5dcf48b665-n4zf2,cpu_usage,container_cpu_usage,0.0005475516558164885
1776462473.63,email,email-5dcf48b665-n4zf2,memory_usage,container_memory_working_set_bytes,54530048.0
1776462473.63,email,email::service,pod_restart_count,k8s_container_restarts,9.0
1776462473.63,email,email::service,pod_running_count,k8s_container_ready,3.0
1776462473.63,email,otel-demo.email-5dcf48b665-66zvj.email,error_ratio,trace_server_error_ratio,0.0
1776462473.63,email,otel-demo.email-5dcf48b665-66zvj.email,request_count,trace_server_count,0.0
1776462473.63,email,otel-demo.email-5dcf48b665-9xxmx.email,error_ratio,trace_server_error_ratio,0.0
1776462473.63,email,otel-demo.email-5dcf48b665-9xxmx.email,request_count,trace_server_count,0.0
1776462473.63,email,otel-demo.email-5dcf48b665-n4zf2.email,error_ratio,trace_server_error_ratio,0.0
1776462473.63,email,otel-demo.email-5dcf48b665-n4zf2.email,request_count,trace_server_count,0.0
1776462473.63,frontend,frontend-b78bf7696-6bjdg,cpu_usage,container_cpu_usage,0.11487616447770857
1776462473.63,frontend,frontend-b78bf7696-6bjdg,memory_usage,container_memory_working_set_bytes,119480320.0
1776462473.63,frontend,frontend-b78bf7696-77ldd,cpu_usage,container_cpu_usage,0.07213595518640431
1776462473.63,frontend,frontend-b78bf7696-77ldd,memory_usage,container_memory_working_set_bytes,110620672.0
1776462473.63,frontend,frontend-b78bf7696-p9kqx,cpu_usage,container_cpu_usage,0.0704605374960683
1776462473.63,frontend,frontend-b78bf7696-p9kqx,memory_usage,container_memory_working_set_bytes,118194176.0
1776462473.63,frontend,frontend::service,pod_restart_count,k8s_container_restarts,3.0
1776462473.63,frontend,frontend::service,pod_running_count,k8s_container_ready,3.0
1776462473.63,frontend,otel-demo.frontend-b78bf7696-6bjdg.frontend,dependency_error_ratio,trace_client_error_ratio,0.0
1776462473.63,frontend,otel-demo.frontend-b78bf7696-6bjdg.frontend,error_ratio,trace_server_error_ratio,0.0
1776462473.63,frontend,otel-demo.frontend-b78bf7696-6bjdg.frontend,http_5xx_ratio,http_server_5xx_ratio,0.0
1776462473.63,frontend,otel-demo.frontend-b78bf7696-6bjdg.frontend,request_count,trace_server_count,0.0
1776462473.63,frontend,otel-demo.frontend-b78bf7696-77ldd.frontend,dependency_error_ratio,trace_client_error_ratio,0.0
1776462473.63,frontend,otel-demo.frontend-b78bf7696-77ldd.frontend,error_ratio,trace_server_error_ratio,0.0
1776462473.63,frontend,otel-demo.frontend-b78bf7696-77ldd.frontend,http_5xx_ratio,http_server_5xx_ratio,0.0
1776462473.63,frontend,otel-demo.frontend-b78bf7696-77ldd.frontend,request_count,trace_server_count,0.0
1776462473.63,frontend,otel-demo.frontend-b78bf7696-p9kqx.frontend,dependency_error_ratio,trace_client_error_ratio,0.0
1776462473.63,frontend,otel-demo.frontend-b78bf7696-p9kqx.frontend,error_ratio,trace_server_error_ratio,0.0
1776462473.63,frontend,otel-demo.frontend-b78bf7696-p9kqx.frontend,http_5xx_ratio,http_server_5xx_ratio,0.0
1776462473.63,frontend,otel-demo.frontend-b78bf7696-p9kqx.frontend,request_count,trace_server_count,0.0
1776462473.63,kafka,kafka-66df8bdf76-zjcbb,cpu_usage,container_cpu_usage,0.014721525873699785
1776462473.63,kafka,kafka-66df8bdf76-zjcbb,memory_usage,container_memory_working_set_bytes,666124288.0
1776462473.63,kafka,kafka::service,pod_restart_count,k8s_container_restarts,9.0
1776462473.63,kafka,kafka::service,pod_running_count,k8s_container_ready,1.0
1776462473.63,kafka,kafka::service,queue_lag,queue_size_ratio,0.0
1776462473.63,payment,otel-demo.payment-f9f8d647b-74h8z.payment,dependency_error_ratio,trace_client_error_ratio,0.0
1776462473.63,payment,otel-demo.payment-f9f8d647b-74h8z.payment,error_ratio,trace_server_error_ratio,0.0
1776462473.63,payment,otel-demo.payment-f9f8d647b-74h8z.payment,request_count,trace_server_count,0.0
1776462473.63,payment,otel-demo.payment-f9f8d647b-75hmx.payment,dependency_error_ratio,trace_client_error_ratio,0.0
1776462473.63,payment,otel-demo.payment-f9f8d647b-75hmx.payment,error_ratio,trace_server_error_ratio,0.0
1776462473.63,payment,otel-demo.payment-f9f8d647b-75hmx.payment,request_count,trace_server_count,0.0
1776462473.63,payment,otel-demo.payment-f9f8d647b-tv6l5.payment,dependency_error_ratio,trace_client_error_ratio,0.0
1776462473.63,payment,otel-demo.payment-f9f8d647b-tv6l5.payment,error_ratio,trace_server_error_ratio,0.0
1776462473.63,payment,otel-demo.payment-f9f8d647b-tv6l5.payment,request_count,trace_server_count,0.0
1776462473.63,payment,payment-f9f8d647b-74h8z,cpu_usage,container_cpu_usage,0.01014122540604779
1776462473.63,payment,payment-f9f8d647b-74h8z,memory_usage,container_memory_working_set_bytes,110518272.0
1776462473.63,payment,payment-f9f8d647b-75hmx,cpu_usage,container_cpu_usage,0.010706472577796552
1776462473.63,payment,payment-f9f8d647b-75hmx,memory_usage,container_memory_working_set_bytes,109907968.0
1776462473.63,payment,payment-f9f8d647b-tv6l5,cpu_usage,container_cpu_usage,0.006749878996668903
1776462473.63,payment,payment-f9f8d647b-tv6l5,memory_usage,container_memory_working_set_bytes,99868672.0
1776462473.63,payment,payment::service,pod_restart_count,k8s_container_restarts,39.0
1776462473.63,payment,payment::service,pod_running_count,k8s_container_ready,3.0
1776462473.63,product-catalog,otel-demo.product-catalog-784544475c-7crs7.product-catalog,dependency_error_ratio,trace_client_error_ratio,0.0
1776462473.63,product-catalog,otel-demo.product-catalog-784544475c-7crs7.product-catalog,error_ratio,trace_server_error_ratio,0.0
1776462473.63,product-catalog,otel-demo.product-catalog-784544475c-7crs7.product-catalog,request_count,trace_server_count,0.0
1776462473.63,product-catalog,otel-demo.product-catalog-784544475c-8skc7.product-catalog,dependency_error_ratio,trace_client_error_ratio,0.0
1776462473.63,product-catalog,otel-demo.product-catalog-784544475c-8skc7.product-catalog,error_ratio,trace_server_error_ratio,0.0
1776462473.63,product-catalog,otel-demo.product-catalog-784544475c-8skc7.product-catalog,request_count,trace_server_count,0.0
1776462473.63,product-catalog,otel-demo.product-catalog-784544475c-stwzc.product-catalog,dependency_error_ratio,trace_client_error_ratio,0.0
1776462473.63,product-catalog,otel-demo.product-catalog-784544475c-stwzc.product-catalog,error_ratio,trace_server_error_ratio,0.0
1776462473.63,product-catalog,otel-demo.product-catalog-784544475c-stwzc.product-catalog,request_count,trace_server_count,0.0
1776462473.63,product-catalog,product-catalog-784544475c-7crs7,cpu_usage,container_cpu_usage,0.025542095064402078
1776462473.63,product-catalog,product-catalog-784544475c-7crs7,memory_usage,container_memory_working_set_bytes,15286272.0
1776462473.63,product-catalog,product-catalog-784544475c-8skc7,cpu_usage,container_cpu_usage,0.08641680014238073
1776462473.63,product-catalog,product-catalog-784544475c-8skc7,memory_usage,container_memory_working_set_bytes,15564800.0
1776462473.63,product-catalog,product-catalog-784544475c-stwzc,cpu_usage,container_cpu_usage,0.0005377486391873573
1776462473.63,product-catalog,product-catalog-784544475c-stwzc,memory_usage,container_memory_working_set_bytes,12632064.0
1776462473.63,product-catalog,product-catalog::service,pod_restart_count,k8s_container_restarts,37.0
1776462473.63,product-catalog,product-catalog::service,pod_running_count,k8s_container_ready,3.0
1776462473.63,recommendation,otel-demo.recommendation-5b46f7469c-g2rgb.recommendation,dependency_error_ratio,trace_client_error_ratio,0.0
1776462473.63,recommendation,otel-demo.recommendation-5b46f7469c-rjwxq.recommendation,dependency_error_ratio,trace_client_error_ratio,0.0
1776462473.63,recommendation,otel-demo.recommendation-5b46f7469c-rjwxq.recommendation,error_ratio,trace_server_error_ratio,0.0
1776462473.63,recommendation,otel-demo.recommendation-5b46f7469c-rjwxq.recommendation,request_count,trace_server_count,0.0
1776462473.63,recommendation,otel-demo.recommendation-5b46f7469c-t2fm9.recommendation,dependency_error_ratio,trace_client_error_ratio,0.0
1776462473.63,recommendation,otel-demo.recommendation-5b46f7469c-t2fm9.recommendation,error_ratio,trace_server_error_ratio,0.0
1776462473.63,recommendation,otel-demo.recommendation-5b46f7469c-t2fm9.recommendation,request_count,trace_server_count,0.0
1776462473.63,recommendation,recommendation-5b46f7469c-g2rgb,cpu_usage,container_cpu_usage,0.010296017189301118
1776462473.63,recommendation,recommendation-5b46f7469c-g2rgb,memory_usage,container_memory_working_set_bytes,46891008.0
1776462473.63,recommendation,recommendation-5b46f7469c-rjwxq,cpu_usage,container_cpu_usage,0.01562883654532912
1776462473.63,recommendation,recommendation-5b46f7469c-rjwxq,memory_usage,container_memory_working_set_bytes,47865856.0
1776462473.63,recommendation,recommendation-5b46f7469c-t2fm9,cpu_usage,container_cpu_usage,0.03128639991653319
1776462473.63,recommendation,recommendation-5b46f7469c-t2fm9,memory_usage,container_memory_working_set_bytes,52555776.0
1776462473.63,recommendation,recommendation::service,pod_restart_count,k8s_container_restarts,3.0
1776462473.63,recommendation,recommendation::service,pod_running_count,k8s_container_ready,3.0
1776462483.63,ad,3a8b9295-6ae2-4e8a-b9b0-a607d7fec0a4,dependency_error_ratio,trace_client_error_ratio,0.0
1776462483.63,ad,3a8b9295-6ae2-4e8a-b9b0-a607d7fec0a4,error_ratio,trace_server_error_ratio,0.0
1776462483.63,ad,3a8b9295-6ae2-4e8a-b9b0-a607d7fec0a4,request_count,trace_server_count,0.0
1776462483.63,ad,5680c7ee-584c-4353-b6d2-93bc605a0324,dependency_error_ratio,trace_client_error_ratio,0.0
1776462483.63,ad,5680c7ee-584c-4353-b6d2-93bc605a0324,error_ratio,trace_server_error_ratio,0.0
1776462483.63,ad,5680c7ee-584c-4353-b6d2-93bc605a0324,request_count,trace_server_count,0.0
1776462483.63,ad,9f9a3c1c-bd3f-40ea-8764-b59f1ebd2204,dependency_error_ratio,trace_client_error_ratio,0.0
1776462483.63,ad,ad-7fb5b4f859-52ks9,cpu_usage,container_cpu_usage,0.002446371430664648
1776462483.63,ad,ad-7fb5b4f859-52ks9,memory_usage,container_memory_working_set_bytes,260341760.0
1776462483.63,ad,ad-7fb5b4f859-rd4zw,cpu_usage,container_cpu_usage,0.0012434962207698449
1776462483.63,ad,ad-7fb5b4f859-rd4zw,memory_usage,container_memory_working_set_bytes,238403584.0
1776462483.63,ad,ad-7fb5b4f859-zsstr,cpu_usage,container_cpu_usage,0.004379213919524831
1776462483.63,ad,ad-7fb5b4f859-zsstr,memory_usage,container_memory_working_set_bytes,261767168.0
1776462483.63,ad,ad::service,pod_restart_count,k8s_container_restarts,3.0
1776462483.63,ad,ad::service,pod_running_count,k8s_container_ready,3.0
1776462483.63,cart,cart-7c7496d7f-th7mc,cpu_usage,container_cpu_usage,0.06046283431745941
1776462483.63,cart,cart-7c7496d7f-th7mc,memory_usage,container_memory_working_set_bytes,63205376.0
1776462483.63,cart,cart::service,pod_restart_count,k8s_container_restarts,1.0
1776462483.63,cart,cart::service,pod_running_count,k8s_container_ready,1.0
1776462483.63,cart,f1f3afac-3031-4c18-925a-048232421d89,dependency_error_ratio,trace_client_error_ratio,0.0
1776462483.63,cart,f1f3afac-3031-4c18-925a-048232421d89,error_ratio,trace_server_error_ratio,0.0
1776462483.63,cart,f1f3afac-3031-4c18-925a-048232421d89,request_count,trace_server_count,0.0
1776462483.63,checkout,4755bdbd-5ad9-49fa-acb7-3a7dcb6a9277,dependency_error_ratio,trace_client_error_ratio,0.0
1776462483.63,checkout,4755bdbd-5ad9-49fa-acb7-3a7dcb6a9277,error_ratio,trace_server_error_ratio,0.0
1776462483.63,checkout,4755bdbd-5ad9-49fa-acb7-3a7dcb6a9277,request_count,trace_server_count,0.0
1776462483.63,checkout,bb49e6b9-109a-41b8-be66-ab2a38272474,dependency_error_ratio,trace_client_error_ratio,0.0
1776462483.63,checkout,bb49e6b9-109a-41b8-be66-ab2a38272474,error_ratio,trace_server_error_ratio,0.0
1776462483.63,checkout,bb49e6b9-109a-41b8-be66-ab2a38272474,request_count,trace_server_count,0.0
1776462483.63,checkout,bc5804df-6f63-4261-8788-8ecfe5481366,dependency_error_ratio,trace_client_error_ratio,0.0
1776462483.63,checkout,bc5804df-6f63-4261-8788-8ecfe5481366,error_ratio,trace_server_error_ratio,0.0
1776462483.63,checkout,bc5804df-6f63-4261-8788-8ecfe5481366,request_count,trace_server_count,0.0
1776462483.63,checkout,checkout-7f4ccfc547-6crwh,cpu_usage,container_cpu_usage,0.12241263766304801
1776462483.63,checkout,checkout-7f4ccfc547-6crwh,memory_usage,container_memory_working_set_bytes,14700544.0
1776462483.63,checkout,checkout-7f4ccfc547-ftx2n,cpu_usage,container_cpu_usage,0.0004604927782497939
1776462483.63,checkout,checkout-7f4ccfc547-ftx2n,memory_usage,container_memory_working_set_bytes,12206080.0
1776462483.63,checkout,checkout-7f4ccfc547-qlfgr,cpu_usage,container_cpu_usage,0.05476391205069669
1776462483.63,checkout,checkout-7f4ccfc547-qlfgr,memory_usage,container_memory_working_set_bytes,16162816.0
1776462483.63,checkout,checkout::service,pod_restart_count,k8s_container_restarts,45.0
1776462483.63,checkout,checkout::service,pod_running_count,k8s_container_ready,3.0
1776462483.63,email,email-5dcf48b665-66zvj,cpu_usage,container_cpu_usage,0.0031467488107963567
1776462483.63,email,email-5dcf48b665-66zvj,memory_usage,container_memory_working_set_bytes,59408384.0
1776462483.63,email,email-5dcf48b665-9xxmx,cpu_usage,container_cpu_usage,0.014437465865646202
1776462483.63,email,email-5dcf48b665-9xxmx,memory_usage,container_memory_working_set_bytes,56307712.0
1776462483.63,email,email-5dcf48b665-n4zf2,cpu_usage,container_cpu_usage,0.00046352072837051807
1776462483.63,email,email-5dcf48b665-n4zf2,memory_usage,container_memory_working_set_bytes,54530048.0
1776462483.63,email,email::service,pod_restart_count,k8s_container_restarts,9.0
1776462483.63,email,email::service,pod_running_count,k8s_container_ready,3.0
1776462483.63,email,otel-demo.email-5dcf48b665-66zvj.email,error_ratio,trace_server_error_ratio,0.0
1776462483.63,email,otel-demo.email-5dcf48b665-66zvj.email,request_count,trace_server_count,0.0
1776462483.63,email,otel-demo.email-5dcf48b665-9xxmx.email,error_ratio,trace_server_error_ratio,0.0
1776462483.63,email,otel-demo.email-5dcf48b665-9xxmx.email,request_count,trace_server_count,0.0
1776462483.63,email,otel-demo.email-5dcf48b665-n4zf2.email,error_ratio,trace_server_error_ratio,0.0
1776462483.63,email,otel-demo.email-5dcf48b665-n4zf2.email,request_count,trace_server_count,0.0
1776462483.63,frontend,frontend-b78bf7696-6bjdg,cpu_usage,container_cpu_usage,0.1132063793649493
1776462483.63,frontend,frontend-b78bf7696-6bjdg,memory_usage,container_memory_working_set_bytes,119480320.0
1776462483.63,frontend,frontend-b78bf7696-77ldd,cpu_usage,container_cpu_usage,0.10031139079244833
1776462483.63,frontend,frontend-b78bf7696-77ldd,memory_usage,container_memory_working_set_bytes,108978176.0
1776462483.63,frontend,frontend-b78bf7696-p9kqx,cpu_usage,container_cpu_usage,0.05886410309022233
1776462483.63,frontend,frontend-b78bf7696-p9kqx,memory_usage,container_memory_working_set_bytes,118194176.0
1776462483.63,frontend,frontend::service,pod_restart_count,k8s_container_restarts,3.0
1776462483.63,frontend,frontend::service,pod_running_count,k8s_container_ready,3.0
1776462483.63,frontend,otel-demo.frontend-b78bf7696-6bjdg.frontend,dependency_error_ratio,trace_client_error_ratio,0.0
1776462483.63,frontend,otel-demo.frontend-b78bf7696-6bjdg.frontend,error_ratio,trace_server_error_ratio,0.0
1776462483.63,frontend,otel-demo.frontend-b78bf7696-6bjdg.frontend,http_5xx_ratio,http_server_5xx_ratio,0.0
1776462483.63,frontend,otel-demo.frontend-b78bf7696-6bjdg.frontend,request_count,trace_server_count,0.0
1776462483.63,frontend,otel-demo.frontend-b78bf7696-77ldd.frontend,dependency_error_ratio,trace_client_error_ratio,0.0
1776462483.63,frontend,otel-demo.frontend-b78bf7696-77ldd.frontend,error_ratio,trace_server_error_ratio,0.0
1776462483.63,frontend,otel-demo.frontend-b78bf7696-77ldd.frontend,http_5xx_ratio,http_server_5xx_ratio,0.0
1776462483.63,frontend,otel-demo.frontend-b78bf7696-77ldd.frontend,request_count,trace_server_count,0.0
1776462483.63,frontend,otel-demo.frontend-b78bf7696-p9kqx.frontend,dependency_error_ratio,trace_client_error_ratio,0.0
1776462483.63,frontend,otel-demo.frontend-b78bf7696-p9kqx.frontend,error_ratio,trace_server_error_ratio,0.0
1776462483.63,frontend,otel-demo.frontend-b78bf7696-p9kqx.frontend,http_5xx_ratio,http_server_5xx_ratio,0.0
1776462483.63,frontend,otel-demo.frontend-b78bf7696-p9kqx.frontend,request_count,trace_server_count,0.0
1776462483.63,kafka,kafka-66df8bdf76-zjcbb,cpu_usage,container_cpu_usage,0.014721525873699785
1776462483.63,kafka,kafka-66df8bdf76-zjcbb,memory_usage,container_memory_working_set_bytes,666124288.0
1776462483.63,kafka,kafka::service,pod_restart_count,k8s_container_restarts,9.0
1776462483.63,kafka,kafka::service,pod_running_count,k8s_container_ready,1.0
1776462483.63,kafka,kafka::service,queue_lag,queue_size_ratio,0.0
1776462483.63,payment,otel-demo.payment-f9f8d647b-74h8z.payment,dependency_error_ratio,trace_client_error_ratio,0.0
1776462483.63,payment,otel-demo.payment-f9f8d647b-74h8z.payment,error_ratio,trace_server_error_ratio,0.0
1776462483.63,payment,otel-demo.payment-f9f8d647b-74h8z.payment,request_count,trace_server_count,0.0
1776462483.63,payment,otel-demo.payment-f9f8d647b-75hmx.payment,dependency_error_ratio,trace_client_error_ratio,0.0
1776462483.63,payment,otel-demo.payment-f9f8d647b-75hmx.payment,error_ratio,trace_server_error_ratio,0.0
1776462483.63,payment,otel-demo.payment-f9f8d647b-75hmx.payment,request_count,trace_server_count,0.0
1776462483.63,payment,otel-demo.payment-f9f8d647b-tv6l5.payment,dependency_error_ratio,trace_client_error_ratio,0.0
1776462483.63,payment,otel-demo.payment-f9f8d647b-tv6l5.payment,error_ratio,trace_server_error_ratio,0.0
1776462483.63,payment,otel-demo.payment-f9f8d647b-tv6l5.payment,request_count,trace_server_count,0.0
1776462483.63,payment,payment-f9f8d647b-74h8z,cpu_usage,container_cpu_usage,0.010332083908726182
1776462483.63,payment,payment-f9f8d647b-74h8z,memory_usage,container_memory_working_set_bytes,110518272.0
1776462483.63,payment,payment-f9f8d647b-75hmx,cpu_usage,container_cpu_usage,0.012540646656732483
1776462483.63,payment,payment-f9f8d647b-75hmx,memory_usage,container_memory_working_set_bytes,109907968.0
1776462483.63,payment,payment-f9f8d647b-tv6l5,cpu_usage,container_cpu_usage,0.006749878996668903
1776462483.63,payment,payment-f9f8d647b-tv6l5,memory_usage,container_memory_working_set_bytes,99868672.0
1776462483.63,payment,payment::service,pod_restart_count,k8s_container_restarts,39.0
1776462483.63,payment,payment::service,pod_running_count,k8s_container_ready,3.0
1776462483.63,product-catalog,otel-demo.product-catalog-784544475c-7crs7.product-catalog,dependency_error_ratio,trace_client_error_ratio,0.0
1776462483.63,product-catalog,otel-demo.product-catalog-784544475c-7crs7.product-catalog,error_ratio,trace_server_error_ratio,0.0
1776462483.63,product-catalog,otel-demo.product-catalog-784544475c-7crs7.product-catalog,request_count,trace_server_count,0.0
1776462483.63,product-catalog,otel-demo.product-catalog-784544475c-8skc7.product-catalog,dependency_error_ratio,trace_client_error_ratio,0.0
1776462483.63,product-catalog,otel-demo.product-catalog-784544475c-8skc7.product-catalog,error_ratio,trace_server_error_ratio,0.0
1776462483.63,product-catalog,otel-demo.product-catalog-784544475c-8skc7.product-catalog,request_count,trace_server_count,0.0
1776462483.63,product-catalog,otel-demo.product-catalog-784544475c-stwzc.product-catalog,dependency_error_ratio,trace_client_error_ratio,0.0
1776462483.63,product-catalog,otel-demo.product-catalog-784544475c-stwzc.product-catalog,error_ratio,trace_server_error_ratio,0.0
1776462483.63,product-catalog,otel-demo.product-catalog-784544475c-stwzc.product-catalog,request_count,trace_server_count,0.0
1776462483.63,product-catalog,product-catalog-784544475c-7crs7,cpu_usage,container_cpu_usage,0.025542095064402078
1776462483.63,product-catalog,product-catalog-784544475c-7crs7,memory_usage,container_memory_working_set_bytes,15286272.0
1776462483.63,product-catalog,product-catalog-784544475c-8skc7,cpu_usage,container_cpu_usage,0.12223911671924736
1776462483.63,product-catalog,product-catalog-784544475c-8skc7,memory_usage,container_memory_working_set_bytes,15044608.0
1776462483.63,product-catalog,product-catalog-784544475c-stwzc,cpu_usage,container_cpu_usage,0.0005171576241986054
1776462483.63,product-catalog,product-catalog-784544475c-stwzc,memory_usage,container_memory_working_set_bytes,12632064.0
1776462483.63,product-catalog,product-catalog::service,pod_restart_count,k8s_container_restarts,37.0
1776462483.63,product-catalog,product-catalog::service,pod_running_count,k8s_container_ready,3.0
1776462483.63,recommendation,otel-demo.recommendation-5b46f7469c-g2rgb.recommendation,dependency_error_ratio,trace_client_error_ratio,0.0
1776462483.63,recommendation,otel-demo.recommendation-5b46f7469c-rjwxq.recommendation,dependency_error_ratio,trace_client_error_ratio,0.0
1776462483.63,recommendation,otel-demo.recommendation-5b46f7469c-rjwxq.recommendation,error_ratio,trace_server_error_ratio,0.0
1776462483.63,recommendation,otel-demo.recommendation-5b46f7469c-rjwxq.recommendation,request_count,trace_server_count,0.0
1776462483.63,recommendation,otel-demo.recommendation-5b46f7469c-t2fm9.recommendation,dependency_error_ratio,trace_client_error_ratio,0.0
1776462483.63,recommendation,otel-demo.recommendation-5b46f7469c-t2fm9.recommendation,error_ratio,trace_server_error_ratio,0.0
1776462483.63,recommendation,otel-demo.recommendation-5b46f7469c-t2fm9.recommendation,request_count,trace_server_count,0.0
1776462483.63,recommendation,recommendation-5b46f7469c-g2rgb,cpu_usage,container_cpu_usage,0.009810389947443173
1776462483.63,recommendation,recommendation-5b46f7469c-g2rgb,memory_usage,container_memory_working_set_bytes,46891008.0
1776462483.63,recommendation,recommendation-5b46f7469c-rjwxq,cpu_usage,container_cpu_usage,0.01645931606217911
1776462483.63,recommendation,recommendation-5b46f7469c-rjwxq,memory_usage,container_memory_working_set_bytes,47865856.0
1776462483.63,recommendation,recommendation-5b46f7469c-t2fm9,cpu_usage,container_cpu_usage,0.034844715548366
1776462483.63,recommendation,recommendation-5b46f7469c-t2fm9,memory_usage,container_memory_working_set_bytes,52527104.0
1776462483.63,recommendation,recommendation::service,pod_restart_count,k8s_container_restarts,3.0
1776462483.63,recommendation,recommendation::service,pod_running_count,k8s_container_ready,3.0
1776462493.63,ad,3a8b9295-6ae2-4e8a-b9b0-a607d7fec0a4,dependency_error_ratio,trace_client_error_ratio,0.0
1776462493.63,ad,3a8b9295-6ae2-4e8a-b9b0-a607d7fec0a4,error_ratio,trace_server_error_ratio,0.0
1776462493.63,ad,3a8b9295-6ae2-4e8a-b9b0-a607d7fec0a4,latency_p95,trace_server_latency_p95,1.9306451612903224
1776462493.63,ad,3a8b9295-6ae2-4e8a-b9b0-a607d7fec0a4,request_count,trace_server_count,6.3
1776462493.63,ad,5680c7ee-584c-4353-b6d2-93bc605a0324,dependency_error_ratio,trace_client_error_ratio,0.0
1776462493.63,ad,5680c7ee-584c-4353-b6d2-93bc605a0324,error_ratio,trace_server_error_ratio,0.0
1776462493.63,ad,5680c7ee-584c-4353-b6d2-93bc605a0324,latency_p95,trace_server_latency_p95,1.9439814814814813
1776462493.63,ad,5680c7ee-584c-4353-b6d2-93bc605a0324,request_count,trace_server_count,22.1
1776462493.63,ad,9f9a3c1c-bd3f-40ea-8764-b59f1ebd2204,dependency_error_ratio,trace_client_error_ratio,0.0
1776462493.63,ad,ad-7fb5b4f859-52ks9,cpu_usage,container_cpu_usage,0.0016983311938366756
1776462493.63,ad,ad-7fb5b4f859-52ks9,memory_usage,container_memory_working_set_bytes,260341760.0
1776462493.63,ad,ad-7fb5b4f859-rd4zw,cpu_usage,container_cpu_usage,0.0011091861933806223
1776462493.63,ad,ad-7fb5b4f859-rd4zw,memory_usage,container_memory_working_set_bytes,238403584.0
1776462493.63,ad,ad-7fb5b4f859-zsstr,cpu_usage,container_cpu_usage,0.004379213919524831
1776462493.63,ad,ad-7fb5b4f859-zsstr,memory_usage,container_memory_working_set_bytes,261767168.0
1776462493.63,ad,ad::service,pod_restart_count,k8s_container_restarts,3.0
1776462493.63,ad,ad::service,pod_running_count,k8s_container_ready,3.0
1776462493.63,cart,cart-7c7496d7f-th7mc,cpu_usage,container_cpu_usage,0.0643469470388155
1776462493.63,cart,cart-7c7496d7f-th7mc,memory_usage,container_memory_working_set_bytes,63148032.0
1776462493.63,cart,cart::service,pod_restart_count,k8s_container_restarts,1.0
1776462493.63,cart,cart::service,pod_running_count,k8s_container_ready,1.0
1776462493.63,cart,f1f3afac-3031-4c18-925a-048232421d89,dependency_error_ratio,trace_client_error_ratio,0.0
1776462493.63,cart,f1f3afac-3031-4c18-925a-048232421d89,error_ratio,trace_server_error_ratio,0.0
1776462493.63,cart,f1f3afac-3031-4c18-925a-048232421d89,latency_p95,trace_server_latency_p95,1.998079231692677
1776462493.63,cart,f1f3afac-3031-4c18-925a-048232421d89,request_count,trace_server_count,175.2
1776462493.63,checkout,4755bdbd-5ad9-49fa-acb7-3a7dcb6a9277,dependency_error_ratio,trace_client_error_ratio,0.0
1776462493.63,checkout,4755bdbd-5ad9-49fa-acb7-3a7dcb6a9277,error_ratio,trace_server_error_ratio,0.0
1776462493.63,checkout,4755bdbd-5ad9-49fa-acb7-3a7dcb6a9277,latency_p95,trace_server_latency_p95,253.33333333333314
1776462493.63,checkout,4755bdbd-5ad9-49fa-acb7-3a7dcb6a9277,request_count,trace_server_count,12.4
1776462493.63,checkout,bb49e6b9-109a-41b8-be66-ab2a38272474,dependency_error_ratio,trace_client_error_ratio,0.0
1776462493.63,checkout,bb49e6b9-109a-41b8-be66-ab2a38272474,error_ratio,trace_server_error_ratio,0.0
1776462493.63,checkout,bb49e6b9-109a-41b8-be66-ab2a38272474,request_count,trace_server_count,0.0
1776462493.63,checkout,bc5804df-6f63-4261-8788-8ecfe5481366,dependency_error_ratio,trace_client_error_ratio,0.0
1776462493.63,checkout,bc5804df-6f63-4261-8788-8ecfe5481366,error_ratio,trace_server_error_ratio,0.0
1776462493.63,checkout,bc5804df-6f63-4261-8788-8ecfe5481366,latency_p95,trace_server_latency_p95,49.2063492063492
1776462493.63,checkout,bc5804df-6f63-4261-8788-8ecfe5481366,request_count,trace_server_count,6.5
1776462493.63,checkout,checkout-7f4ccfc547-6crwh,cpu_usage,container_cpu_usage,0.11643158726093022
1776462493.63,checkout,checkout-7f4ccfc547-6crwh,memory_usage,container_memory_working_set_bytes,15441920.0
1776462493.63,checkout,checkout-7f4ccfc547-ftx2n,cpu_usage,container_cpu_usage,0.00044192448872574884
1776462493.63,checkout,checkout-7f4ccfc547-ftx2n,memory_usage,container_memory_working_set_bytes,12206080.0
1776462493.63,checkout,checkout-7f4ccfc547-qlfgr,cpu_usage,container_cpu_usage,0.07301014739085188
1776462493.63,checkout,checkout-7f4ccfc547-qlfgr,memory_usage,container_memory_working_set_bytes,14753792.0
1776462493.63,checkout,checkout::service,pod_restart_count,k8s_container_restarts,45.0
1776462493.63,checkout,checkout::service,pod_running_count,k8s_container_ready,3.0
1776462493.63,email,email-5dcf48b665-66zvj,cpu_usage,container_cpu_usage,0.0033838293630182414
1776462493.63,email,email-5dcf48b665-66zvj,memory_usage,container_memory_working_set_bytes,59543552.0
1776462493.63,email,email-5dcf48b665-9xxmx,cpu_usage,container_cpu_usage,0.014019371428571502
1776462493.63,email,email-5dcf48b665-9xxmx,memory_usage,container_memory_working_set_bytes,56385536.0
1776462493.63,email,email-5dcf48b665-n4zf2,cpu_usage,container_cpu_usage,0.0005236720667643079
1776462493.63,email,email-5dcf48b665-n4zf2,memory_usage,container_memory_working_set_bytes,54583296.0
1776462493.63,email,email::service,pod_restart_count,k8s_container_restarts,9.0
1776462493.63,email,email::service,pod_running_count,k8s_container_ready,3.0
1776462493.63,email,otel-demo.email-5dcf48b665-66zvj.email,error_ratio,trace_server_error_ratio,0.0
1776462493.63,email,otel-demo.email-5dcf48b665-66zvj.email,latency_p95,trace_server_latency_p95,5.7555555555555555
1776462493.63,email,otel-demo.email-5dcf48b665-66zvj.email,request_count,trace_server_count,4.2
1776462493.63,email,otel-demo.email-5dcf48b665-9xxmx.email,error_ratio,trace_server_error_ratio,0.0
1776462493.63,email,otel-demo.email-5dcf48b665-9xxmx.email,latency_p95,trace_server_latency_p95,5.130000000000001
1776462493.63,email,otel-demo.email-5dcf48b665-9xxmx.email,request_count,trace_server_count,14.7
1776462493.63,email,otel-demo.email-5dcf48b665-n4zf2.email,error_ratio,trace_server_error_ratio,0.0
1776462493.63,email,otel-demo.email-5dcf48b665-n4zf2.email,request_count,trace_server_count,0.0
1776462493.63,frontend,frontend-b78bf7696-6bjdg,cpu_usage,container_cpu_usage,0.11995191158900459
1776462493.63,frontend,frontend-b78bf7696-6bjdg,memory_usage,container_memory_working_set_bytes,119353344.0
1776462493.63,frontend,frontend-b78bf7696-77ldd,cpu_usage,container_cpu_usage,0.11335633806871902
1776462493.63,frontend,frontend-b78bf7696-77ldd,memory_usage,container_memory_working_set_bytes,108978176.0
1776462493.63,frontend,frontend-b78bf7696-p9kqx,cpu_usage,container_cpu_usage,0.03623369135828863
1776462493.63,frontend,frontend-b78bf7696-p9kqx,memory_usage,container_memory_working_set_bytes,118194176.0
1776462493.63,frontend,frontend::service,pod_restart_count,k8s_container_restarts,3.0
1776462493.63,frontend,frontend::service,pod_running_count,k8s_container_ready,3.0
1776462493.63,frontend,otel-demo.frontend-b78bf7696-6bjdg.frontend,dependency_error_ratio,trace_client_error_ratio,0.0
1776462493.63,frontend,otel-demo.frontend-b78bf7696-6bjdg.frontend,error_ratio,trace_server_error_ratio,0.0
1776462493.63,frontend,otel-demo.frontend-b78bf7696-6bjdg.frontend,http_5xx_ratio,http_server_5xx_ratio,0.0
1776462493.63,frontend,otel-demo.frontend-b78bf7696-6bjdg.frontend,latency_p95,trace_server_latency_p95,41.62305295950154
1776462493.63,frontend,otel-demo.frontend-b78bf7696-6bjdg.frontend,request_count,trace_server_count,312.9
1776462493.63,frontend,otel-demo.frontend-b78bf7696-77ldd.frontend,dependency_error_ratio,trace_client_error_ratio,0.0
1776462493.63,frontend,otel-demo.frontend-b78bf7696-77ldd.frontend,error_ratio,trace_server_error_ratio,0.0
1776462493.63,frontend,otel-demo.frontend-b78bf7696-77ldd.frontend,http_5xx_ratio,http_server_5xx_ratio,0.0
1776462493.63,frontend,otel-demo.frontend-b78bf7696-77ldd.frontend,latency_p95,trace_server_latency_p95,42.41720430107526
1776462493.63,frontend,otel-demo.frontend-b78bf7696-77ldd.frontend,request_count,trace_server_count,240.3
1776462493.63,frontend,otel-demo.frontend-b78bf7696-p9kqx.frontend,dependency_error_ratio,trace_client_error_ratio,0.0
1776462493.63,frontend,otel-demo.frontend-b78bf7696-p9kqx.frontend,error_ratio,trace_server_error_ratio,0.0
1776462493.63,frontend,otel-demo.frontend-b78bf7696-p9kqx.frontend,http_5xx_ratio,http_server_5xx_ratio,0.0
1776462493.63,frontend,otel-demo.frontend-b78bf7696-p9kqx.frontend,latency_p95,trace_server_latency_p95,43.2919708029197
1776462493.63,frontend,otel-demo.frontend-b78bf7696-p9kqx.frontend,request_count,trace_server_count,135.9
1776462493.63,kafka,kafka-66df8bdf76-zjcbb,cpu_usage,container_cpu_usage,0.01336885509954293
1776462493.63,kafka,kafka-66df8bdf76-zjcbb,memory_usage,container_memory_working_set_bytes,666152960.0
1776462493.63,kafka,kafka::service,pod_restart_count,k8s_container_restarts,9.0
1776462493.63,kafka,kafka::service,pod_running_count,k8s_container_ready,1.0
1776462493.63,kafka,kafka::service,queue_lag,queue_size_ratio,0.0
1776462493.63,payment,otel-demo.payment-f9f8d647b-74h8z.payment,dependency_error_ratio,trace_client_error_ratio,0.0
1776462493.63,payment,otel-demo.payment-f9f8d647b-74h8z.payment,error_ratio,trace_server_error_ratio,0.0
1776462493.63,payment,otel-demo.payment-f9f8d647b-74h8z.payment,request_count,trace_server_count,0.0
1776462493.63,payment,otel-demo.payment-f9f8d647b-75hmx.payment,dependency_error_ratio,trace_client_error_ratio,0.0
1776462493.63,payment,otel-demo.payment-f9f8d647b-75hmx.payment,error_ratio,trace_server_error_ratio,0.0
1776462493.63,payment,otel-demo.payment-f9f8d647b-75hmx.payment,request_count,trace_server_count,0.0
1776462493.63,payment,otel-demo.payment-f9f8d647b-tv6l5.payment,dependency_error_ratio,trace_client_error_ratio,0.0
1776462493.63,payment,otel-demo.payment-f9f8d647b-tv6l5.payment,error_ratio,trace_server_error_ratio,0.0
1776462493.63,payment,otel-demo.payment-f9f8d647b-tv6l5.payment,request_count,trace_server_count,0.0
1776462493.63,payment,payment-f9f8d647b-74h8z,cpu_usage,container_cpu_usage,0.010076276701630874
1776462493.63,payment,payment-f9f8d647b-74h8z,memory_usage,container_memory_working_set_bytes,110518272.0
1776462493.63,payment,payment-f9f8d647b-75hmx,cpu_usage,container_cpu_usage,0.011473261268611043
1776462493.63,payment,payment-f9f8d647b-75hmx,memory_usage,container_memory_working_set_bytes,109912064.0
1776462493.63,payment,payment-f9f8d647b-tv6l5,cpu_usage,container_cpu_usage,0.005726945605417235
1776462493.63,payment,payment-f9f8d647b-tv6l5,memory_usage,container_memory_working_set_bytes,99868672.0
1776462493.63,payment,payment::service,pod_restart_count,k8s_container_restarts,39.0
1776462493.63,payment,payment::service,pod_running_count,k8s_container_ready,3.0
1776462493.63,product-catalog,otel-demo.product-catalog-784544475c-7crs7.product-catalog,dependency_error_ratio,trace_client_error_ratio,0.0
1776462493.63,product-catalog,otel-demo.product-catalog-784544475c-7crs7.product-catalog,error_ratio,trace_server_error_ratio,0.0
1776462493.63,product-catalog,otel-demo.product-catalog-784544475c-7crs7.product-catalog,request_count,trace_server_count,0.0
1776462493.63,product-catalog,otel-demo.product-catalog-784544475c-8skc7.product-catalog,dependency_error_ratio,trace_client_error_ratio,0.0
1776462493.63,product-catalog,otel-demo.product-catalog-784544475c-8skc7.product-catalog,error_ratio,trace_server_error_ratio,0.0
1776462493.63,product-catalog,otel-demo.product-catalog-784544475c-8skc7.product-catalog,request_count,trace_server_count,0.0
1776462493.63,product-catalog,otel-demo.product-catalog-784544475c-stwzc.product-catalog,dependency_error_ratio,trace_client_error_ratio,0.0
1776462493.63,product-catalog,otel-demo.product-catalog-784544475c-stwzc.product-catalog,error_ratio,trace_server_error_ratio,0.0
1776462493.63,product-catalog,otel-demo.product-catalog-784544475c-stwzc.product-catalog,request_count,trace_server_count,0.0
1776462493.63,product-catalog,product-catalog-784544475c-7crs7,cpu_usage,container_cpu_usage,0.01669155111927831
1776462493.63,product-catalog,product-catalog-784544475c-7crs7,memory_usage,container_memory_working_set_bytes,15097856.0
1776462493.63,product-catalog,product-catalog-784544475c-8skc7,cpu_usage,container_cpu_usage,0.12223911671924736
1776462493.63,product-catalog,product-catalog-784544475c-8skc7,memory_usage,container_memory_working_set_bytes,15044608.0
1776462493.63,product-catalog,product-catalog-784544475c-stwzc,cpu_usage,container_cpu_usage,0.0004378461022532454
1776462493.63,product-catalog,product-catalog-784544475c-stwzc,memory_usage,container_memory_working_set_bytes,12632064.0
1776462493.63,product-catalog,product-catalog::service,pod_restart_count,k8s_container_restarts,37.0
1776462493.63,product-catalog,product-catalog::service,pod_running_count,k8s_container_ready,3.0
1776462493.63,recommendation,otel-demo.recommendation-5b46f7469c-g2rgb.recommendation,dependency_error_ratio,trace_client_error_ratio,0.0
1776462493.63,recommendation,otel-demo.recommendation-5b46f7469c-rjwxq.recommendation,dependency_error_ratio,trace_client_error_ratio,0.0
1776462493.63,recommendation,otel-demo.recommendation-5b46f7469c-rjwxq.recommendation,error_ratio,trace_server_error_ratio,0.0
1776462493.63,recommendation,otel-demo.recommendation-5b46f7469c-rjwxq.recommendation,latency_p95,trace_server_latency_p95,3.8307692307692305
1776462493.63,recommendation,otel-demo.recommendation-5b46f7469c-rjwxq.recommendation,request_count,trace_server_count,6.4
1776462493.63,recommendation,otel-demo.recommendation-5b46f7469c-t2fm9.recommendation,dependency_error_ratio,trace_client_error_ratio,0.0
1776462493.63,recommendation,otel-demo.recommendation-5b46f7469c-t2fm9.recommendation,error_ratio,trace_server_error_ratio,0.0
1776462493.63,recommendation,otel-demo.recommendation-5b46f7469c-t2fm9.recommendation,latency_p95,trace_server_latency_p95,5.355555555555554
1776462493.63,recommendation,otel-demo.recommendation-5b46f7469c-t2fm9.recommendation,request_count,trace_server_count,21.8
1776462493.63,recommendation,recommendation-5b46f7469c-g2rgb,cpu_usage,container_cpu_usage,0.009156159931910794
1776462493.63,recommendation,recommendation-5b46f7469c-g2rgb,memory_usage,container_memory_working_set_bytes,46891008.0
1776462493.63,recommendation,recommendation-5b46f7469c-rjwxq,cpu_usage,container_cpu_usage,0.015924256547493073
1776462493.63,recommendation,recommendation-5b46f7469c-rjwxq,memory_usage,container_memory_working_set_bytes,47865856.0
1776462493.63,recommendation,recommendation-5b46f7469c-t2fm9,cpu_usage,container_cpu_usage,0.03478788555686028
1776462493.63,recommendation,recommendation-5b46f7469c-t2fm9,memory_usage,container_memory_working_set_bytes,52604928.0
1776462493.63,recommendation,recommendation::service,pod_restart_count,k8s_container_restarts,3.0
1776462493.63,recommendation,recommendation::service,pod_running_count,k8s_container_ready,3.0
1776462503.63,ad,3a8b9295-6ae2-4e8a-b9b0-a607d7fec0a4,dependency_error_ratio,trace_client_error_ratio,0.0
1776462503.63,ad,3a8b9295-6ae2-4e8a-b9b0-a607d7fec0a4,error_ratio,trace_server_error_ratio,0.0
1776462503.63,ad,3a8b9295-6ae2-4e8a-b9b0-a607d7fec0a4,request_count,trace_server_count,0.0
1776462503.63,ad,5680c7ee-584c-4353-b6d2-93bc605a0324,dependency_error_ratio,trace_client_error_ratio,0.0
1776462503.63,ad,5680c7ee-584c-4353-b6d2-93bc605a0324,error_ratio,trace_server_error_ratio,0.0
1776462503.63,ad,5680c7ee-584c-4353-b6d2-93bc605a0324,request_count,trace_server_count,0.0
1776462503.63,ad,9f9a3c1c-bd3f-40ea-8764-b59f1ebd2204,dependency_error_ratio,trace_client_error_ratio,0.0
1776462503.63,ad,ad-7fb5b4f859-52ks9,cpu_usage,container_cpu_usage,0.0014736048821934434
1776462503.63,ad,ad-7fb5b4f859-52ks9,memory_usage,container_memory_working_set_bytes,260341760.0
1776462503.63,ad,ad-7fb5b4f859-rd4zw,cpu_usage,container_cpu_usage,0.001233804803004779
1776462503.63,ad,ad-7fb5b4f859-rd4zw,memory_usage,container_memory_working_set_bytes,238403584.0
1776462503.63,ad,ad-7fb5b4f859-zsstr,cpu_usage,container_cpu_usage,0.004439288539159423
1776462503.63,ad,ad-7fb5b4f859-zsstr,memory_usage,container_memory_working_set_bytes,261767168.0
1776462503.63,ad,ad::service,pod_restart_count,k8s_container_restarts,3.0
1776462503.63,ad,ad::service,pod_running_count,k8s_container_ready,3.0
1776462503.63,cart,cart-7c7496d7f-th7mc,cpu_usage,container_cpu_usage,0.06083427210962896
1776462503.63,cart,cart-7c7496d7f-th7mc,memory_usage,container_memory_working_set_bytes,63332352.0
1776462503.63,cart,cart::service,pod_restart_count,k8s_container_restarts,1.0
1776462503.63,cart,cart::service,pod_running_count,k8s_container_ready,1.0
1776462503.63,cart,f1f3afac-3031-4c18-925a-048232421d89,dependency_error_ratio,trace_client_error_ratio,0.0
1776462503.63,cart,f1f3afac-3031-4c18-925a-048232421d89,error_ratio,trace_server_error_ratio,0.0
1776462503.63,cart,f1f3afac-3031-4c18-925a-048232421d89,request_count,trace_server_count,0.0
1776462503.63,checkout,4755bdbd-5ad9-49fa-acb7-3a7dcb6a9277,dependency_error_ratio,trace_client_error_ratio,0.0
1776462503.63,checkout,4755bdbd-5ad9-49fa-acb7-3a7dcb6a9277,error_ratio,trace_server_error_ratio,0.0
1776462503.63,checkout,4755bdbd-5ad9-49fa-acb7-3a7dcb6a9277,request_count,trace_server_count,0.0
1776462503.63,checkout,bb49e6b9-109a-41b8-be66-ab2a38272474,dependency_error_ratio,trace_client_error_ratio,0.0
1776462503.63,checkout,bb49e6b9-109a-41b8-be66-ab2a38272474,error_ratio,trace_server_error_ratio,0.0
1776462503.63,checkout,bb49e6b9-109a-41b8-be66-ab2a38272474,request_count,trace_server_count,0.0
1776462503.63,checkout,bc5804df-6f63-4261-8788-8ecfe5481366,dependency_error_ratio,trace_client_error_ratio,0.0
1776462503.63,checkout,bc5804df-6f63-4261-8788-8ecfe5481366,error_ratio,trace_server_error_ratio,0.0
1776462503.63,checkout,bc5804df-6f63-4261-8788-8ecfe5481366,request_count,trace_server_count,0.0
1776462503.63,checkout,checkout-7f4ccfc547-6crwh,cpu_usage,container_cpu_usage,0.08155787500000145
1776462503.63,checkout,checkout-7f4ccfc547-6crwh,memory_usage,container_memory_working_set_bytes,15441920.0
1776462503.63,checkout,checkout-7f4ccfc547-ftx2n,cpu_usage,container_cpu_usage,0.0005140258939580753
1776462503.63,checkout,checkout-7f4ccfc547-ftx2n,memory_usage,container_memory_working_set_bytes,12206080.0
1776462503.63,checkout,checkout-7f4ccfc547-qlfgr,cpu_usage,container_cpu_usage,0.07301014739085188
1776462503.63,checkout,checkout-7f4ccfc547-qlfgr,memory_usage,container_memory_working_set_bytes,14753792.0
1776462503.63,checkout,checkout::service,pod_restart_count,k8s_container_restarts,45.0
1776462503.63,checkout,checkout::service,pod_running_count,k8s_container_ready,3.0
1776462503.63,email,email-5dcf48b665-66zvj,cpu_usage,container_cpu_usage,0.004298520616933094
1776462503.63,email,email-5dcf48b665-66zvj,memory_usage,container_memory_working_set_bytes,59543552.0
1776462503.63,email,email-5dcf48b665-9xxmx,cpu_usage,container_cpu_usage,0.014164334526522021
1776462503.63,email,email-5dcf48b665-9xxmx,memory_usage,container_memory_working_set_bytes,56385536.0
1776462503.63,email,email-5dcf48b665-n4zf2,cpu_usage,container_cpu_usage,0.0005672709656991743
1776462503.63,email,email-5dcf48b665-n4zf2,memory_usage,container_memory_working_set_bytes,54542336.0
1776462503.63,email,email::service,pod_restart_count,k8s_container_restarts,9.0
1776462503.63,email,email::service,pod_running_count,k8s_container_ready,3.0
1776462503.63,email,otel-demo.email-5dcf48b665-66zvj.email,error_ratio,trace_server_error_ratio,0.0
1776462503.63,email,otel-demo.email-5dcf48b665-66zvj.email,request_count,trace_server_count,0.0
1776462503.63,email,otel-demo.email-5dcf48b665-9xxmx.email,error_ratio,trace_server_error_ratio,0.0
1776462503.63,email,otel-demo.email-5dcf48b665-9xxmx.email,request_count,trace_server_count,0.0
1776462503.63,email,otel-demo.email-5dcf48b665-n4zf2.email,error_ratio,trace_server_error_ratio,0.0
1776462503.63,email,otel-demo.email-5dcf48b665-n4zf2.email,request_count,trace_server_count,0.0
1776462503.63,frontend,frontend-b78bf7696-6bjdg,cpu_usage,container_cpu_usage,0.09627566898089869
1776462503.63,frontend,frontend-b78bf7696-6bjdg,memory_usage,container_memory_working_set_bytes,119353344.0
1776462503.63,frontend,frontend-b78bf7696-77ldd,cpu_usage,container_cpu_usage,0.10534023746700702
1776462503.63,frontend,frontend-b78bf7696-77ldd,memory_usage,container_memory_working_set_bytes,96710656.0
1776462503.63,frontend,frontend-b78bf7696-p9kqx,cpu_usage,container_cpu_usage,0.02991822331949414
1776462503.63,frontend,frontend-b78bf7696-p9kqx,memory_usage,container_memory_working_set_bytes,117305344.0
1776462503.63,frontend,frontend::service,pod_restart_count,k8s_container_restarts,3.0
1776462503.63,frontend,frontend::service,pod_running_count,k8s_container_ready,3.0
1776462503.63,frontend,otel-demo.frontend-b78bf7696-6bjdg.frontend,dependency_error_ratio,trace_client_error_ratio,0.0
1776462503.63,frontend,otel-demo.frontend-b78bf7696-6bjdg.frontend,error_ratio,trace_server_error_ratio,0.0
1776462503.63,frontend,otel-demo.frontend-b78bf7696-6bjdg.frontend,http_5xx_ratio,http_server_5xx_ratio,0.0
1776462503.63,frontend,otel-demo.frontend-b78bf7696-6bjdg.frontend,request_count,trace_server_count,0.0
1776462503.63,frontend,otel-demo.frontend-b78bf7696-77ldd.frontend,dependency_error_ratio,trace_client_error_ratio,0.0
1776462503.63,frontend,otel-demo.frontend-b78bf7696-77ldd.frontend,error_ratio,trace_server_error_ratio,0.0
1776462503.63,frontend,otel-demo.frontend-b78bf7696-77ldd.frontend,http_5xx_ratio,http_server_5xx_ratio,0.0
1776462503.63,frontend,otel-demo.frontend-b78bf7696-77ldd.frontend,request_count,trace_server_count,0.0
1776462503.63,frontend,otel-demo.frontend-b78bf7696-p9kqx.frontend,dependency_error_ratio,trace_client_error_ratio,0.0
1776462503.63,frontend,otel-demo.frontend-b78bf7696-p9kqx.frontend,error_ratio,trace_server_error_ratio,0.0
1776462503.63,frontend,otel-demo.frontend-b78bf7696-p9kqx.frontend,http_5xx_ratio,http_server_5xx_ratio,0.0
1776462503.63,frontend,otel-demo.frontend-b78bf7696-p9kqx.frontend,request_count,trace_server_count,0.0
1776462503.63,kafka,kafka-66df8bdf76-zjcbb,cpu_usage,container_cpu_usage,0.011296195145678896
1776462503.63,kafka,kafka-66df8bdf76-zjcbb,memory_usage,container_memory_working_set_bytes,666181632.0
1776462503.63,kafka,kafka::service,pod_restart_count,k8s_container_restarts,9.0
1776462503.63,kafka,kafka::service,pod_running_count,k8s_container_ready,1.0
1776462503.63,kafka,kafka::service,queue_lag,queue_size_ratio,0.0
1776462503.63,payment,otel-demo.payment-f9f8d647b-74h8z.payment,dependency_error_ratio,trace_client_error_ratio,0.0
1776462503.63,payment,otel-demo.payment-f9f8d647b-74h8z.payment,error_ratio,trace_server_error_ratio,0.0
1776462503.63,payment,otel-demo.payment-f9f8d647b-74h8z.payment,request_count,trace_server_count,0.0
1776462503.63,payment,otel-demo.payment-f9f8d647b-75hmx.payment,dependency_error_ratio,trace_client_error_ratio,0.0
1776462503.63,payment,otel-demo.payment-f9f8d647b-75hmx.payment,error_ratio,trace_server_error_ratio,0.0
1776462503.63,payment,otel-demo.payment-f9f8d647b-75hmx.payment,request_count,trace_server_count,0.0
1776462503.63,payment,otel-demo.payment-f9f8d647b-tv6l5.payment,dependency_error_ratio,trace_client_error_ratio,0.0
1776462503.63,payment,otel-demo.payment-f9f8d647b-tv6l5.payment,error_ratio,trace_server_error_ratio,0.0
1776462503.63,payment,otel-demo.payment-f9f8d647b-tv6l5.payment,request_count,trace_server_count,0.0
1776462503.63,payment,payment-f9f8d647b-74h8z,cpu_usage,container_cpu_usage,0.011178822731511887
1776462503.63,payment,payment-f9f8d647b-74h8z,memory_usage,container_memory_working_set_bytes,110518272.0
1776462503.63,payment,payment-f9f8d647b-75hmx,cpu_usage,container_cpu_usage,0.011473261268611043
1776462503.63,payment,payment-f9f8d647b-75hmx,memory_usage,container_memory_working_set_bytes,109912064.0
1776462503.63,payment,payment-f9f8d647b-tv6l5,cpu_usage,container_cpu_usage,0.007036780112700061
1776462503.63,payment,payment-f9f8d647b-tv6l5,memory_usage,container_memory_working_set_bytes,99868672.0
1776462503.63,payment,payment::service,pod_restart_count,k8s_container_restarts,39.0
1776462503.63,payment,payment::service,pod_running_count,k8s_container_ready,3.0
1776462503.63,product-catalog,otel-demo.product-catalog-784544475c-7crs7.product-catalog,dependency_error_ratio,trace_client_error_ratio,0.0
1776462503.63,product-catalog,otel-demo.product-catalog-784544475c-7crs7.product-catalog,error_ratio,trace_server_error_ratio,0.0
1776462503.63,product-catalog,otel-demo.product-catalog-784544475c-7crs7.product-catalog,request_count,trace_server_count,0.0
1776462503.63,product-catalog,otel-demo.product-catalog-784544475c-8skc7.product-catalog,dependency_error_ratio,trace_client_error_ratio,0.0
1776462503.63,product-catalog,otel-demo.product-catalog-784544475c-8skc7.product-catalog,error_ratio,trace_server_error_ratio,0.0
1776462503.63,product-catalog,otel-demo.product-catalog-784544475c-8skc7.product-catalog,request_count,trace_server_count,0.0
1776462503.63,product-catalog,otel-demo.product-catalog-784544475c-stwzc.product-catalog,dependency_error_ratio,trace_client_error_ratio,0.0
1776462503.63,product-catalog,otel-demo.product-catalog-784544475c-stwzc.product-catalog,error_ratio,trace_server_error_ratio,0.0
1776462503.63,product-catalog,otel-demo.product-catalog-784544475c-stwzc.product-catalog,request_count,trace_server_count,0.0
1776462503.63,product-catalog,product-catalog-784544475c-7crs7,cpu_usage,container_cpu_usage,0.014706019183274945
1776462503.63,product-catalog,product-catalog-784544475c-7crs7,memory_usage,container_memory_working_set_bytes,15097856.0
1776462503.63,product-catalog,product-catalog-784544475c-8skc7,cpu_usage,container_cpu_usage,0.19398350461132455
1776462503.63,product-catalog,product-catalog-784544475c-8skc7,memory_usage,container_memory_working_set_bytes,15147008.0
1776462503.63,product-catalog,product-catalog-784544475c-stwzc,cpu_usage,container_cpu_usage,0.0005312027103331454
1776462503.63,product-catalog,product-catalog-784544475c-stwzc,memory_usage,container_memory_working_set_bytes,12632064.0
1776462503.63,product-catalog,product-catalog::service,pod_restart_count,k8s_container_restarts,37.0
1776462503.63,product-catalog,product-catalog::service,pod_running_count,k8s_container_ready,3.0
1776462503.63,recommendation,otel-demo.recommendation-5b46f7469c-g2rgb.recommendation,dependency_error_ratio,trace_client_error_ratio,0.0
1776462503.63,recommendation,otel-demo.recommendation-5b46f7469c-rjwxq.recommendation,dependency_error_ratio,trace_client_error_ratio,0.0
1776462503.63,recommendation,otel-demo.recommendation-5b46f7469c-rjwxq.recommendation,error_ratio,trace_server_error_ratio,0.0
1776462503.63,recommendation,otel-demo.recommendation-5b46f7469c-rjwxq.recommendation,request_count,trace_server_count,0.0
1776462503.63,recommendation,otel-demo.recommendation-5b46f7469c-t2fm9.recommendation,dependency_error_ratio,trace_client_error_ratio,0.0
1776462503.63,recommendation,otel-demo.recommendation-5b46f7469c-t2fm9.recommendation,error_ratio,trace_server_error_ratio,0.0
1776462503.63,recommendation,otel-demo.recommendation-5b46f7469c-t2fm9.recommendation,request_count,trace_server_count,0.0
1776462503.63,recommendation,recommendation-5b46f7469c-g2rgb,cpu_usage,container_cpu_usage,0.00651965128514601
1776462503.63,recommendation,recommendation-5b46f7469c-g2rgb,memory_usage,container_memory_working_set_bytes,46891008.0
1776462503.63,recommendation,recommendation-5b46f7469c-rjwxq,cpu_usage,container_cpu_usage,0.011426073156510643
1776462503.63,recommendation,recommendation-5b46f7469c-rjwxq,memory_usage,container_memory_working_set_bytes,47865856.0
1776462503.63,recommendation,recommendation-5b46f7469c-t2fm9,cpu_usage,container_cpu_usage,0.03626963207029143
1776462503.63,recommendation,recommendation-5b46f7469c-t2fm9,memory_usage,container_memory_working_set_bytes,52604928.0
1776462503.63,recommendation,recommendation::service,pod_restart_count,k8s_container_restarts,3.0
1776462503.63,recommendation,recommendation::service,pod_running_count,k8s_container_ready,3.0
1776462513.63,ad,3a8b9295-6ae2-4e8a-b9b0-a607d7fec0a4,dependency_error_ratio,trace_client_error_ratio,0.0
1776462513.63,ad,3a8b9295-6ae2-4e8a-b9b0-a607d7fec0a4,error_ratio,trace_server_error_ratio,0.0
1776462513.63,ad,3a8b9295-6ae2-4e8a-b9b0-a607d7fec0a4,request_count,trace_server_count,0.0
1776462513.63,ad,5680c7ee-584c-4353-b6d2-93bc605a0324,dependency_error_ratio,trace_client_error_ratio,0.0
1776462513.63,ad,5680c7ee-584c-4353-b6d2-93bc605a0324,error_ratio,trace_server_error_ratio,0.0
1776462513.63,ad,5680c7ee-584c-4353-b6d2-93bc605a0324,request_count,trace_server_count,0.0
1776462513.63,ad,9f9a3c1c-bd3f-40ea-8764-b59f1ebd2204,dependency_error_ratio,trace_client_error_ratio,0.0
1776462513.63,ad,ad-7fb5b4f859-52ks9,cpu_usage,container_cpu_usage,0.001862905574657493
1776462513.63,ad,ad-7fb5b4f859-52ks9,memory_usage,container_memory_working_set_bytes,260341760.0
1776462513.63,ad,ad-7fb5b4f859-rd4zw,cpu_usage,container_cpu_usage,0.001233804803004779
1776462513.63,ad,ad-7fb5b4f859-rd4zw,memory_usage,container_memory_working_set_bytes,238403584.0
1776462513.63,ad,ad-7fb5b4f859-zsstr,cpu_usage,container_cpu_usage,0.003961706122542971
1776462513.63,ad,ad-7fb5b4f859-zsstr,memory_usage,container_memory_working_set_bytes,261767168.0
1776462513.63,ad,ad::service,pod_restart_count,k8s_container_restarts,3.0
1776462513.63,ad,ad::service,pod_running_count,k8s_container_ready,3.0
1776462513.63,cart,cart-7c7496d7f-th7mc,cpu_usage,container_cpu_usage,0.057634862228308464
1776462513.63,cart,cart-7c7496d7f-th7mc,memory_usage,container_memory_working_set_bytes,63332352.0
1776462513.63,cart,cart::service,pod_restart_count,k8s_container_restarts,1.0
1776462513.63,cart,cart::service,pod_running_count,k8s_container_ready,1.0
1776462513.63,cart,f1f3afac-3031-4c18-925a-048232421d89,dependency_error_ratio,trace_client_error_ratio,0.0
1776462513.63,cart,f1f3afac-3031-4c18-925a-048232421d89,error_ratio,trace_server_error_ratio,0.0
1776462513.63,cart,f1f3afac-3031-4c18-925a-048232421d89,request_count,trace_server_count,0.0
1776462513.63,checkout,4755bdbd-5ad9-49fa-acb7-3a7dcb6a9277,dependency_error_ratio,trace_client_error_ratio,0.0
1776462513.63,checkout,4755bdbd-5ad9-49fa-acb7-3a7dcb6a9277,error_ratio,trace_server_error_ratio,0.0
1776462513.63,checkout,4755bdbd-5ad9-49fa-acb7-3a7dcb6a9277,request_count,trace_server_count,0.0
1776462513.63,checkout,bb49e6b9-109a-41b8-be66-ab2a38272474,dependency_error_ratio,trace_client_error_ratio,0.0
1776462513.63,checkout,bb49e6b9-109a-41b8-be66-ab2a38272474,error_ratio,trace_server_error_ratio,0.0
1776462513.63,checkout,bb49e6b9-109a-41b8-be66-ab2a38272474,request_count,trace_server_count,0.0
1776462513.63,checkout,bc5804df-6f63-4261-8788-8ecfe5481366,dependency_error_ratio,trace_client_error_ratio,0.0
1776462513.63,checkout,bc5804df-6f63-4261-8788-8ecfe5481366,error_ratio,trace_server_error_ratio,0.0
1776462513.63,checkout,bc5804df-6f63-4261-8788-8ecfe5481366,request_count,trace_server_count,0.0
1776462513.63,checkout,checkout-7f4ccfc547-6crwh,cpu_usage,container_cpu_usage,0.11276753160913384
1776462513.63,checkout,checkout-7f4ccfc547-6crwh,memory_usage,container_memory_working_set_bytes,15638528.0
1776462513.63,checkout,checkout-7f4ccfc547-ftx2n,cpu_usage,container_cpu_usage,0.0005140258939580753
1776462513.63,checkout,checkout-7f4ccfc547-ftx2n,memory_usage,container_memory_working_set_bytes,12206080.0
1776462513.63,checkout,checkout-7f4ccfc547-qlfgr,cpu_usage,container_cpu_usage,0.04898728859496959
1776462513.63,checkout,checkout-7f4ccfc547-qlfgr,memory_usage,container_memory_working_set_bytes,14729216.0
1776462513.63,checkout,checkout::service,pod_restart_count,k8s_container_restarts,45.0
1776462513.63,checkout,checkout::service,pod_running_count,k8s_container_ready,3.0
1776462513.63,email,email-5dcf48b665-66zvj,cpu_usage,container_cpu_usage,0.0073217216927494045
1776462513.63,email,email-5dcf48b665-66zvj,memory_usage,container_memory_working_set_bytes,59572224.0
1776462513.63,email,email-5dcf48b665-9xxmx,cpu_usage,container_cpu_usage,0.0071987641902582595
1776462513.63,email,email-5dcf48b665-9xxmx,memory_usage,container_memory_working_set_bytes,56389632.0
1776462513.63,email,email-5dcf48b665-n4zf2,cpu_usage,container_cpu_usage,0.0005134492786048013
1776462513.63,email,email-5dcf48b665-n4zf2,memory_usage,container_memory_working_set_bytes,54542336.0
1776462513.63,email,email::service,pod_restart_count,k8s_container_restarts,9.0
1776462513.63,email,email::service,pod_running_count,k8s_container_ready,3.0
1776462513.63,email,otel-demo.email-5dcf48b665-66zvj.email,error_ratio,trace_server_error_ratio,0.0
1776462513.63,email,otel-demo.email-5dcf48b665-66zvj.email,request_count,trace_server_count,0.0
1776462513.63,email,otel-demo.email-5dcf48b665-9xxmx.email,error_ratio,trace_server_error_ratio,0.0
1776462513.63,email,otel-demo.email-5dcf48b665-9xxmx.email,request_count,trace_server_count,0.0
1776462513.63,email,otel-demo.email-5dcf48b665-n4zf2.email,error_ratio,trace_server_error_ratio,0.0
1776462513.63,email,otel-demo.email-5dcf48b665-n4zf2.email,request_count,trace_server_count,0.0
1776462513.63,frontend,frontend-b78bf7696-6bjdg,cpu_usage,container_cpu_usage,0.12906495272232502
1776462513.63,frontend,frontend-b78bf7696-6bjdg,memory_usage,container_memory_working_set_bytes,117592064.0
1776462513.63,frontend,frontend-b78bf7696-77ldd,cpu_usage,container_cpu_usage,0.10671236532888648
1776462513.63,frontend,frontend-b78bf7696-77ldd,memory_usage,container_memory_working_set_bytes,96710656.0
1776462513.63,frontend,frontend-b78bf7696-p9kqx,cpu_usage,container_cpu_usage,0.03258614130434422
1776462513.63,frontend,frontend-b78bf7696-p9kqx,memory_usage,container_memory_working_set_bytes,118476800.0
1776462513.63,frontend,frontend::service,pod_restart_count,k8s_container_restarts,3.0
1776462513.63,frontend,frontend::service,pod_running_count,k8s_container_ready,3.0
1776462513.63,frontend,otel-demo.frontend-b78bf7696-6bjdg.frontend,dependency_error_ratio,trace_client_error_ratio,0.0
1776462513.63,frontend,otel-demo.frontend-b78bf7696-6bjdg.frontend,error_ratio,trace_server_error_ratio,0.0
1776462513.63,frontend,otel-demo.frontend-b78bf7696-6bjdg.frontend,http_5xx_ratio,http_server_5xx_ratio,0.0
1776462513.63,frontend,otel-demo.frontend-b78bf7696-6bjdg.frontend,request_count,trace_server_count,0.0
1776462513.63,frontend,otel-demo.frontend-b78bf7696-77ldd.frontend,dependency_error_ratio,trace_client_error_ratio,0.0
1776462513.63,frontend,otel-demo.frontend-b78bf7696-77ldd.frontend,error_ratio,trace_server_error_ratio,0.0
1776462513.63,frontend,otel-demo.frontend-b78bf7696-77ldd.frontend,http_5xx_ratio,http_server_5xx_ratio,0.0
1776462513.63,frontend,otel-demo.frontend-b78bf7696-77ldd.frontend,request_count,trace_server_count,0.0
1776462513.63,frontend,otel-demo.frontend-b78bf7696-p9kqx.frontend,dependency_error_ratio,trace_client_error_ratio,0.0
1776462513.63,frontend,otel-demo.frontend-b78bf7696-p9kqx.frontend,error_ratio,trace_server_error_ratio,0.0
1776462513.63,frontend,otel-demo.frontend-b78bf7696-p9kqx.frontend,http_5xx_ratio,http_server_5xx_ratio,0.0
1776462513.63,frontend,otel-demo.frontend-b78bf7696-p9kqx.frontend,request_count,trace_server_count,0.0
1776462513.63,kafka,kafka-66df8bdf76-zjcbb,cpu_usage,container_cpu_usage,0.013572852669073317
1776462513.63,kafka,kafka-66df8bdf76-zjcbb,memory_usage,container_memory_working_set_bytes,666181632.0
1776462513.63,kafka,kafka::service,pod_restart_count,k8s_container_restarts,9.0
1776462513.63,kafka,kafka::service,pod_running_count,k8s_container_ready,1.0
1776462513.63,kafka,kafka::service,queue_lag,queue_size_ratio,0.0
1776462513.63,payment,otel-demo.payment-f9f8d647b-74h8z.payment,dependency_error_ratio,trace_client_error_ratio,0.0
1776462513.63,payment,otel-demo.payment-f9f8d647b-74h8z.payment,error_ratio,trace_server_error_ratio,0.0
1776462513.63,payment,otel-demo.payment-f9f8d647b-74h8z.payment,request_count,trace_server_count,0.0
1776462513.63,payment,otel-demo.payment-f9f8d647b-75hmx.payment,dependency_error_ratio,trace_client_error_ratio,0.0
1776462513.63,payment,otel-demo.payment-f9f8d647b-75hmx.payment,error_ratio,trace_server_error_ratio,0.0
1776462513.63,payment,otel-demo.payment-f9f8d647b-75hmx.payment,request_count,trace_server_count,0.0
1776462513.63,payment,otel-demo.payment-f9f8d647b-tv6l5.payment,dependency_error_ratio,trace_client_error_ratio,0.0
1776462513.63,payment,otel-demo.payment-f9f8d647b-tv6l5.payment,error_ratio,trace_server_error_ratio,0.0
1776462513.63,payment,otel-demo.payment-f9f8d647b-tv6l5.payment,request_count,trace_server_count,0.0
1776462513.63,payment,payment-f9f8d647b-74h8z,cpu_usage,container_cpu_usage,0.010594314938153954
1776462513.63,payment,payment-f9f8d647b-74h8z,memory_usage,container_memory_working_set_bytes,110518272.0
1776462513.63,payment,payment-f9f8d647b-75hmx,cpu_usage,container_cpu_usage,0.011629058131540368
1776462513.63,payment,payment-f9f8d647b-75hmx,memory_usage,container_memory_working_set_bytes,109912064.0
1776462513.63,payment,payment-f9f8d647b-tv6l5,cpu_usage,container_cpu_usage,0.006832579566841866
1776462513.63,payment,payment-f9f8d647b-tv6l5,memory_usage,container_memory_working_set_bytes,99868672.0
1776462513.63,payment,payment::service,pod_restart_count,k8s_container_restarts,39.0
1776462513.63,payment,payment::service,pod_running_count,k8s_container_ready,3.0
1776462513.63,product-catalog,otel-demo.product-catalog-784544475c-7crs7.product-catalog,dependency_error_ratio,trace_client_error_ratio,0.0
1776462513.63,product-catalog,otel-demo.product-catalog-784544475c-7crs7.product-catalog,error_ratio,trace_server_error_ratio,0.0
1776462513.63,product-catalog,otel-demo.product-catalog-784544475c-7crs7.product-catalog,request_count,trace_server_count,0.0
1776462513.63,product-catalog,otel-demo.product-catalog-784544475c-8skc7.product-catalog,dependency_error_ratio,trace_client_error_ratio,0.0
1776462513.63,product-catalog,otel-demo.product-catalog-784544475c-8skc7.product-catalog,error_ratio,trace_server_error_ratio,0.0
1776462513.63,product-catalog,otel-demo.product-catalog-784544475c-8skc7.product-catalog,request_count,trace_server_count,0.0
1776462513.63,product-catalog,otel-demo.product-catalog-784544475c-stwzc.product-catalog,dependency_error_ratio,trace_client_error_ratio,0.0
1776462513.63,product-catalog,otel-demo.product-catalog-784544475c-stwzc.product-catalog,error_ratio,trace_server_error_ratio,0.0
1776462513.63,product-catalog,otel-demo.product-catalog-784544475c-stwzc.product-catalog,request_count,trace_server_count,0.0
1776462513.63,product-catalog,product-catalog-784544475c-7crs7,cpu_usage,container_cpu_usage,0.013714803498682067
1776462513.63,product-catalog,product-catalog-784544475c-7crs7,memory_usage,container_memory_working_set_bytes,14954496.0
1776462513.63,product-catalog,product-catalog-784544475c-8skc7,cpu_usage,container_cpu_usage,0.19398350461132455
1776462513.63,product-catalog,product-catalog-784544475c-8skc7,memory_usage,container_memory_working_set_bytes,15147008.0
1776462513.63,product-catalog,product-catalog-784544475c-stwzc,cpu_usage,container_cpu_usage,0.0005187012573611341
1776462513.63,product-catalog,product-catalog-784544475c-stwzc,memory_usage,container_memory_working_set_bytes,12636160.0
1776462513.63,product-catalog,product-catalog::service,pod_restart_count,k8s_container_restarts,37.0
1776462513.63,product-catalog,product-catalog::service,pod_running_count,k8s_container_ready,3.0
1776462513.63,recommendation,otel-demo.recommendation-5b46f7469c-g2rgb.recommendation,dependency_error_ratio,trace_client_error_ratio,0.0
1776462513.63,recommendation,otel-demo.recommendation-5b46f7469c-rjwxq.recommendation,dependency_error_ratio,trace_client_error_ratio,0.0
1776462513.63,recommendation,otel-demo.recommendation-5b46f7469c-rjwxq.recommendation,error_ratio,trace_server_error_ratio,0.0
1776462513.63,recommendation,otel-demo.recommendation-5b46f7469c-rjwxq.recommendation,request_count,trace_server_count,0.0
1776462513.63,recommendation,otel-demo.recommendation-5b46f7469c-t2fm9.recommendation,dependency_error_ratio,trace_client_error_ratio,0.0
1776462513.63,recommendation,otel-demo.recommendation-5b46f7469c-t2fm9.recommendation,error_ratio,trace_server_error_ratio,0.0
1776462513.63,recommendation,otel-demo.recommendation-5b46f7469c-t2fm9.recommendation,request_count,trace_server_count,0.0
1776462513.63,recommendation,recommendation-5b46f7469c-g2rgb,cpu_usage,container_cpu_usage,0.006283832646775436
1776462513.63,recommendation,recommendation-5b46f7469c-g2rgb,memory_usage,container_memory_working_set_bytes,46891008.0
1776462513.63,recommendation,recommendation-5b46f7469c-rjwxq,cpu_usage,container_cpu_usage,0.013446232217182469
1776462513.63,recommendation,recommendation-5b46f7469c-rjwxq,memory_usage,container_memory_working_set_bytes,47865856.0
1776462513.63,recommendation,recommendation-5b46f7469c-t2fm9,cpu_usage,container_cpu_usage,0.03584769808894705
1776462513.63,recommendation,recommendation-5b46f7469c-t2fm9,memory_usage,container_memory_working_set_bytes,52551680.0
1776462513.63,recommendation,recommendation::service,pod_restart_count,k8s_container_restarts,3.0
1776462513.63,recommendation,recommendation::service,pod_running_count,k8s_container_ready,3.0
1776462523.63,ad,3a8b9295-6ae2-4e8a-b9b0-a607d7fec0a4,dependency_error_ratio,trace_client_error_ratio,0.0
1776462523.63,ad,3a8b9295-6ae2-4e8a-b9b0-a607d7fec0a4,error_ratio,trace_server_error_ratio,0.0
1776462523.63,ad,3a8b9295-6ae2-4e8a-b9b0-a607d7fec0a4,request_count,trace_server_count,0.0
1776462523.63,ad,5680c7ee-584c-4353-b6d2-93bc605a0324,dependency_error_ratio,trace_client_error_ratio,0.0
1776462523.63,ad,5680c7ee-584c-4353-b6d2-93bc605a0324,error_ratio,trace_server_error_ratio,0.0
1776462523.63,ad,5680c7ee-584c-4353-b6d2-93bc605a0324,request_count,trace_server_count,0.0
1776462523.63,ad,9f9a3c1c-bd3f-40ea-8764-b59f1ebd2204,dependency_error_ratio,trace_client_error_ratio,0.0
1776462523.63,ad,ad-7fb5b4f859-52ks9,cpu_usage,container_cpu_usage,0.0018663254783672276
1776462523.63,ad,ad-7fb5b4f859-52ks9,memory_usage,container_memory_working_set_bytes,260374528.0
1776462523.63,ad,ad-7fb5b4f859-rd4zw,cpu_usage,container_cpu_usage,0.0011676864129656025
1776462523.63,ad,ad-7fb5b4f859-rd4zw,memory_usage,container_memory_working_set_bytes,238403584.0
1776462523.63,ad,ad-7fb5b4f859-zsstr,cpu_usage,container_cpu_usage,0.004094806179267272
1776462523.63,ad,ad-7fb5b4f859-zsstr,memory_usage,container_memory_working_set_bytes,261767168.0
1776462523.63,ad,ad::service,pod_restart_count,k8s_container_restarts,3.0
1776462523.63,ad,ad::service,pod_running_count,k8s_container_ready,3.0
1776462523.63,cart,cart-7c7496d7f-th7mc,cpu_usage,container_cpu_usage,0.04612373936975957
1776462523.63,cart,cart-7c7496d7f-th7mc,memory_usage,container_memory_working_set_bytes,63332352.0
1776462523.63,cart,cart::service,pod_restart_count,k8s_container_restarts,1.0
1776462523.63,cart,cart::service,pod_running_count,k8s_container_ready,1.0
1776462523.63,cart,f1f3afac-3031-4c18-925a-048232421d89,dependency_error_ratio,trace_client_error_ratio,0.0
1776462523.63,cart,f1f3afac-3031-4c18-925a-048232421d89,error_ratio,trace_server_error_ratio,0.0
1776462523.63,cart,f1f3afac-3031-4c18-925a-048232421d89,request_count,trace_server_count,0.0
1776462523.63,checkout,4755bdbd-5ad9-49fa-acb7-3a7dcb6a9277,dependency_error_ratio,trace_client_error_ratio,0.0
1776462523.63,checkout,4755bdbd-5ad9-49fa-acb7-3a7dcb6a9277,error_ratio,trace_server_error_ratio,0.0
1776462523.63,checkout,4755bdbd-5ad9-49fa-acb7-3a7dcb6a9277,request_count,trace_server_count,0.0
1776462523.63,checkout,bb49e6b9-109a-41b8-be66-ab2a38272474,dependency_error_ratio,trace_client_error_ratio,0.0
1776462523.63,checkout,bb49e6b9-109a-41b8-be66-ab2a38272474,error_ratio,trace_server_error_ratio,0.0
1776462523.63,checkout,bb49e6b9-109a-41b8-be66-ab2a38272474,request_count,trace_server_count,0.0
1776462523.63,checkout,bc5804df-6f63-4261-8788-8ecfe5481366,dependency_error_ratio,trace_client_error_ratio,0.0
1776462523.63,checkout,bc5804df-6f63-4261-8788-8ecfe5481366,error_ratio,trace_server_error_ratio,0.0
1776462523.63,checkout,bc5804df-6f63-4261-8788-8ecfe5481366,request_count,trace_server_count,0.0
1776462523.63,checkout,checkout-7f4ccfc547-6crwh,cpu_usage,container_cpu_usage,0.1082991290708712
1776462523.63,checkout,checkout-7f4ccfc547-6crwh,memory_usage,container_memory_working_set_bytes,14643200.0
1776462523.63,checkout,checkout-7f4ccfc547-ftx2n,cpu_usage,container_cpu_usage,0.000475088897668901
1776462523.63,checkout,checkout-7f4ccfc547-ftx2n,memory_usage,container_memory_working_set_bytes,12206080.0
1776462523.63,checkout,checkout-7f4ccfc547-qlfgr,cpu_usage,container_cpu_usage,0.04898728859496959
1776462523.63,checkout,checkout-7f4ccfc547-qlfgr,memory_usage,container_memory_working_set_bytes,14729216.0
1776462523.63,checkout,checkout::service,pod_restart_count,k8s_container_restarts,45.0
1776462523.63,checkout,checkout::service,pod_running_count,k8s_container_ready,3.0
1776462523.63,email,email-5dcf48b665-66zvj,cpu_usage,container_cpu_usage,0.011354549337889727
1776462523.63,email,email-5dcf48b665-66zvj,memory_usage,container_memory_working_set_bytes,59523072.0
1776462523.63,email,email-5dcf48b665-9xxmx,cpu_usage,container_cpu_usage,0.0051440776777104714
1776462523.63,email,email-5dcf48b665-9xxmx,memory_usage,container_memory_working_set_bytes,56389632.0
1776462523.63,email,email-5dcf48b665-n4zf2,cpu_usage,container_cpu_usage,0.0005010372646950778
1776462523.63,email,email-5dcf48b665-n4zf2,memory_usage,container_memory_working_set_bytes,54550528.0
1776462523.63,email,email::service,pod_restart_count,k8s_container_restarts,9.0
1776462523.63,email,email::service,pod_running_count,k8s_container_ready,3.0
1776462523.63,email,otel-demo.email-5dcf48b665-66zvj.email,error_ratio,trace_server_error_ratio,0.0
1776462523.63,email,otel-demo.email-5dcf48b665-66zvj.email,request_count,trace_server_count,0.0
1776462523.63,email,otel-demo.email-5dcf48b665-9xxmx.email,error_ratio,trace_server_error_ratio,0.0
1776462523.63,email,otel-demo.email-5dcf48b665-9xxmx.email,request_count,trace_server_count,0.0
1776462523.63,email,otel-demo.email-5dcf48b665-n4zf2.email,error_ratio,trace_server_error_ratio,0.0
1776462523.63,email,otel-demo.email-5dcf48b665-n4zf2.email,request_count,trace_server_count,0.0
1776462523.63,frontend,frontend-b78bf7696-6bjdg,cpu_usage,container_cpu_usage,0.14205260156807406
1776462523.63,frontend,frontend-b78bf7696-6bjdg,memory_usage,container_memory_working_set_bytes,117592064.0
1776462523.63,frontend,frontend-b78bf7696-77ldd,cpu_usage,container_cpu_usage,0.11580759311460369
1776462523.63,frontend,frontend-b78bf7696-77ldd,memory_usage,container_memory_working_set_bytes,101031936.0
1776462523.63,frontend,frontend-b78bf7696-p9kqx,cpu_usage,container_cpu_usage,0.03258614130434422
1776462523.63,frontend,frontend-b78bf7696-p9kqx,memory_usage,container_memory_working_set_bytes,118476800.0
1776462523.63,frontend,frontend::service,pod_restart_count,k8s_container_restarts,3.0
1776462523.63,frontend,frontend::service,pod_running_count,k8s_container_ready,3.0
1776462523.63,frontend,otel-demo.frontend-b78bf7696-6bjdg.frontend,dependency_error_ratio,trace_client_error_ratio,0.0
1776462523.63,frontend,otel-demo.frontend-b78bf7696-6bjdg.frontend,error_ratio,trace_server_error_ratio,0.0
1776462523.63,frontend,otel-demo.frontend-b78bf7696-6bjdg.frontend,http_5xx_ratio,http_server_5xx_ratio,0.0
1776462523.63,frontend,otel-demo.frontend-b78bf7696-6bjdg.frontend,request_count,trace_server_count,0.0
1776462523.63,frontend,otel-demo.frontend-b78bf7696-77ldd.frontend,dependency_error_ratio,trace_client_error_ratio,0.0
1776462523.63,frontend,otel-demo.frontend-b78bf7696-77ldd.frontend,error_ratio,trace_server_error_ratio,0.0
1776462523.63,frontend,otel-demo.frontend-b78bf7696-77ldd.frontend,http_5xx_ratio,http_server_5xx_ratio,0.0
1776462523.63,frontend,otel-demo.frontend-b78bf7696-77ldd.frontend,request_count,trace_server_count,0.0
1776462523.63,frontend,otel-demo.frontend-b78bf7696-p9kqx.frontend,dependency_error_ratio,trace_client_error_ratio,0.0
1776462523.63,frontend,otel-demo.frontend-b78bf7696-p9kqx.frontend,error_ratio,trace_server_error_ratio,0.0
1776462523.63,frontend,otel-demo.frontend-b78bf7696-p9kqx.frontend,http_5xx_ratio,http_server_5xx_ratio,0.0
1776462523.63,frontend,otel-demo.frontend-b78bf7696-p9kqx.frontend,request_count,trace_server_count,0.0
1776462523.63,kafka,kafka-66df8bdf76-zjcbb,cpu_usage,container_cpu_usage,0.012781637456394726
1776462523.63,kafka,kafka-66df8bdf76-zjcbb,memory_usage,container_memory_working_set_bytes,666218496.0
1776462523.63,kafka,kafka::service,pod_restart_count,k8s_container_restarts,9.0
1776462523.63,kafka,kafka::service,pod_running_count,k8s_container_ready,1.0
1776462523.63,kafka,kafka::service,queue_lag,queue_size_ratio,0.0
1776462523.63,payment,otel-demo.payment-f9f8d647b-74h8z.payment,dependency_error_ratio,trace_client_error_ratio,0.0
1776462523.63,payment,otel-demo.payment-f9f8d647b-74h8z.payment,error_ratio,trace_server_error_ratio,0.0
1776462523.63,payment,otel-demo.payment-f9f8d647b-74h8z.payment,request_count,trace_server_count,0.0
1776462523.63,payment,otel-demo.payment-f9f8d647b-75hmx.payment,dependency_error_ratio,trace_client_error_ratio,0.0
1776462523.63,payment,otel-demo.payment-f9f8d647b-75hmx.payment,error_ratio,trace_server_error_ratio,0.0
1776462523.63,payment,otel-demo.payment-f9f8d647b-75hmx.payment,request_count,trace_server_count,0.0
1776462523.63,payment,otel-demo.payment-f9f8d647b-tv6l5.payment,dependency_error_ratio,trace_client_error_ratio,0.0
1776462523.63,payment,otel-demo.payment-f9f8d647b-tv6l5.payment,error_ratio,trace_server_error_ratio,0.0
1776462523.63,payment,otel-demo.payment-f9f8d647b-tv6l5.payment,request_count,trace_server_count,0.0
1776462523.63,payment,payment-f9f8d647b-74h8z,cpu_usage,container_cpu_usage,0.010071193886256753
1776462523.63,payment,payment-f9f8d647b-74h8z,memory_usage,container_memory_working_set_bytes,110522368.0
1776462523.63,payment,payment-f9f8d647b-75hmx,cpu_usage,container_cpu_usage,0.011773762890718683
1776462523.63,payment,payment-f9f8d647b-75hmx,memory_usage,container_memory_working_set_bytes,109912064.0
1776462523.63,payment,payment-f9f8d647b-tv6l5,cpu_usage,container_cpu_usage,0.0066131173707218455
1776462523.63,payment,payment-f9f8d647b-tv6l5,memory_usage,container_memory_working_set_bytes,99868672.0
1776462523.63,payment,payment::service,pod_restart_count,k8s_container_restarts,39.0
1776462523.63,payment,payment::service,pod_running_count,k8s_container_ready,3.0
1776462523.63,product-catalog,otel-demo.product-catalog-784544475c-7crs7.product-catalog,dependency_error_ratio,trace_client_error_ratio,0.0
1776462523.63,product-catalog,otel-demo.product-catalog-784544475c-7crs7.product-catalog,error_ratio,trace_server_error_ratio,0.0
1776462523.63,product-catalog,otel-demo.product-catalog-784544475c-7crs7.product-catalog,request_count,trace_server_count,0.0
1776462523.63,product-catalog,otel-demo.product-catalog-784544475c-8skc7.product-catalog,dependency_error_ratio,trace_client_error_ratio,0.0
1776462523.63,product-catalog,otel-demo.product-catalog-784544475c-8skc7.product-catalog,error_ratio,trace_server_error_ratio,0.0
1776462523.63,product-catalog,otel-demo.product-catalog-784544475c-8skc7.product-catalog,request_count,trace_server_count,0.0
1776462523.63,product-catalog,otel-demo.product-catalog-784544475c-stwzc.product-catalog,dependency_error_ratio,trace_client_error_ratio,0.0
1776462523.63,product-catalog,otel-demo.product-catalog-784544475c-stwzc.product-catalog,error_ratio,trace_server_error_ratio,0.0
1776462523.63,product-catalog,otel-demo.product-catalog-784544475c-stwzc.product-catalog,request_count,trace_server_count,0.0
1776462523.63,product-catalog,product-catalog-784544475c-7crs7,cpu_usage,container_cpu_usage,0.011345114034168116
1776462523.63,product-catalog,product-catalog-784544475c-7crs7,memory_usage,container_memory_working_set_bytes,14954496.0
1776462523.63,product-catalog,product-catalog-784544475c-8skc7,cpu_usage,container_cpu_usage,0.153720536378247
1776462523.63,product-catalog,product-catalog-784544475c-8skc7,memory_usage,container_memory_working_set_bytes,15069184.0
1776462523.63,product-catalog,product-catalog-784544475c-stwzc,cpu_usage,container_cpu_usage,0.0004278567970677061
1776462523.63,product-catalog,product-catalog-784544475c-stwzc,memory_usage,container_memory_working_set_bytes,12636160.0
1776462523.63,product-catalog,product-catalog::service,pod_restart_count,k8s_container_restarts,37.0
1776462523.63,product-catalog,product-catalog::service,pod_running_count,k8s_container_ready,3.0
1776462523.63,recommendation,otel-demo.recommendation-5b46f7469c-g2rgb.recommendation,dependency_error_ratio,trace_client_error_ratio,0.0
1776462523.63,recommendation,otel-demo.recommendation-5b46f7469c-rjwxq.recommendation,dependency_error_ratio,trace_client_error_ratio,0.0
1776462523.63,recommendation,otel-demo.recommendation-5b46f7469c-rjwxq.recommendation,error_ratio,trace_server_error_ratio,0.0
1776462523.63,recommendation,otel-demo.recommendation-5b46f7469c-rjwxq.recommendation,request_count,trace_server_count,0.0
1776462523.63,recommendation,otel-demo.recommendation-5b46f7469c-t2fm9.recommendation,dependency_error_ratio,trace_client_error_ratio,0.0
1776462523.63,recommendation,otel-demo.recommendation-5b46f7469c-t2fm9.recommendation,error_ratio,trace_server_error_ratio,0.0
1776462523.63,recommendation,otel-demo.recommendation-5b46f7469c-t2fm9.recommendation,request_count,trace_server_count,0.0
1776462523.63,recommendation,recommendation-5b46f7469c-g2rgb,cpu_usage,container_cpu_usage,0.008102603447396564
1776462523.63,recommendation,recommendation-5b46f7469c-g2rgb,memory_usage,container_memory_working_set_bytes,46940160.0
1776462523.63,recommendation,recommendation-5b46f7469c-rjwxq,cpu_usage,container_cpu_usage,0.011480351337477008
1776462523.63,recommendation,recommendation-5b46f7469c-rjwxq,memory_usage,container_memory_working_set_bytes,47865856.0
1776462523.63,recommendation,recommendation-5b46f7469c-t2fm9,cpu_usage,container_cpu_usage,0.034849710225605915
1776462523.63,recommendation,recommendation-5b46f7469c-t2fm9,memory_usage,container_memory_working_set_bytes,52551680.0
1776462523.63,recommendation,recommendation::service,pod_restart_count,k8s_container_restarts,3.0
1776462523.63,recommendation,recommendation::service,pod_running_count,k8s_container_ready,3.0
1776462533.63,ad,3a8b9295-6ae2-4e8a-b9b0-a607d7fec0a4,dependency_error_ratio,trace_client_error_ratio,0.0
1776462533.63,ad,3a8b9295-6ae2-4e8a-b9b0-a607d7fec0a4,error_ratio,trace_server_error_ratio,0.0
1776462533.63,ad,3a8b9295-6ae2-4e8a-b9b0-a607d7fec0a4,request_count,trace_server_count,0.0
1776462533.63,ad,5680c7ee-584c-4353-b6d2-93bc605a0324,dependency_error_ratio,trace_client_error_ratio,0.0
1776462533.63,ad,5680c7ee-584c-4353-b6d2-93bc605a0324,error_ratio,trace_server_error_ratio,0.0
1776462533.63,ad,5680c7ee-584c-4353-b6d2-93bc605a0324,request_count,trace_server_count,0.0
1776462533.63,ad,9f9a3c1c-bd3f-40ea-8764-b59f1ebd2204,dependency_error_ratio,trace_client_error_ratio,0.0
1776462533.63,ad,ad-7fb5b4f859-52ks9,cpu_usage,container_cpu_usage,0.002185269457348545
1776462533.63,ad,ad-7fb5b4f859-52ks9,memory_usage,container_memory_working_set_bytes,260374528.0
1776462533.63,ad,ad-7fb5b4f859-rd4zw,cpu_usage,container_cpu_usage,0.0012464498835117722
1776462533.63,ad,ad-7fb5b4f859-rd4zw,memory_usage,container_memory_working_set_bytes,238403584.0
1776462533.63,ad,ad-7fb5b4f859-zsstr,cpu_usage,container_cpu_usage,0.004357735591683155
1776462533.63,ad,ad-7fb5b4f859-zsstr,memory_usage,container_memory_working_set_bytes,261767168.0
1776462533.63,ad,ad::service,pod_restart_count,k8s_container_restarts,3.0
1776462533.63,ad,ad::service,pod_running_count,k8s_container_ready,3.0
1776462533.63,cart,cart-7c7496d7f-th7mc,cpu_usage,container_cpu_usage,0.0540451936095263
1776462533.63,cart,cart-7c7496d7f-th7mc,memory_usage,container_memory_working_set_bytes,63234048.0
1776462533.63,cart,cart::service,pod_restart_count,k8s_container_restarts,1.0
1776462533.63,cart,cart::service,pod_running_count,k8s_container_ready,1.0
1776462533.63,cart,f1f3afac-3031-4c18-925a-048232421d89,dependency_error_ratio,trace_client_error_ratio,0.0
1776462533.63,cart,f1f3afac-3031-4c18-925a-048232421d89,error_ratio,trace_server_error_ratio,0.0
1776462533.63,cart,f1f3afac-3031-4c18-925a-048232421d89,request_count,trace_server_count,0.0
1776462533.63,checkout,4755bdbd-5ad9-49fa-acb7-3a7dcb6a9277,dependency_error_ratio,trace_client_error_ratio,0.0
1776462533.63,checkout,4755bdbd-5ad9-49fa-acb7-3a7dcb6a9277,error_ratio,trace_server_error_ratio,0.0
1776462533.63,checkout,4755bdbd-5ad9-49fa-acb7-3a7dcb6a9277,request_count,trace_server_count,0.0
1776462533.63,checkout,bb49e6b9-109a-41b8-be66-ab2a38272474,dependency_error_ratio,trace_client_error_ratio,0.0
1776462533.63,checkout,bb49e6b9-109a-41b8-be66-ab2a38272474,error_ratio,trace_server_error_ratio,0.0
1776462533.63,checkout,bb49e6b9-109a-41b8-be66-ab2a38272474,request_count,trace_server_count,0.0
1776462533.63,checkout,bc5804df-6f63-4261-8788-8ecfe5481366,dependency_error_ratio,trace_client_error_ratio,0.0
1776462533.63,checkout,bc5804df-6f63-4261-8788-8ecfe5481366,error_ratio,trace_server_error_ratio,0.0
1776462533.63,checkout,bc5804df-6f63-4261-8788-8ecfe5481366,request_count,trace_server_count,0.0
1776462533.63,checkout,checkout-7f4ccfc547-6crwh,cpu_usage,container_cpu_usage,0.1082991290708712
1776462533.63,checkout,checkout-7f4ccfc547-6crwh,memory_usage,container_memory_working_set_bytes,14643200.0
1776462533.63,checkout,checkout-7f4ccfc547-ftx2n,cpu_usage,container_cpu_usage,0.0004886840612592109
1776462533.63,checkout,checkout-7f4ccfc547-ftx2n,memory_usage,container_memory_working_set_bytes,12206080.0
1776462533.63,checkout,checkout-7f4ccfc547-qlfgr,cpu_usage,container_cpu_usage,0.0534811393379522
1776462533.63,checkout,checkout-7f4ccfc547-qlfgr,memory_usage,container_memory_working_set_bytes,14741504.0
1776462533.63,checkout,checkout::service,pod_restart_count,k8s_container_restarts,45.0
1776462533.63,checkout,checkout::service,pod_running_count,k8s_container_ready,3.0
1776462533.63,email,email-5dcf48b665-66zvj,cpu_usage,container_cpu_usage,0.013768571343230238
1776462533.63,email,email-5dcf48b665-66zvj,memory_usage,container_memory_working_set_bytes,59523072.0
1776462533.63,email,email-5dcf48b665-9xxmx,cpu_usage,container_cpu_usage,0.0006910061499076445
1776462533.63,email,email-5dcf48b665-9xxmx,memory_usage,container_memory_working_set_bytes,56389632.0
1776462533.63,email,email-5dcf48b665-n4zf2,cpu_usage,container_cpu_usage,0.0005668368682903833
1776462533.63,email,email-5dcf48b665-n4zf2,memory_usage,container_memory_working_set_bytes,54550528.0
1776462533.63,email,email::service,pod_restart_count,k8s_container_restarts,9.0
1776462533.63,email,email::service,pod_running_count,k8s_container_ready,3.0
1776462533.63,email,otel-demo.email-5dcf48b665-66zvj.email,error_ratio,trace_server_error_ratio,0.0
1776462533.63,email,otel-demo.email-5dcf48b665-66zvj.email,request_count,trace_server_count,0.0
1776462533.63,email,otel-demo.email-5dcf48b665-9xxmx.email,error_ratio,trace_server_error_ratio,0.0
1776462533.63,email,otel-demo.email-5dcf48b665-9xxmx.email,request_count,trace_server_count,0.0
1776462533.63,email,otel-demo.email-5dcf48b665-n4zf2.email,error_ratio,trace_server_error_ratio,0.0
1776462533.63,email,otel-demo.email-5dcf48b665-n4zf2.email,request_count,trace_server_count,0.0
1776462533.63,frontend,frontend-b78bf7696-6bjdg,cpu_usage,container_cpu_usage,0.10510917692571853
1776462533.63,frontend,frontend-b78bf7696-6bjdg,memory_usage,container_memory_working_set_bytes,117854208.0
1776462533.63,frontend,frontend-b78bf7696-77ldd,cpu_usage,container_cpu_usage,0.12097149437440981
1776462533.63,frontend,frontend-b78bf7696-77ldd,memory_usage,container_memory_working_set_bytes,99766272.0
1776462533.63,frontend,frontend-b78bf7696-p9kqx,cpu_usage,container_cpu_usage,0.05260139943073701
1776462533.63,frontend,frontend-b78bf7696-p9kqx,memory_usage,container_memory_working_set_bytes,118571008.0
1776462533.63,frontend,frontend::service,pod_restart_count,k8s_container_restarts,3.0
1776462533.63,frontend,frontend::service,pod_running_count,k8s_container_ready,3.0
1776462533.63,frontend,otel-demo.frontend-b78bf7696-6bjdg.frontend,dependency_error_ratio,trace_client_error_ratio,0.0
1776462533.63,frontend,otel-demo.frontend-b78bf7696-6bjdg.frontend,error_ratio,trace_server_error_ratio,0.0
1776462533.63,frontend,otel-demo.frontend-b78bf7696-6bjdg.frontend,http_5xx_ratio,http_server_5xx_ratio,0.0
1776462533.63,frontend,otel-demo.frontend-b78bf7696-6bjdg.frontend,request_count,trace_server_count,0.0
1776462533.63,frontend,otel-demo.frontend-b78bf7696-77ldd.frontend,dependency_error_ratio,trace_client_error_ratio,0.0
1776462533.63,frontend,otel-demo.frontend-b78bf7696-77ldd.frontend,error_ratio,trace_server_error_ratio,0.0
1776462533.63,frontend,otel-demo.frontend-b78bf7696-77ldd.frontend,http_5xx_ratio,http_server_5xx_ratio,0.0
1776462533.63,frontend,otel-demo.frontend-b78bf7696-77ldd.frontend,request_count,trace_server_count,0.0
1776462533.63,frontend,otel-demo.frontend-b78bf7696-p9kqx.frontend,dependency_error_ratio,trace_client_error_ratio,0.0
1776462533.63,frontend,otel-demo.frontend-b78bf7696-p9kqx.frontend,error_ratio,trace_server_error_ratio,0.0
1776462533.63,frontend,otel-demo.frontend-b78bf7696-p9kqx.frontend,http_5xx_ratio,http_server_5xx_ratio,0.0
1776462533.63,frontend,otel-demo.frontend-b78bf7696-p9kqx.frontend,request_count,trace_server_count,0.0
1776462533.63,kafka,kafka-66df8bdf76-zjcbb,cpu_usage,container_cpu_usage,0.01112014938631007
1776462533.63,kafka,kafka-66df8bdf76-zjcbb,memory_usage,container_memory_working_set_bytes,666251264.0
1776462533.63,kafka,kafka::service,pod_restart_count,k8s_container_restarts,9.0
1776462533.63,kafka,kafka::service,pod_running_count,k8s_container_ready,1.0
1776462533.63,kafka,kafka::service,queue_lag,queue_size_ratio,0.0
1776462533.63,payment,otel-demo.payment-f9f8d647b-74h8z.payment,dependency_error_ratio,trace_client_error_ratio,0.0
1776462533.63,payment,otel-demo.payment-f9f8d647b-74h8z.payment,error_ratio,trace_server_error_ratio,0.0
1776462533.63,payment,otel-demo.payment-f9f8d647b-74h8z.payment,request_count,trace_server_count,0.0
1776462533.63,payment,otel-demo.payment-f9f8d647b-75hmx.payment,dependency_error_ratio,trace_client_error_ratio,0.0
1776462533.63,payment,otel-demo.payment-f9f8d647b-75hmx.payment,error_ratio,trace_server_error_ratio,0.0
1776462533.63,payment,otel-demo.payment-f9f8d647b-75hmx.payment,request_count,trace_server_count,0.0
1776462533.63,payment,otel-demo.payment-f9f8d647b-tv6l5.payment,dependency_error_ratio,trace_client_error_ratio,0.0
1776462533.63,payment,otel-demo.payment-f9f8d647b-tv6l5.payment,error_ratio,trace_server_error_ratio,0.0
1776462533.63,payment,otel-demo.payment-f9f8d647b-tv6l5.payment,request_count,trace_server_count,0.0
1776462533.63,payment,payment-f9f8d647b-74h8z,cpu_usage,container_cpu_usage,0.010301782976036355
1776462533.63,payment,payment-f9f8d647b-74h8z,memory_usage,container_memory_working_set_bytes,110522368.0
1776462533.63,payment,payment-f9f8d647b-75hmx,cpu_usage,container_cpu_usage,0.010708787805337789
1776462533.63,payment,payment-f9f8d647b-75hmx,memory_usage,container_memory_working_set_bytes,109912064.0
1776462533.63,payment,payment-f9f8d647b-tv6l5,cpu_usage,container_cpu_usage,0.006632046148245874
1776462533.63,payment,payment-f9f8d647b-tv6l5,memory_usage,container_memory_working_set_bytes,99868672.0
1776462533.63,payment,payment::service,pod_restart_count,k8s_container_restarts,39.0
1776462533.63,payment,payment::service,pod_running_count,k8s_container_ready,3.0
1776462533.63,product-catalog,otel-demo.product-catalog-784544475c-7crs7.product-catalog,dependency_error_ratio,trace_client_error_ratio,0.0
1776462533.63,product-catalog,otel-demo.product-catalog-784544475c-7crs7.product-catalog,error_ratio,trace_server_error_ratio,0.0
1776462533.63,product-catalog,otel-demo.product-catalog-784544475c-7crs7.product-catalog,request_count,trace_server_count,0.0
1776462533.63,product-catalog,otel-demo.product-catalog-784544475c-8skc7.product-catalog,dependency_error_ratio,trace_client_error_ratio,0.0
1776462533.63,product-catalog,otel-demo.product-catalog-784544475c-8skc7.product-catalog,error_ratio,trace_server_error_ratio,0.0
1776462533.63,product-catalog,otel-demo.product-catalog-784544475c-8skc7.product-catalog,request_count,trace_server_count,0.0
1776462533.63,product-catalog,otel-demo.product-catalog-784544475c-stwzc.product-catalog,dependency_error_ratio,trace_client_error_ratio,0.0
1776462533.63,product-catalog,otel-demo.product-catalog-784544475c-stwzc.product-catalog,error_ratio,trace_server_error_ratio,0.0
1776462533.63,product-catalog,otel-demo.product-catalog-784544475c-stwzc.product-catalog,request_count,trace_server_count,0.0
1776462533.63,product-catalog,product-catalog-784544475c-7crs7,cpu_usage,container_cpu_usage,0.022263404683691892
1776462533.63,product-catalog,product-catalog-784544475c-7crs7,memory_usage,container_memory_working_set_bytes,14680064.0
1776462533.63,product-catalog,product-catalog-784544475c-8skc7,cpu_usage,container_cpu_usage,0.1371674610400004
1776462533.63,product-catalog,product-catalog-784544475c-8skc7,memory_usage,container_memory_working_set_bytes,15077376.0
1776462533.63,product-catalog,product-catalog-784544475c-stwzc,cpu_usage,container_cpu_usage,0.0004654275940706957
1776462533.63,product-catalog,product-catalog-784544475c-stwzc,memory_usage,container_memory_working_set_bytes,12173312.0
1776462533.63,product-catalog,product-catalog::service,pod_restart_count,k8s_container_restarts,37.0
1776462533.63,product-catalog,product-catalog::service,pod_running_count,k8s_container_ready,3.0
1776462533.63,recommendation,otel-demo.recommendation-5b46f7469c-g2rgb.recommendation,dependency_error_ratio,trace_client_error_ratio,0.0
1776462533.63,recommendation,otel-demo.recommendation-5b46f7469c-rjwxq.recommendation,dependency_error_ratio,trace_client_error_ratio,0.0
1776462533.63,recommendation,otel-demo.recommendation-5b46f7469c-rjwxq.recommendation,error_ratio,trace_server_error_ratio,0.0
1776462533.63,recommendation,otel-demo.recommendation-5b46f7469c-rjwxq.recommendation,request_count,trace_server_count,0.0
1776462533.63,recommendation,otel-demo.recommendation-5b46f7469c-t2fm9.recommendation,dependency_error_ratio,trace_client_error_ratio,0.0
1776462533.63,recommendation,otel-demo.recommendation-5b46f7469c-t2fm9.recommendation,error_ratio,trace_server_error_ratio,0.0
1776462533.63,recommendation,otel-demo.recommendation-5b46f7469c-t2fm9.recommendation,request_count,trace_server_count,0.0
1776462533.63,recommendation,recommendation-5b46f7469c-g2rgb,cpu_usage,container_cpu_usage,0.008102603447396566
1776462533.63,recommendation,recommendation-5b46f7469c-g2rgb,memory_usage,container_memory_working_set_bytes,46940160.0
1776462533.63,recommendation,recommendation-5b46f7469c-rjwxq,cpu_usage,container_cpu_usage,0.011832934758975167
1776462533.63,recommendation,recommendation-5b46f7469c-rjwxq,memory_usage,container_memory_working_set_bytes,47910912.0
1776462533.63,recommendation,recommendation-5b46f7469c-t2fm9,cpu_usage,container_cpu_usage,0.0338933969300822
1776462533.63,recommendation,recommendation-5b46f7469c-t2fm9,memory_usage,container_memory_working_set_bytes,52563968.0
1776462533.63,recommendation,recommendation::service,pod_restart_count,k8s_container_restarts,3.0
1776462533.63,recommendation,recommendation::service,pod_running_count,k8s_container_ready,3.0
1776462543.63,ad,3a8b9295-6ae2-4e8a-b9b0-a607d7fec0a4,dependency_error_ratio,trace_client_error_ratio,0.0
1776462543.63,ad,3a8b9295-6ae2-4e8a-b9b0-a607d7fec0a4,error_ratio,trace_server_error_ratio,0.0
1776462543.63,ad,3a8b9295-6ae2-4e8a-b9b0-a607d7fec0a4,request_count,trace_server_count,0.0
1776462543.63,ad,5680c7ee-584c-4353-b6d2-93bc605a0324,dependency_error_ratio,trace_client_error_ratio,0.0
1776462543.63,ad,5680c7ee-584c-4353-b6d2-93bc605a0324,error_ratio,trace_server_error_ratio,0.0
1776462543.63,ad,5680c7ee-584c-4353-b6d2-93bc605a0324,request_count,trace_server_count,0.0
1776462543.63,ad,9f9a3c1c-bd3f-40ea-8764-b59f1ebd2204,dependency_error_ratio,trace_client_error_ratio,0.0
1776462543.63,ad,ad-7fb5b4f859-52ks9,cpu_usage,container_cpu_usage,0.0024184796828151767
1776462543.63,ad,ad-7fb5b4f859-52ks9,memory_usage,container_memory_working_set_bytes,260374528.0
1776462543.63,ad,ad-7fb5b4f859-rd4zw,cpu_usage,container_cpu_usage,0.001248636783730825
1776462543.63,ad,ad-7fb5b4f859-rd4zw,memory_usage,container_memory_working_set_bytes,238403584.0
1776462543.63,ad,ad-7fb5b4f859-zsstr,cpu_usage,container_cpu_usage,0.004375983504259812
1776462543.63,ad,ad-7fb5b4f859-zsstr,memory_usage,container_memory_working_set_bytes,261767168.0
1776462543.63,ad,ad::service,pod_restart_count,k8s_container_restarts,3.0
1776462543.63,ad,ad::service,pod_running_count,k8s_container_ready,3.0
1776462543.63,cart,cart-7c7496d7f-th7mc,cpu_usage,container_cpu_usage,0.0540451936095263
1776462543.63,cart,cart-7c7496d7f-th7mc,memory_usage,container_memory_working_set_bytes,63234048.0
1776462543.63,cart,cart::service,pod_restart_count,k8s_container_restarts,1.0
1776462543.63,cart,cart::service,pod_running_count,k8s_container_ready,1.0
1776462543.63,cart,f1f3afac-3031-4c18-925a-048232421d89,dependency_error_ratio,trace_client_error_ratio,0.0
1776462543.63,cart,f1f3afac-3031-4c18-925a-048232421d89,error_ratio,trace_server_error_ratio,0.0
1776462543.63,cart,f1f3afac-3031-4c18-925a-048232421d89,request_count,trace_server_count,0.0
1776462543.63,checkout,4755bdbd-5ad9-49fa-acb7-3a7dcb6a9277,dependency_error_ratio,trace_client_error_ratio,0.0
1776462543.63,checkout,4755bdbd-5ad9-49fa-acb7-3a7dcb6a9277,error_ratio,trace_server_error_ratio,0.0
1776462543.63,checkout,4755bdbd-5ad9-49fa-acb7-3a7dcb6a9277,request_count,trace_server_count,0.0
1776462543.63,checkout,bb49e6b9-109a-41b8-be66-ab2a38272474,dependency_error_ratio,trace_client_error_ratio,0.0
1776462543.63,checkout,bb49e6b9-109a-41b8-be66-ab2a38272474,error_ratio,trace_server_error_ratio,0.0
1776462543.63,checkout,bb49e6b9-109a-41b8-be66-ab2a38272474,request_count,trace_server_count,0.0
1776462543.63,checkout,bc5804df-6f63-4261-8788-8ecfe5481366,dependency_error_ratio,trace_client_error_ratio,0.0
1776462543.63,checkout,bc5804df-6f63-4261-8788-8ecfe5481366,error_ratio,trace_server_error_ratio,0.0
1776462543.63,checkout,bc5804df-6f63-4261-8788-8ecfe5481366,request_count,trace_server_count,0.0
1776462543.63,checkout,checkout-7f4ccfc547-6crwh,cpu_usage,container_cpu_usage,0.09721580027359737
1776462543.63,checkout,checkout-7f4ccfc547-6crwh,memory_usage,container_memory_working_set_bytes,14581760.0
1776462543.63,checkout,checkout-7f4ccfc547-ftx2n,cpu_usage,container_cpu_usage,0.000479816770683309
1776462543.63,checkout,checkout-7f4ccfc547-ftx2n,memory_usage,container_memory_working_set_bytes,12210176.0
1776462543.63,checkout,checkout-7f4ccfc547-qlfgr,cpu_usage,container_cpu_usage,0.05069329919091059
1776462543.63,checkout,checkout-7f4ccfc547-qlfgr,memory_usage,container_memory_working_set_bytes,14782464.0
1776462543.63,checkout,checkout::service,pod_restart_count,k8s_container_restarts,45.0
1776462543.63,checkout,checkout::service,pod_running_count,k8s_container_ready,3.0
1776462543.63,email,email-5dcf48b665-66zvj,cpu_usage,container_cpu_usage,0.016393756693507334
1776462543.63,email,email-5dcf48b665-66zvj,memory_usage,container_memory_working_set_bytes,59408384.0
1776462543.63,email,email-5dcf48b665-9xxmx,cpu_usage,container_cpu_usage,0.000762000040016194
1776462543.63,email,email-5dcf48b665-9xxmx,memory_usage,container_memory_working_set_bytes,56360960.0
1776462543.63,email,email-5dcf48b665-n4zf2,cpu_usage,container_cpu_usage,0.0005668368682903833
1776462543.63,email,email-5dcf48b665-n4zf2,memory_usage,container_memory_working_set_bytes,54550528.0
1776462543.63,email,email::service,pod_restart_count,k8s_container_restarts,9.0
1776462543.63,email,email::service,pod_running_count,k8s_container_ready,3.0
1776462543.63,email,otel-demo.email-5dcf48b665-66zvj.email,error_ratio,trace_server_error_ratio,0.0
1776462543.63,email,otel-demo.email-5dcf48b665-66zvj.email,request_count,trace_server_count,0.0
1776462543.63,email,otel-demo.email-5dcf48b665-9xxmx.email,error_ratio,trace_server_error_ratio,0.0
1776462543.63,email,otel-demo.email-5dcf48b665-9xxmx.email,request_count,trace_server_count,0.0
1776462543.63,email,otel-demo.email-5dcf48b665-n4zf2.email,error_ratio,trace_server_error_ratio,0.0
1776462543.63,email,otel-demo.email-5dcf48b665-n4zf2.email,request_count,trace_server_count,0.0
1776462543.63,frontend,frontend-b78bf7696-6bjdg,cpu_usage,container_cpu_usage,0.10296641286426077
1776462543.63,frontend,frontend-b78bf7696-6bjdg,memory_usage,container_memory_working_set_bytes,117071872.0
1776462543.63,frontend,frontend-b78bf7696-77ldd,cpu_usage,container_cpu_usage,0.1372975299725726
1776462543.63,frontend,frontend-b78bf7696-77ldd,memory_usage,container_memory_working_set_bytes,99766272.0
1776462543.63,frontend,frontend-b78bf7696-p9kqx,cpu_usage,container_cpu_usage,0.07107145959657113
1776462543.63,frontend,frontend-b78bf7696-p9kqx,memory_usage,container_memory_working_set_bytes,119050240.0
1776462543.63,frontend,frontend::service,pod_restart_count,k8s_container_restarts,3.0
1776462543.63,frontend,frontend::service,pod_running_count,k8s_container_ready,3.0
1776462543.63,frontend,otel-demo.frontend-b78bf7696-6bjdg.frontend,dependency_error_ratio,trace_client_error_ratio,0.0
1776462543.63,frontend,otel-demo.frontend-b78bf7696-6bjdg.frontend,error_ratio,trace_server_error_ratio,0.0
1776462543.63,frontend,otel-demo.frontend-b78bf7696-6bjdg.frontend,http_5xx_ratio,http_server_5xx_ratio,0.0
1776462543.63,frontend,otel-demo.frontend-b78bf7696-6bjdg.frontend,request_count,trace_server_count,0.0
1776462543.63,frontend,otel-demo.frontend-b78bf7696-77ldd.frontend,dependency_error_ratio,trace_client_error_ratio,0.0
1776462543.63,frontend,otel-demo.frontend-b78bf7696-77ldd.frontend,error_ratio,trace_server_error_ratio,0.0
1776462543.63,frontend,otel-demo.frontend-b78bf7696-77ldd.frontend,http_5xx_ratio,http_server_5xx_ratio,0.0
1776462543.63,frontend,otel-demo.frontend-b78bf7696-77ldd.frontend,request_count,trace_server_count,0.0
1776462543.63,frontend,otel-demo.frontend-b78bf7696-p9kqx.frontend,dependency_error_ratio,trace_client_error_ratio,0.0
1776462543.63,frontend,otel-demo.frontend-b78bf7696-p9kqx.frontend,error_ratio,trace_server_error_ratio,0.0
1776462543.63,frontend,otel-demo.frontend-b78bf7696-p9kqx.frontend,http_5xx_ratio,http_server_5xx_ratio,0.0
1776462543.63,frontend,otel-demo.frontend-b78bf7696-p9kqx.frontend,request_count,trace_server_count,0.0
1776462543.63,kafka,kafka-66df8bdf76-zjcbb,cpu_usage,container_cpu_usage,0.01413002444068434
1776462543.63,kafka,kafka-66df8bdf76-zjcbb,memory_usage,container_memory_working_set_bytes,666267648.0
1776462543.63,kafka,kafka::service,pod_restart_count,k8s_container_restarts,9.0
1776462543.63,kafka,kafka::service,pod_running_count,k8s_container_ready,1.0
1776462543.63,kafka,kafka::service,queue_lag,queue_size_ratio,0.0
1776462543.63,payment,otel-demo.payment-f9f8d647b-74h8z.payment,dependency_error_ratio,trace_client_error_ratio,0.0
1776462543.63,payment,otel-demo.payment-f9f8d647b-74h8z.payment,error_ratio,trace_server_error_ratio,0.0
1776462543.63,payment,otel-demo.payment-f9f8d647b-74h8z.payment,request_count,trace_server_count,0.0
1776462543.63,payment,otel-demo.payment-f9f8d647b-75hmx.payment,dependency_error_ratio,trace_client_error_ratio,0.0
1776462543.63,payment,otel-demo.payment-f9f8d647b-75hmx.payment,error_ratio,trace_server_error_ratio,0.0
1776462543.63,payment,otel-demo.payment-f9f8d647b-75hmx.payment,request_count,trace_server_count,0.0
1776462543.63,payment,otel-demo.payment-f9f8d647b-tv6l5.payment,dependency_error_ratio,trace_client_error_ratio,0.0
1776462543.63,payment,otel-demo.payment-f9f8d647b-tv6l5.payment,error_ratio,trace_server_error_ratio,0.0
1776462543.63,payment,otel-demo.payment-f9f8d647b-tv6l5.payment,request_count,trace_server_count,0.0
1776462543.63,payment,payment-f9f8d647b-74h8z,cpu_usage,container_cpu_usage,0.011266463481005904
1776462543.63,payment,payment-f9f8d647b-74h8z,memory_usage,container_memory_working_set_bytes,108937216.0
1776462543.63,payment,payment-f9f8d647b-75hmx,cpu_usage,container_cpu_usage,0.012142197425610618
1776462543.63,payment,payment-f9f8d647b-75hmx,memory_usage,container_memory_working_set_bytes,109907968.0
1776462543.63,payment,payment-f9f8d647b-tv6l5,cpu_usage,container_cpu_usage,0.0072174501113262575
1776462543.63,payment,payment-f9f8d647b-tv6l5,memory_usage,container_memory_working_set_bytes,101023744.0
1776462543.63,payment,payment::service,pod_restart_count,k8s_container_restarts,39.0
1776462543.63,payment,payment::service,pod_running_count,k8s_container_ready,3.0
1776462543.63,product-catalog,otel-demo.product-catalog-784544475c-7crs7.product-catalog,dependency_error_ratio,trace_client_error_ratio,0.0
1776462543.63,product-catalog,otel-demo.product-catalog-784544475c-7crs7.product-catalog,error_ratio,trace_server_error_ratio,0.0
1776462543.63,product-catalog,otel-demo.product-catalog-784544475c-7crs7.product-catalog,request_count,trace_server_count,0.0
1776462543.63,product-catalog,otel-demo.product-catalog-784544475c-8skc7.product-catalog,dependency_error_ratio,trace_client_error_ratio,0.0
1776462543.63,product-catalog,otel-demo.product-catalog-784544475c-8skc7.product-catalog,error_ratio,trace_server_error_ratio,0.0
1776462543.63,product-catalog,otel-demo.product-catalog-784544475c-8skc7.product-catalog,request_count,trace_server_count,0.0
1776462543.63,product-catalog,otel-demo.product-catalog-784544475c-stwzc.product-catalog,dependency_error_ratio,trace_client_error_ratio,0.0
1776462543.63,product-catalog,otel-demo.product-catalog-784544475c-stwzc.product-catalog,error_ratio,trace_server_error_ratio,0.0
1776462543.63,product-catalog,otel-demo.product-catalog-784544475c-stwzc.product-catalog,request_count,trace_server_count,0.0
1776462543.63,product-catalog,product-catalog-784544475c-7crs7,cpu_usage,container_cpu_usage,0.022263404683691892
1776462543.63,product-catalog,product-catalog-784544475c-7crs7,memory_usage,container_memory_working_set_bytes,14680064.0
1776462543.63,product-catalog,product-catalog-784544475c-8skc7,cpu_usage,container_cpu_usage,0.09324894595630605
1776462543.63,product-catalog,product-catalog-784544475c-8skc7,memory_usage,container_memory_working_set_bytes,15077376.0
1776462543.63,product-catalog,product-catalog-784544475c-stwzc,cpu_usage,container_cpu_usage,0.0004654275940706957
1776462543.63,product-catalog,product-catalog-784544475c-stwzc,memory_usage,container_memory_working_set_bytes,12173312.0
1776462543.63,product-catalog,product-catalog::service,pod_restart_count,k8s_container_restarts,37.0
1776462543.63,product-catalog,product-catalog::service,pod_running_count,k8s_container_ready,3.0
1776462543.63,recommendation,otel-demo.recommendation-5b46f7469c-g2rgb.recommendation,dependency_error_ratio,trace_client_error_ratio,0.0
1776462543.63,recommendation,otel-demo.recommendation-5b46f7469c-rjwxq.recommendation,dependency_error_ratio,trace_client_error_ratio,0.0
1776462543.63,recommendation,otel-demo.recommendation-5b46f7469c-rjwxq.recommendation,error_ratio,trace_server_error_ratio,0.0
1776462543.63,recommendation,otel-demo.recommendation-5b46f7469c-rjwxq.recommendation,request_count,trace_server_count,0.0
1776462543.63,recommendation,otel-demo.recommendation-5b46f7469c-t2fm9.recommendation,dependency_error_ratio,trace_client_error_ratio,0.0
1776462543.63,recommendation,otel-demo.recommendation-5b46f7469c-t2fm9.recommendation,error_ratio,trace_server_error_ratio,0.0
1776462543.63,recommendation,otel-demo.recommendation-5b46f7469c-t2fm9.recommendation,request_count,trace_server_count,0.0
1776462543.63,recommendation,recommendation-5b46f7469c-g2rgb,cpu_usage,container_cpu_usage,0.009817833550257796
1776462543.63,recommendation,recommendation-5b46f7469c-g2rgb,memory_usage,container_memory_working_set_bytes,46891008.0
1776462543.63,recommendation,recommendation-5b46f7469c-rjwxq,cpu_usage,container_cpu_usage,0.018644177540529532
1776462543.63,recommendation,recommendation-5b46f7469c-rjwxq,memory_usage,container_memory_working_set_bytes,47865856.0
1776462543.63,recommendation,recommendation-5b46f7469c-t2fm9,cpu_usage,container_cpu_usage,0.0344981165607423
1776462543.63,recommendation,recommendation-5b46f7469c-t2fm9,memory_usage,container_memory_working_set_bytes,52563968.0
1776462543.63,recommendation,recommendation::service,pod_restart_count,k8s_container_restarts,3.0
1776462543.63,recommendation,recommendation::service,pod_running_count,k8s_container_ready,3.0
1776462553.63,ad,3a8b9295-6ae2-4e8a-b9b0-a607d7fec0a4,dependency_error_ratio,trace_client_error_ratio,0.0
1776462553.63,ad,3a8b9295-6ae2-4e8a-b9b0-a607d7fec0a4,error_ratio,trace_server_error_ratio,0.0
1776462553.63,ad,3a8b9295-6ae2-4e8a-b9b0-a607d7fec0a4,request_count,trace_server_count,0.0
1776462553.63,ad,5680c7ee-584c-4353-b6d2-93bc605a0324,dependency_error_ratio,trace_client_error_ratio,0.0
1776462553.63,ad,5680c7ee-584c-4353-b6d2-93bc605a0324,error_ratio,trace_server_error_ratio,0.0
1776462553.63,ad,5680c7ee-584c-4353-b6d2-93bc605a0324,request_count,trace_server_count,0.0
1776462553.63,ad,9f9a3c1c-bd3f-40ea-8764-b59f1ebd2204,dependency_error_ratio,trace_client_error_ratio,0.0
1776462553.63,ad,ad-7fb5b4f859-52ks9,cpu_usage,container_cpu_usage,0.0023523403299980966
1776462553.63,ad,ad-7fb5b4f859-52ks9,memory_usage,container_memory_working_set_bytes,260374528.0
1776462553.63,ad,ad-7fb5b4f859-rd4zw,cpu_usage,container_cpu_usage,0.0009259352962330646
1776462553.63,ad,ad-7fb5b4f859-rd4zw,memory_usage,container_memory_working_set_bytes,238403584.0
1776462553.63,ad,ad-7fb5b4f859-zsstr,cpu_usage,container_cpu_usage,0.004447043437641444
1776462553.63,ad,ad-7fb5b4f859-zsstr,memory_usage,container_memory_working_set_bytes,261767168.0
1776462553.63,ad,ad::service,pod_restart_count,k8s_container_restarts,3.0
1776462553.63,ad,ad::service,pod_running_count,k8s_container_ready,3.0
1776462553.63,cart,cart-7c7496d7f-th7mc,cpu_usage,container_cpu_usage,0.06422959308289744
1776462553.63,cart,cart-7c7496d7f-th7mc,memory_usage,container_memory_working_set_bytes,63057920.0
1776462553.63,cart,cart::service,pod_restart_count,k8s_container_restarts,1.0
1776462553.63,cart,cart::service,pod_running_count,k8s_container_ready,1.0
1776462553.63,cart,f1f3afac-3031-4c18-925a-048232421d89,dependency_error_ratio,trace_client_error_ratio,0.0
1776462553.63,cart,f1f3afac-3031-4c18-925a-048232421d89,error_ratio,trace_server_error_ratio,0.0
1776462553.63,cart,f1f3afac-3031-4c18-925a-048232421d89,request_count,trace_server_count,0.0
1776462553.63,checkout,4755bdbd-5ad9-49fa-acb7-3a7dcb6a9277,dependency_error_ratio,trace_client_error_ratio,0.0
1776462553.63,checkout,4755bdbd-5ad9-49fa-acb7-3a7dcb6a9277,error_ratio,trace_server_error_ratio,0.0
1776462553.63,checkout,4755bdbd-5ad9-49fa-acb7-3a7dcb6a9277,request_count,trace_server_count,0.0
1776462553.63,checkout,bb49e6b9-109a-41b8-be66-ab2a38272474,dependency_error_ratio,trace_client_error_ratio,0.0
1776462553.63,checkout,bb49e6b9-109a-41b8-be66-ab2a38272474,error_ratio,trace_server_error_ratio,0.0
1776462553.63,checkout,bb49e6b9-109a-41b8-be66-ab2a38272474,request_count,trace_server_count,0.0
1776462553.63,checkout,bc5804df-6f63-4261-8788-8ecfe5481366,dependency_error_ratio,trace_client_error_ratio,0.0
1776462553.63,checkout,bc5804df-6f63-4261-8788-8ecfe5481366,error_ratio,trace_server_error_ratio,0.0
1776462553.63,checkout,bc5804df-6f63-4261-8788-8ecfe5481366,request_count,trace_server_count,0.0
1776462553.63,checkout,checkout-7f4ccfc547-6crwh,cpu_usage,container_cpu_usage,0.07340927893934339
1776462553.63,checkout,checkout-7f4ccfc547-6crwh,memory_usage,container_memory_working_set_bytes,14581760.0
1776462553.63,checkout,checkout-7f4ccfc547-ftx2n,cpu_usage,container_cpu_usage,0.00046252127805279284
1776462553.63,checkout,checkout-7f4ccfc547-ftx2n,memory_usage,container_memory_working_set_bytes,12206080.0
1776462553.63,checkout,checkout-7f4ccfc547-qlfgr,cpu_usage,container_cpu_usage,0.04929871952552675
1776462553.63,checkout,checkout-7f4ccfc547-qlfgr,memory_usage,container_memory_working_set_bytes,14782464.0
1776462553.63,checkout,checkout::service,pod_restart_count,k8s_container_restarts,45.0
1776462553.63,checkout,checkout::service,pod_running_count,k8s_container_ready,3.0
1776462553.63,email,email-5dcf48b665-66zvj,cpu_usage,container_cpu_usage,0.017525656227001193
1776462553.63,email,email-5dcf48b665-66zvj,memory_usage,container_memory_working_set_bytes,59461632.0
1776462553.63,email,email-5dcf48b665-9xxmx,cpu_usage,container_cpu_usage,0.0006491868065046774
1776462553.63,email,email-5dcf48b665-9xxmx,memory_usage,container_memory_working_set_bytes,56360960.0
1776462553.63,email,email-5dcf48b665-n4zf2,cpu_usage,container_cpu_usage,0.0005337959840744994
1776462553.63,email,email-5dcf48b665-n4zf2,memory_usage,container_memory_working_set_bytes,54550528.0
1776462553.63,email,email::service,pod_restart_count,k8s_container_restarts,9.0
1776462553.63,email,email::service,pod_running_count,k8s_container_ready,3.0
1776462553.63,email,otel-demo.email-5dcf48b665-66zvj.email,error_ratio,trace_server_error_ratio,0.0
1776462553.63,email,otel-demo.email-5dcf48b665-66zvj.email,request_count,trace_server_count,0.0
1776462553.63,email,otel-demo.email-5dcf48b665-9xxmx.email,error_ratio,trace_server_error_ratio,0.0
1776462553.63,email,otel-demo.email-5dcf48b665-9xxmx.email,request_count,trace_server_count,0.0
1776462553.63,email,otel-demo.email-5dcf48b665-n4zf2.email,error_ratio,trace_server_error_ratio,0.0
1776462553.63,email,otel-demo.email-5dcf48b665-n4zf2.email,request_count,trace_server_count,0.0
1776462553.63,frontend,frontend-b78bf7696-6bjdg,cpu_usage,container_cpu_usage,0.07756024078864977
1776462553.63,frontend,frontend-b78bf7696-6bjdg,memory_usage,container_memory_working_set_bytes,117071872.0
1776462553.63,frontend,frontend-b78bf7696-77ldd,cpu_usage,container_cpu_usage,0.12339871412425145
1776462553.63,frontend,frontend-b78bf7696-77ldd,memory_usage,container_memory_working_set_bytes,100814848.0
1776462553.63,frontend,frontend-b78bf7696-p9kqx,cpu_usage,container_cpu_usage,0.07756947888190918
1776462553.63,frontend,frontend-b78bf7696-p9kqx,memory_usage,container_memory_working_set_bytes,119050240.0
1776462553.63,frontend,frontend::service,pod_restart_count,k8s_container_restarts,3.0
1776462553.63,frontend,frontend::service,pod_running_count,k8s_container_ready,3.0
1776462553.63,frontend,otel-demo.frontend-b78bf7696-6bjdg.frontend,dependency_error_ratio,trace_client_error_ratio,0.0
1776462553.63,frontend,otel-demo.frontend-b78bf7696-6bjdg.frontend,error_ratio,trace_server_error_ratio,0.0
1776462553.63,frontend,otel-demo.frontend-b78bf7696-6bjdg.frontend,http_5xx_ratio,http_server_5xx_ratio,0.0
1776462553.63,frontend,otel-demo.frontend-b78bf7696-6bjdg.frontend,request_count,trace_server_count,0.0
1776462553.63,frontend,otel-demo.frontend-b78bf7696-77ldd.frontend,dependency_error_ratio,trace_client_error_ratio,0.0
1776462553.63,frontend,otel-demo.frontend-b78bf7696-77ldd.frontend,error_ratio,trace_server_error_ratio,0.0
1776462553.63,frontend,otel-demo.frontend-b78bf7696-77ldd.frontend,http_5xx_ratio,http_server_5xx_ratio,0.0
1776462553.63,frontend,otel-demo.frontend-b78bf7696-77ldd.frontend,request_count,trace_server_count,0.0
1776462553.63,frontend,otel-demo.frontend-b78bf7696-p9kqx.frontend,dependency_error_ratio,trace_client_error_ratio,0.0
1776462553.63,frontend,otel-demo.frontend-b78bf7696-p9kqx.frontend,error_ratio,trace_server_error_ratio,0.0
1776462553.63,frontend,otel-demo.frontend-b78bf7696-p9kqx.frontend,http_5xx_ratio,http_server_5xx_ratio,0.0
1776462553.63,frontend,otel-demo.frontend-b78bf7696-p9kqx.frontend,request_count,trace_server_count,0.0
1776462553.63,kafka,kafka-66df8bdf76-zjcbb,cpu_usage,container_cpu_usage,0.014389445406844127
1776462553.63,kafka,kafka-66df8bdf76-zjcbb,memory_usage,container_memory_working_set_bytes,666267648.0
1776462553.63,kafka,kafka::service,pod_restart_count,k8s_container_restarts,9.0
1776462553.63,kafka,kafka::service,pod_running_count,k8s_container_ready,1.0
1776462553.63,kafka,kafka::service,queue_lag,queue_size_ratio,0.0
1776462553.63,payment,otel-demo.payment-f9f8d647b-74h8z.payment,dependency_error_ratio,trace_client_error_ratio,0.0
1776462553.63,payment,otel-demo.payment-f9f8d647b-74h8z.payment,error_ratio,trace_server_error_ratio,0.0
1776462553.63,payment,otel-demo.payment-f9f8d647b-74h8z.payment,request_count,trace_server_count,0.0
1776462553.63,payment,otel-demo.payment-f9f8d647b-75hmx.payment,dependency_error_ratio,trace_client_error_ratio,0.0
1776462553.63,payment,otel-demo.payment-f9f8d647b-75hmx.payment,error_ratio,trace_server_error_ratio,0.0
1776462553.63,payment,otel-demo.payment-f9f8d647b-75hmx.payment,request_count,trace_server_count,0.0
1776462553.63,payment,otel-demo.payment-f9f8d647b-tv6l5.payment,dependency_error_ratio,trace_client_error_ratio,0.0
1776462553.63,payment,otel-demo.payment-f9f8d647b-tv6l5.payment,error_ratio,trace_server_error_ratio,0.0
1776462553.63,payment,otel-demo.payment-f9f8d647b-tv6l5.payment,request_count,trace_server_count,0.0
1776462553.63,payment,payment-f9f8d647b-74h8z,cpu_usage,container_cpu_usage,0.011934436083530455
1776462553.63,payment,payment-f9f8d647b-74h8z,memory_usage,container_memory_working_set_bytes,108941312.0
1776462553.63,payment,payment-f9f8d647b-75hmx,cpu_usage,container_cpu_usage,0.012377621483376629
1776462553.63,payment,payment-f9f8d647b-75hmx,memory_usage,container_memory_working_set_bytes,109907968.0
1776462553.63,payment,payment-f9f8d647b-tv6l5,cpu_usage,container_cpu_usage,0.005815224864073646
1776462553.63,payment,payment-f9f8d647b-tv6l5,memory_usage,container_memory_working_set_bytes,101023744.0
1776462553.63,payment,payment::service,pod_restart_count,k8s_container_restarts,39.0
1776462553.63,payment,payment::service,pod_running_count,k8s_container_ready,3.0
1776462553.63,product-catalog,otel-demo.product-catalog-784544475c-7crs7.product-catalog,dependency_error_ratio,trace_client_error_ratio,0.0
1776462553.63,product-catalog,otel-demo.product-catalog-784544475c-7crs7.product-catalog,error_ratio,trace_server_error_ratio,0.0
1776462553.63,product-catalog,otel-demo.product-catalog-784544475c-7crs7.product-catalog,request_count,trace_server_count,0.0
1776462553.63,product-catalog,otel-demo.product-catalog-784544475c-8skc7.product-catalog,dependency_error_ratio,trace_client_error_ratio,0.0
1776462553.63,product-catalog,otel-demo.product-catalog-784544475c-8skc7.product-catalog,error_ratio,trace_server_error_ratio,0.0
1776462553.63,product-catalog,otel-demo.product-catalog-784544475c-8skc7.product-catalog,request_count,trace_server_count,0.0
1776462553.63,product-catalog,otel-demo.product-catalog-784544475c-stwzc.product-catalog,dependency_error_ratio,trace_client_error_ratio,0.0
1776462553.63,product-catalog,otel-demo.product-catalog-784544475c-stwzc.product-catalog,error_ratio,trace_server_error_ratio,0.0
1776462553.63,product-catalog,otel-demo.product-catalog-784544475c-stwzc.product-catalog,request_count,trace_server_count,0.0
1776462553.63,product-catalog,product-catalog-784544475c-7crs7,cpu_usage,container_cpu_usage,0.03496070652448574
1776462553.63,product-catalog,product-catalog-784544475c-7crs7,memory_usage,container_memory_working_set_bytes,14790656.0
1776462553.63,product-catalog,product-catalog-784544475c-8skc7,cpu_usage,container_cpu_usage,0.08971920697151668
1776462553.63,product-catalog,product-catalog-784544475c-8skc7,memory_usage,container_memory_working_set_bytes,14831616.0
1776462553.63,product-catalog,product-catalog-784544475c-stwzc,cpu_usage,container_cpu_usage,0.0004853242066887393
1776462553.63,product-catalog,product-catalog-784544475c-stwzc,memory_usage,container_memory_working_set_bytes,12636160.0
1776462553.63,product-catalog,product-catalog::service,pod_restart_count,k8s_container_restarts,37.0
1776462553.63,product-catalog,product-catalog::service,pod_running_count,k8s_container_ready,3.0
1776462553.63,recommendation,otel-demo.recommendation-5b46f7469c-g2rgb.recommendation,dependency_error_ratio,trace_client_error_ratio,0.0
1776462553.63,recommendation,otel-demo.recommendation-5b46f7469c-rjwxq.recommendation,dependency_error_ratio,trace_client_error_ratio,0.0
1776462553.63,recommendation,otel-demo.recommendation-5b46f7469c-rjwxq.recommendation,error_ratio,trace_server_error_ratio,0.0
1776462553.63,recommendation,otel-demo.recommendation-5b46f7469c-rjwxq.recommendation,request_count,trace_server_count,0.0
1776462553.63,recommendation,otel-demo.recommendation-5b46f7469c-t2fm9.recommendation,dependency_error_ratio,trace_client_error_ratio,0.0
1776462553.63,recommendation,otel-demo.recommendation-5b46f7469c-t2fm9.recommendation,error_ratio,trace_server_error_ratio,0.0
1776462553.63,recommendation,otel-demo.recommendation-5b46f7469c-t2fm9.recommendation,request_count,trace_server_count,0.0
1776462553.63,recommendation,recommendation-5b46f7469c-g2rgb,cpu_usage,container_cpu_usage,0.008027109945253269
1776462553.63,recommendation,recommendation-5b46f7469c-g2rgb,memory_usage,container_memory_working_set_bytes,46891008.0
1776462553.63,recommendation,recommendation-5b46f7469c-rjwxq,cpu_usage,container_cpu_usage,0.018638758630875652
1776462553.63,recommendation,recommendation-5b46f7469c-rjwxq,memory_usage,container_memory_working_set_bytes,47898624.0
1776462553.63,recommendation,recommendation-5b46f7469c-t2fm9,cpu_usage,container_cpu_usage,0.034236702892291616
1776462553.63,recommendation,recommendation-5b46f7469c-t2fm9,memory_usage,container_memory_working_set_bytes,52563968.0
1776462553.63,recommendation,recommendation::service,pod_restart_count,k8s_container_restarts,3.0
1776462553.63,recommendation,recommendation::service,pod_running_count,k8s_container_ready,3.0
1776462563.63,ad,3a8b9295-6ae2-4e8a-b9b0-a607d7fec0a4,dependency_error_ratio,trace_client_error_ratio,0.0
1776462563.63,ad,3a8b9295-6ae2-4e8a-b9b0-a607d7fec0a4,error_ratio,trace_server_error_ratio,0.0
1776462563.63,ad,3a8b9295-6ae2-4e8a-b9b0-a607d7fec0a4,latency_p95,trace_server_latency_p95,1.9513513513513514
1776462563.63,ad,3a8b9295-6ae2-4e8a-b9b0-a607d7fec0a4,request_count,trace_server_count,7.6
1776462563.63,ad,5680c7ee-584c-4353-b6d2-93bc605a0324,dependency_error_ratio,trace_client_error_ratio,0.0
1776462563.63,ad,5680c7ee-584c-4353-b6d2-93bc605a0324,error_ratio,trace_server_error_ratio,0.0
1776462563.63,ad,5680c7ee-584c-4353-b6d2-93bc605a0324,latency_p95,trace_server_latency_p95,3.4333333333333327
1776462563.63,ad,5680c7ee-584c-4353-b6d2-93bc605a0324,request_count,trace_server_count,26.8
1776462563.63,ad,9f9a3c1c-bd3f-40ea-8764-b59f1ebd2204,dependency_error_ratio,trace_client_error_ratio,0.0
1776462563.63,ad,ad-7fb5b4f859-52ks9,cpu_usage,container_cpu_usage,0.0030974113898879062
1776462563.63,ad,ad-7fb5b4f859-52ks9,memory_usage,container_memory_working_set_bytes,260374528.0
1776462563.63,ad,ad-7fb5b4f859-rd4zw,cpu_usage,container_cpu_usage,0.0013455355816450816
1776462563.63,ad,ad-7fb5b4f859-rd4zw,memory_usage,container_memory_working_set_bytes,238403584.0
1776462563.63,ad,ad-7fb5b4f859-zsstr,cpu_usage,container_cpu_usage,0.004811906899196667
1776462563.63,ad,ad-7fb5b4f859-zsstr,memory_usage,container_memory_working_set_bytes,261767168.0
1776462563.63,ad,ad::service,pod_restart_count,k8s_container_restarts,3.0
1776462563.63,ad,ad::service,pod_running_count,k8s_container_ready,3.0
1776462563.63,cart,cart-7c7496d7f-th7mc,cpu_usage,container_cpu_usage,0.053829731348721134
1776462563.63,cart,cart-7c7496d7f-th7mc,memory_usage,container_memory_working_set_bytes,63041536.0
1776462563.63,cart,cart::service,pod_restart_count,k8s_container_restarts,1.0
1776462563.63,cart,cart::service,pod_running_count,k8s_container_ready,1.0
1776462563.63,cart,f1f3afac-3031-4c18-925a-048232421d89,dependency_error_ratio,trace_client_error_ratio,0.0
1776462563.63,cart,f1f3afac-3031-4c18-925a-048232421d89,error_ratio,trace_server_error_ratio,0.0
1776462563.63,cart,f1f3afac-3031-4c18-925a-048232421d89,latency_p95,trace_server_latency_p95,3.64941176470588
1776462563.63,cart,f1f3afac-3031-4c18-925a-048232421d89,request_count,trace_server_count,191.6
1776462563.63,checkout,4755bdbd-5ad9-49fa-acb7-3a7dcb6a9277,dependency_error_ratio,trace_client_error_ratio,0.0
1776462563.63,checkout,4755bdbd-5ad9-49fa-acb7-3a7dcb6a9277,error_ratio,trace_server_error_ratio,0.0
1776462563.63,checkout,4755bdbd-5ad9-49fa-acb7-3a7dcb6a9277,latency_p95,trace_server_latency_p95,98.57142857142858
1776462563.63,checkout,4755bdbd-5ad9-49fa-acb7-3a7dcb6a9277,request_count,trace_server_count,15.2
1776462563.63,checkout,bb49e6b9-109a-41b8-be66-ab2a38272474,dependency_error_ratio,trace_client_error_ratio,0.0
1776462563.63,checkout,bb49e6b9-109a-41b8-be66-ab2a38272474,error_ratio,trace_server_error_ratio,0.0
1776462563.63,checkout,bb49e6b9-109a-41b8-be66-ab2a38272474,request_count,trace_server_count,0.0
1776462563.63,checkout,bc5804df-6f63-4261-8788-8ecfe5481366,dependency_error_ratio,trace_client_error_ratio,0.0
1776462563.63,checkout,bc5804df-6f63-4261-8788-8ecfe5481366,error_ratio,trace_server_error_ratio,0.0
1776462563.63,checkout,bc5804df-6f63-4261-8788-8ecfe5481366,latency_p95,trace_server_latency_p95,254.99999999999972
1776462563.63,checkout,bc5804df-6f63-4261-8788-8ecfe5481366,request_count,trace_server_count,8.9
1776462563.63,checkout,checkout-7f4ccfc547-6crwh,cpu_usage,container_cpu_usage,0.12753936206311492
1776462563.63,checkout,checkout-7f4ccfc547-6crwh,memory_usage,container_memory_working_set_bytes,14647296.0
1776462563.63,checkout,checkout-7f4ccfc547-ftx2n,cpu_usage,container_cpu_usage,0.00042258208259081305
1776462563.63,checkout,checkout-7f4ccfc547-ftx2n,memory_usage,container_memory_working_set_bytes,12206080.0
1776462563.63,checkout,checkout-7f4ccfc547-qlfgr,cpu_usage,container_cpu_usage,0.05173064047790773
1776462563.63,checkout,checkout-7f4ccfc547-qlfgr,memory_usage,container_memory_working_set_bytes,14794752.0
1776462563.63,checkout,checkout::service,pod_restart_count,k8s_container_restarts,45.0
1776462563.63,checkout,checkout::service,pod_running_count,k8s_container_ready,3.0
1776462563.63,email,email-5dcf48b665-66zvj,cpu_usage,container_cpu_usage,0.017525656227001193
1776462563.63,email,email-5dcf48b665-66zvj,memory_usage,container_memory_working_set_bytes,59461632.0
1776462563.63,email,email-5dcf48b665-9xxmx,cpu_usage,container_cpu_usage,0.003270104895104494
1776462563.63,email,email-5dcf48b665-9xxmx,memory_usage,container_memory_working_set_bytes,56164352.0
1776462563.63,email,email-5dcf48b665-n4zf2,cpu_usage,container_cpu_usage,0.0005667486771577928
1776462563.63,email,email-5dcf48b665-n4zf2,memory_usage,container_memory_working_set_bytes,54550528.0
1776462563.63,email,email::service,pod_restart_count,k8s_container_restarts,9.0
1776462563.63,email,email::service,pod_running_count,k8s_container_ready,3.0
1776462563.63,email,otel-demo.email-5dcf48b665-66zvj.email,error_ratio,trace_server_error_ratio,0.0
1776462563.63,email,otel-demo.email-5dcf48b665-66zvj.email,latency_p95,trace_server_latency_p95,6.699999999999998
1776462563.63,email,otel-demo.email-5dcf48b665-66zvj.email,request_count,trace_server_count,19.6
1776462563.63,email,otel-demo.email-5dcf48b665-9xxmx.email,error_ratio,trace_server_error_ratio,0.0
1776462563.63,email,otel-demo.email-5dcf48b665-9xxmx.email,latency_p95,trace_server_latency_p95,7.783333333333331
1776462563.63,email,otel-demo.email-5dcf48b665-9xxmx.email,request_count,trace_server_count,5.3
1776462563.63,email,otel-demo.email-5dcf48b665-n4zf2.email,error_ratio,trace_server_error_ratio,0.0
1776462563.63,email,otel-demo.email-5dcf48b665-n4zf2.email,request_count,trace_server_count,0.0
1776462563.63,frontend,frontend-b78bf7696-6bjdg,cpu_usage,container_cpu_usage,0.09699654777952776
1776462563.63,frontend,frontend-b78bf7696-6bjdg,memory_usage,container_memory_working_set_bytes,118169600.0
1776462563.63,frontend,frontend-b78bf7696-77ldd,cpu_usage,container_cpu_usage,0.11956441240086499
1776462563.63,frontend,frontend-b78bf7696-77ldd,memory_usage,container_memory_working_set_bytes,100814848.0
1776462563.63,frontend,frontend-b78bf7696-p9kqx,cpu_usage,container_cpu_usage,0.09930374982197422
1776462563.63,frontend,frontend-b78bf7696-p9kqx,memory_usage,container_memory_working_set_bytes,118681600.0
1776462563.63,frontend,frontend::service,pod_restart_count,k8s_container_restarts,3.0
1776462563.63,frontend,frontend::service,pod_running_count,k8s_container_ready,3.0
1776462563.63,frontend,otel-demo.frontend-b78bf7696-6bjdg.frontend,dependency_error_ratio,trace_client_error_ratio,0.0
1776462563.63,frontend,otel-demo.frontend-b78bf7696-6bjdg.frontend,error_ratio,trace_server_error_ratio,0.0
1776462563.63,frontend,otel-demo.frontend-b78bf7696-6bjdg.frontend,http_5xx_ratio,http_server_5xx_ratio,0.0
1776462563.63,frontend,otel-demo.frontend-b78bf7696-6bjdg.frontend,latency_p95,trace_server_latency_p95,45.9289026275116
1776462563.63,frontend,otel-demo.frontend-b78bf7696-6bjdg.frontend,request_count,trace_server_count,283.7
1776462563.63,frontend,otel-demo.frontend-b78bf7696-77ldd.frontend,dependency_error_ratio,trace_client_error_ratio,0.0
1776462563.63,frontend,otel-demo.frontend-b78bf7696-77ldd.frontend,error_ratio,trace_server_error_ratio,0.0
1776462563.63,frontend,otel-demo.frontend-b78bf7696-77ldd.frontend,http_5xx_ratio,http_server_5xx_ratio,0.0
1776462563.63,frontend,otel-demo.frontend-b78bf7696-77ldd.frontend,latency_p95,trace_server_latency_p95,43.37417218543045
1776462563.63,frontend,otel-demo.frontend-b78bf7696-77ldd.frontend,request_count,trace_server_count,284.1
1776462563.63,frontend,otel-demo.frontend-b78bf7696-p9kqx.frontend,dependency_error_ratio,trace_client_error_ratio,0.0
1776462563.63,frontend,otel-demo.frontend-b78bf7696-p9kqx.frontend,error_ratio,trace_server_error_ratio,0.0
1776462563.63,frontend,otel-demo.frontend-b78bf7696-p9kqx.frontend,http_5xx_ratio,http_server_5xx_ratio,0.0
1776462563.63,frontend,otel-demo.frontend-b78bf7696-p9kqx.frontend,latency_p95,trace_server_latency_p95,45.62844036697247
1776462563.63,frontend,otel-demo.frontend-b78bf7696-p9kqx.frontend,request_count,trace_server_count,205.3
1776462563.63,kafka,kafka-66df8bdf76-zjcbb,cpu_usage,container_cpu_usage,0.01872396811580937
1776462563.63,kafka,kafka-66df8bdf76-zjcbb,memory_usage,container_memory_working_set_bytes,666124288.0
1776462563.63,kafka,kafka::service,pod_restart_count,k8s_container_restarts,9.0
1776462563.63,kafka,kafka::service,pod_running_count,k8s_container_ready,1.0
1776462563.63,kafka,kafka::service,queue_lag,queue_size_ratio,0.0
1776462563.63,payment,otel-demo.payment-f9f8d647b-74h8z.payment,dependency_error_ratio,trace_client_error_ratio,0.0
1776462563.63,payment,otel-demo.payment-f9f8d647b-74h8z.payment,error_ratio,trace_server_error_ratio,0.0
1776462563.63,payment,otel-demo.payment-f9f8d647b-74h8z.payment,request_count,trace_server_count,0.0
1776462563.63,payment,otel-demo.payment-f9f8d647b-75hmx.payment,dependency_error_ratio,trace_client_error_ratio,0.0
1776462563.63,payment,otel-demo.payment-f9f8d647b-75hmx.payment,error_ratio,trace_server_error_ratio,0.0
1776462563.63,payment,otel-demo.payment-f9f8d647b-75hmx.payment,request_count,trace_server_count,0.0
1776462563.63,payment,otel-demo.payment-f9f8d647b-tv6l5.payment,dependency_error_ratio,trace_client_error_ratio,0.0
1776462563.63,payment,otel-demo.payment-f9f8d647b-tv6l5.payment,error_ratio,trace_server_error_ratio,0.0
1776462563.63,payment,otel-demo.payment-f9f8d647b-tv6l5.payment,request_count,trace_server_count,0.0
1776462563.63,payment,payment-f9f8d647b-74h8z,cpu_usage,container_cpu_usage,0.011934436083530455
1776462563.63,payment,payment-f9f8d647b-74h8z,memory_usage,container_memory_working_set_bytes,108941312.0
1776462563.63,payment,payment-f9f8d647b-75hmx,cpu_usage,container_cpu_usage,0.013957786134793424
1776462563.63,payment,payment-f9f8d647b-75hmx,memory_usage,container_memory_working_set_bytes,109907968.0
1776462563.63,payment,payment-f9f8d647b-tv6l5,cpu_usage,container_cpu_usage,0.008692716993681172
1776462563.63,payment,payment-f9f8d647b-tv6l5,memory_usage,container_memory_working_set_bytes,101023744.0
1776462563.63,payment,payment::service,pod_restart_count,k8s_container_restarts,39.0
1776462563.63,payment,payment::service,pod_running_count,k8s_container_ready,3.0
1776462563.63,product-catalog,otel-demo.product-catalog-784544475c-7crs7.product-catalog,dependency_error_ratio,trace_client_error_ratio,0.0
1776462563.63,product-catalog,otel-demo.product-catalog-784544475c-7crs7.product-catalog,error_ratio,trace_server_error_ratio,0.0
1776462563.63,product-catalog,otel-demo.product-catalog-784544475c-7crs7.product-catalog,request_count,trace_server_count,0.0
1776462563.63,product-catalog,otel-demo.product-catalog-784544475c-8skc7.product-catalog,dependency_error_ratio,trace_client_error_ratio,0.0
1776462563.63,product-catalog,otel-demo.product-catalog-784544475c-8skc7.product-catalog,error_ratio,trace_server_error_ratio,0.0
1776462563.63,product-catalog,otel-demo.product-catalog-784544475c-8skc7.product-catalog,request_count,trace_server_count,0.0
1776462563.63,product-catalog,otel-demo.product-catalog-784544475c-stwzc.product-catalog,dependency_error_ratio,trace_client_error_ratio,0.0
1776462563.63,product-catalog,otel-demo.product-catalog-784544475c-stwzc.product-catalog,error_ratio,trace_server_error_ratio,0.0
1776462563.63,product-catalog,otel-demo.product-catalog-784544475c-stwzc.product-catalog,request_count,trace_server_count,0.0
1776462563.63,product-catalog,product-catalog-784544475c-7crs7,cpu_usage,container_cpu_usage,0.03319265957068096
1776462563.63,product-catalog,product-catalog-784544475c-7crs7,memory_usage,container_memory_working_set_bytes,15400960.0
1776462563.63,product-catalog,product-catalog-784544475c-8skc7,cpu_usage,container_cpu_usage,0.08532562845849234
1776462563.63,product-catalog,product-catalog-784544475c-8skc7,memory_usage,container_memory_working_set_bytes,14831616.0
1776462563.63,product-catalog,product-catalog-784544475c-stwzc,cpu_usage,container_cpu_usage,0.0004887924801156897
1776462563.63,product-catalog,product-catalog-784544475c-stwzc,memory_usage,container_memory_working_set_bytes,12636160.0
1776462563.63,product-catalog,product-catalog::service,pod_restart_count,k8s_container_restarts,37.0
1776462563.63,product-catalog,product-catalog::service,pod_running_count,k8s_container_ready,3.0
1776462563.63,recommendation,otel-demo.recommendation-5b46f7469c-g2rgb.recommendation,dependency_error_ratio,trace_client_error_ratio,0.0
1776462563.63,recommendation,otel-demo.recommendation-5b46f7469c-rjwxq.recommendation,dependency_error_ratio,trace_client_error_ratio,0.0
1776462563.63,recommendation,otel-demo.recommendation-5b46f7469c-rjwxq.recommendation,error_ratio,trace_server_error_ratio,0.0
1776462563.63,recommendation,otel-demo.recommendation-5b46f7469c-rjwxq.recommendation,latency_p95,trace_server_latency_p95,5.559999999999997
1776462563.63,recommendation,otel-demo.recommendation-5b46f7469c-rjwxq.recommendation,request_count,trace_server_count,8.2
1776462563.63,recommendation,otel-demo.recommendation-5b46f7469c-t2fm9.recommendation,dependency_error_ratio,trace_client_error_ratio,0.0
1776462563.63,recommendation,otel-demo.recommendation-5b46f7469c-t2fm9.recommendation,error_ratio,trace_server_error_ratio,0.0
1776462563.63,recommendation,otel-demo.recommendation-5b46f7469c-t2fm9.recommendation,latency_p95,trace_server_latency_p95,5.988235294117644
1776462563.63,recommendation,otel-demo.recommendation-5b46f7469c-t2fm9.recommendation,request_count,trace_server_count,26.2
1776462563.63,recommendation,recommendation-5b46f7469c-g2rgb,cpu_usage,container_cpu_usage,0.010073236009729591
1776462563.63,recommendation,recommendation-5b46f7469c-g2rgb,memory_usage,container_memory_working_set_bytes,46891008.0
1776462563.63,recommendation,recommendation-5b46f7469c-rjwxq,cpu_usage,container_cpu_usage,0.02071945280571777
1776462563.63,recommendation,recommendation-5b46f7469c-rjwxq,memory_usage,container_memory_working_set_bytes,47898624.0
1776462563.63,recommendation,recommendation-5b46f7469c-t2fm9,cpu_usage,container_cpu_usage,0.0338325807572059
1776462563.63,recommendation,recommendation-5b46f7469c-t2fm9,memory_usage,container_memory_working_set_bytes,52649984.0
1776462563.63,recommendation,recommendation::service,pod_restart_count,k8s_container_restarts,3.0
1776462563.63,recommendation,recommendation::service,pod_running_count,k8s_container_ready,3.0
1776462573.63,ad,3a8b9295-6ae2-4e8a-b9b0-a607d7fec0a4,dependency_error_ratio,trace_client_error_ratio,0.0
1776462573.63,ad,3a8b9295-6ae2-4e8a-b9b0-a607d7fec0a4,error_ratio,trace_server_error_ratio,0.0
1776462573.63,ad,3a8b9295-6ae2-4e8a-b9b0-a607d7fec0a4,request_count,trace_server_count,0.0
1776462573.63,ad,5680c7ee-584c-4353-b6d2-93bc605a0324,dependency_error_ratio,trace_client_error_ratio,0.0
1776462573.63,ad,5680c7ee-584c-4353-b6d2-93bc605a0324,error_ratio,trace_server_error_ratio,0.0
1776462573.63,ad,5680c7ee-584c-4353-b6d2-93bc605a0324,request_count,trace_server_count,0.0
1776462573.63,ad,9f9a3c1c-bd3f-40ea-8764-b59f1ebd2204,dependency_error_ratio,trace_client_error_ratio,0.0
1776462573.63,ad,ad-7fb5b4f859-52ks9,cpu_usage,container_cpu_usage,0.0030861326286794268
1776462573.63,ad,ad-7fb5b4f859-52ks9,memory_usage,container_memory_working_set_bytes,260374528.0
1776462573.63,ad,ad-7fb5b4f859-rd4zw,cpu_usage,container_cpu_usage,0.0014913939963590932
1776462573.63,ad,ad-7fb5b4f859-rd4zw,memory_usage,container_memory_working_set_bytes,238411776.0
1776462573.63,ad,ad-7fb5b4f859-zsstr,cpu_usage,container_cpu_usage,0.0050572322377487435
1776462573.63,ad,ad-7fb5b4f859-zsstr,memory_usage,container_memory_working_set_bytes,261767168.0
1776462573.63,ad,ad::service,pod_restart_count,k8s_container_restarts,3.0
1776462573.63,ad,ad::service,pod_running_count,k8s_container_ready,3.0
1776462573.63,cart,cart-7c7496d7f-th7mc,cpu_usage,container_cpu_usage,0.06869907326455739
1776462573.63,cart,cart-7c7496d7f-th7mc,memory_usage,container_memory_working_set_bytes,63041536.0
1776462573.63,cart,cart::service,pod_restart_count,k8s_container_restarts,1.0
1776462573.63,cart,cart::service,pod_running_count,k8s_container_ready,1.0
1776462573.63,cart,f1f3afac-3031-4c18-925a-048232421d89,dependency_error_ratio,trace_client_error_ratio,0.0
1776462573.63,cart,f1f3afac-3031-4c18-925a-048232421d89,error_ratio,trace_server_error_ratio,0.0
1776462573.63,cart,f1f3afac-3031-4c18-925a-048232421d89,request_count,trace_server_count,0.0
1776462573.63,checkout,4755bdbd-5ad9-49fa-acb7-3a7dcb6a9277,dependency_error_ratio,trace_client_error_ratio,0.0
1776462573.63,checkout,4755bdbd-5ad9-49fa-acb7-3a7dcb6a9277,error_ratio,trace_server_error_ratio,0.0
1776462573.63,checkout,4755bdbd-5ad9-49fa-acb7-3a7dcb6a9277,request_count,trace_server_count,0.0
1776462573.63,checkout,bb49e6b9-109a-41b8-be66-ab2a38272474,dependency_error_ratio,trace_client_error_ratio,0.0
1776462573.63,checkout,bb49e6b9-109a-41b8-be66-ab2a38272474,error_ratio,trace_server_error_ratio,0.0
1776462573.63,checkout,bb49e6b9-109a-41b8-be66-ab2a38272474,request_count,trace_server_count,0.0
1776462573.63,checkout,bc5804df-6f63-4261-8788-8ecfe5481366,dependency_error_ratio,trace_client_error_ratio,0.0
1776462573.63,checkout,bc5804df-6f63-4261-8788-8ecfe5481366,error_ratio,trace_server_error_ratio,0.0
1776462573.63,checkout,bc5804df-6f63-4261-8788-8ecfe5481366,request_count,trace_server_count,0.0
1776462573.63,checkout,checkout-7f4ccfc547-6crwh,cpu_usage,container_cpu_usage,0.16161733502641995
1776462573.63,checkout,checkout-7f4ccfc547-6crwh,memory_usage,container_memory_working_set_bytes,16236544.0
1776462573.63,checkout,checkout-7f4ccfc547-ftx2n,cpu_usage,container_cpu_usage,0.0005267765751246932
1776462573.63,checkout,checkout-7f4ccfc547-ftx2n,memory_usage,container_memory_working_set_bytes,12210176.0
1776462573.63,checkout,checkout-7f4ccfc547-qlfgr,cpu_usage,container_cpu_usage,0.04169298323166267
1776462573.63,checkout,checkout-7f4ccfc547-qlfgr,memory_usage,container_memory_working_set_bytes,14794752.0
1776462573.63,checkout,checkout::service,pod_restart_count,k8s_container_restarts,45.0
1776462573.63,checkout,checkout::service,pod_running_count,k8s_container_ready,3.0
1776462573.63,email,email-5dcf48b665-66zvj,cpu_usage,container_cpu_usage,0.013211498250625913
1776462573.63,email,email-5dcf48b665-66zvj,memory_usage,container_memory_working_set_bytes,59437056.0
1776462573.63,email,email-5dcf48b665-9xxmx,cpu_usage,container_cpu_usage,0.007468921551266156
1776462573.63,email,email-5dcf48b665-9xxmx,memory_usage,container_memory_working_set_bytes,56311808.0
1776462573.63,email,email-5dcf48b665-n4zf2,cpu_usage,container_cpu_usage,0.0006387142281330423
1776462573.63,email,email-5dcf48b665-n4zf2,memory_usage,container_memory_working_set_bytes,54550528.0
1776462573.63,email,email::service,pod_restart_count,k8s_container_restarts,9.0
1776462573.63,email,email::service,pod_running_count,k8s_container_ready,3.0
1776462573.63,email,otel-demo.email-5dcf48b665-66zvj.email,error_ratio,trace_server_error_ratio,0.0
1776462573.63,email,otel-demo.email-5dcf48b665-66zvj.email,request_count,trace_server_count,0.0
1776462573.63,email,otel-demo.email-5dcf48b665-9xxmx.email,error_ratio,trace_server_error_ratio,0.0
1776462573.63,email,otel-demo.email-5dcf48b665-9xxmx.email,request_count,trace_server_count,0.0
1776462573.63,email,otel-demo.email-5dcf48b665-n4zf2.email,error_ratio,trace_server_error_ratio,0.0
1776462573.63,email,otel-demo.email-5dcf48b665-n4zf2.email,request_count,trace_server_count,0.0
1776462573.63,frontend,frontend-b78bf7696-6bjdg,cpu_usage,container_cpu_usage,0.14906529232848684
1776462573.63,frontend,frontend-b78bf7696-6bjdg,memory_usage,container_memory_working_set_bytes,117374976.0
1776462573.63,frontend,frontend-b78bf7696-77ldd,cpu_usage,container_cpu_usage,0.0980112740676932
1776462573.63,frontend,frontend-b78bf7696-77ldd,memory_usage,container_memory_working_set_bytes,93597696.0
1776462573.63,frontend,frontend-b78bf7696-p9kqx,cpu_usage,container_cpu_usage,0.11893608185376892
1776462573.63,frontend,frontend-b78bf7696-p9kqx,memory_usage,container_memory_working_set_bytes,118681600.0
1776462573.63,frontend,frontend::service,pod_restart_count,k8s_container_restarts,3.0
1776462573.63,frontend,frontend::service,pod_running_count,k8s_container_ready,3.0
1776462573.63,frontend,otel-demo.frontend-b78bf7696-6bjdg.frontend,dependency_error_ratio,trace_client_error_ratio,0.0
1776462573.63,frontend,otel-demo.frontend-b78bf7696-6bjdg.frontend,error_ratio,trace_server_error_ratio,0.0
1776462573.63,frontend,otel-demo.frontend-b78bf7696-6bjdg.frontend,http_5xx_ratio,http_server_5xx_ratio,0.0
1776462573.63,frontend,otel-demo.frontend-b78bf7696-6bjdg.frontend,request_count,trace_server_count,0.0
1776462573.63,frontend,otel-demo.frontend-b78bf7696-77ldd.frontend,dependency_error_ratio,trace_client_error_ratio,0.0
1776462573.63,frontend,otel-demo.frontend-b78bf7696-77ldd.frontend,error_ratio,trace_server_error_ratio,0.0
1776462573.63,frontend,otel-demo.frontend-b78bf7696-77ldd.frontend,http_5xx_ratio,http_server_5xx_ratio,0.0
1776462573.63,frontend,otel-demo.frontend-b78bf7696-77ldd.frontend,request_count,trace_server_count,0.0
1776462573.63,frontend,otel-demo.frontend-b78bf7696-p9kqx.frontend,dependency_error_ratio,trace_client_error_ratio,0.0
1776462573.63,frontend,otel-demo.frontend-b78bf7696-p9kqx.frontend,error_ratio,trace_server_error_ratio,0.0
1776462573.63,frontend,otel-demo.frontend-b78bf7696-p9kqx.frontend,http_5xx_ratio,http_server_5xx_ratio,0.0
1776462573.63,frontend,otel-demo.frontend-b78bf7696-p9kqx.frontend,request_count,trace_server_count,0.0
1776462573.63,kafka,kafka-66df8bdf76-zjcbb,cpu_usage,container_cpu_usage,0.01872396811580937
1776462573.63,kafka,kafka-66df8bdf76-zjcbb,memory_usage,container_memory_working_set_bytes,666124288.0
1776462573.63,kafka,kafka::service,pod_restart_count,k8s_container_restarts,9.0
1776462573.63,kafka,kafka::service,pod_running_count,k8s_container_ready,1.0
1776462573.63,kafka,kafka::service,queue_lag,queue_size_ratio,0.0
1776462573.63,payment,otel-demo.payment-f9f8d647b-74h8z.payment,dependency_error_ratio,trace_client_error_ratio,0.0
1776462573.63,payment,otel-demo.payment-f9f8d647b-74h8z.payment,error_ratio,trace_server_error_ratio,0.0
1776462573.63,payment,otel-demo.payment-f9f8d647b-74h8z.payment,request_count,trace_server_count,0.0
1776462573.63,payment,otel-demo.payment-f9f8d647b-75hmx.payment,dependency_error_ratio,trace_client_error_ratio,0.0
1776462573.63,payment,otel-demo.payment-f9f8d647b-75hmx.payment,error_ratio,trace_server_error_ratio,0.0
1776462573.63,payment,otel-demo.payment-f9f8d647b-75hmx.payment,request_count,trace_server_count,0.0
1776462573.63,payment,otel-demo.payment-f9f8d647b-tv6l5.payment,dependency_error_ratio,trace_client_error_ratio,0.0
1776462573.63,payment,otel-demo.payment-f9f8d647b-tv6l5.payment,error_ratio,trace_server_error_ratio,0.0
1776462573.63,payment,otel-demo.payment-f9f8d647b-tv6l5.payment,request_count,trace_server_count,0.0
1776462573.63,payment,payment-f9f8d647b-74h8z,cpu_usage,container_cpu_usage,0.011959974334011535
1776462573.63,payment,payment-f9f8d647b-74h8z,memory_usage,container_memory_working_set_bytes,108937216.0
1776462573.63,payment,payment-f9f8d647b-75hmx,cpu_usage,container_cpu_usage,0.01670897003373773
1776462573.63,payment,payment-f9f8d647b-75hmx,memory_usage,container_memory_working_set_bytes,109907968.0
1776462573.63,payment,payment-f9f8d647b-tv6l5,cpu_usage,container_cpu_usage,0.008948905616676365
1776462573.63,payment,payment-f9f8d647b-tv6l5,memory_usage,container_memory_working_set_bytes,101023744.0
1776462573.63,payment,payment::service,pod_restart_count,k8s_container_restarts,39.0
1776462573.63,payment,payment::service,pod_running_count,k8s_container_ready,3.0
1776462573.63,product-catalog,otel-demo.product-catalog-784544475c-7crs7.product-catalog,dependency_error_ratio,trace_client_error_ratio,0.0
1776462573.63,product-catalog,otel-demo.product-catalog-784544475c-7crs7.product-catalog,error_ratio,trace_server_error_ratio,0.0
1776462573.63,product-catalog,otel-demo.product-catalog-784544475c-7crs7.product-catalog,request_count,trace_server_count,0.0
1776462573.63,product-catalog,otel-demo.product-catalog-784544475c-8skc7.product-catalog,dependency_error_ratio,trace_client_error_ratio,0.0
1776462573.63,product-catalog,otel-demo.product-catalog-784544475c-8skc7.product-catalog,error_ratio,trace_server_error_ratio,0.0
1776462573.63,product-catalog,otel-demo.product-catalog-784544475c-8skc7.product-catalog,request_count,trace_server_count,0.0
1776462573.63,product-catalog,otel-demo.product-catalog-784544475c-stwzc.product-catalog,dependency_error_ratio,trace_client_error_ratio,0.0
1776462573.63,product-catalog,otel-demo.product-catalog-784544475c-stwzc.product-catalog,error_ratio,trace_server_error_ratio,0.0
1776462573.63,product-catalog,otel-demo.product-catalog-784544475c-stwzc.product-catalog,request_count,trace_server_count,0.0
1776462573.63,product-catalog,product-catalog-784544475c-7crs7,cpu_usage,container_cpu_usage,0.03712456496923454
1776462573.63,product-catalog,product-catalog-784544475c-7crs7,memory_usage,container_memory_working_set_bytes,15400960.0
1776462573.63,product-catalog,product-catalog-784544475c-8skc7,cpu_usage,container_cpu_usage,0.09025519484312944
1776462573.63,product-catalog,product-catalog-784544475c-8skc7,memory_usage,container_memory_working_set_bytes,15147008.0
1776462573.63,product-catalog,product-catalog-784544475c-stwzc,cpu_usage,container_cpu_usage,0.0005075588675442078
1776462573.63,product-catalog,product-catalog-784544475c-stwzc,memory_usage,container_memory_working_set_bytes,12640256.0
1776462573.63,product-catalog,product-catalog::service,pod_restart_count,k8s_container_restarts,37.0
1776462573.63,product-catalog,product-catalog::service,pod_running_count,k8s_container_ready,3.0
1776462573.63,recommendation,otel-demo.recommendation-5b46f7469c-g2rgb.recommendation,dependency_error_ratio,trace_client_error_ratio,0.0
1776462573.63,recommendation,otel-demo.recommendation-5b46f7469c-rjwxq.recommendation,dependency_error_ratio,trace_client_error_ratio,0.0
1776462573.63,recommendation,otel-demo.recommendation-5b46f7469c-rjwxq.recommendation,error_ratio,trace_server_error_ratio,0.0
1776462573.63,recommendation,otel-demo.recommendation-5b46f7469c-rjwxq.recommendation,request_count,trace_server_count,0.0
1776462573.63,recommendation,otel-demo.recommendation-5b46f7469c-t2fm9.recommendation,dependency_error_ratio,trace_client_error_ratio,0.0
1776462573.63,recommendation,otel-demo.recommendation-5b46f7469c-t2fm9.recommendation,error_ratio,trace_server_error_ratio,0.0
1776462573.63,recommendation,otel-demo.recommendation-5b46f7469c-t2fm9.recommendation,request_count,trace_server_count,0.0
1776462573.63,recommendation,recommendation-5b46f7469c-g2rgb,cpu_usage,container_cpu_usage,0.010109119236380791
1776462573.63,recommendation,recommendation-5b46f7469c-g2rgb,memory_usage,container_memory_working_set_bytes,46891008.0
1776462573.63,recommendation,recommendation-5b46f7469c-rjwxq,cpu_usage,container_cpu_usage,0.025045946384300136
1776462573.63,recommendation,recommendation-5b46f7469c-rjwxq,memory_usage,container_memory_working_set_bytes,47865856.0
1776462573.63,recommendation,recommendation-5b46f7469c-t2fm9,cpu_usage,container_cpu_usage,0.03472272973231649
1776462573.63,recommendation,recommendation-5b46f7469c-t2fm9,memory_usage,container_memory_working_set_bytes,52649984.0
1776462573.63,recommendation,recommendation::service,pod_restart_count,k8s_container_restarts,3.0
1776462573.63,recommendation,recommendation::service,pod_running_count,k8s_container_ready,3.0
1776462583.63,ad,3a8b9295-6ae2-4e8a-b9b0-a607d7fec0a4,dependency_error_ratio,trace_client_error_ratio,0.0
1776462583.63,ad,3a8b9295-6ae2-4e8a-b9b0-a607d7fec0a4,error_ratio,trace_server_error_ratio,0.0
1776462583.63,ad,3a8b9295-6ae2-4e8a-b9b0-a607d7fec0a4,request_count,trace_server_count,0.0
1776462583.63,ad,5680c7ee-584c-4353-b6d2-93bc605a0324,dependency_error_ratio,trace_client_error_ratio,0.0
1776462583.63,ad,5680c7ee-584c-4353-b6d2-93bc605a0324,error_ratio,trace_server_error_ratio,0.0
1776462583.63,ad,5680c7ee-584c-4353-b6d2-93bc605a0324,request_count,trace_server_count,0.0
1776462583.63,ad,9f9a3c1c-bd3f-40ea-8764-b59f1ebd2204,dependency_error_ratio,trace_client_error_ratio,0.0
1776462583.63,ad,ad-7fb5b4f859-52ks9,cpu_usage,container_cpu_usage,0.0031995856353557
1776462583.63,ad,ad-7fb5b4f859-52ks9,memory_usage,container_memory_working_set_bytes,260374528.0
1776462583.63,ad,ad-7fb5b4f859-rd4zw,cpu_usage,container_cpu_usage,0.0015637427797321683
1776462583.63,ad,ad-7fb5b4f859-rd4zw,memory_usage,container_memory_working_set_bytes,238411776.0
1776462583.63,ad,ad-7fb5b4f859-zsstr,cpu_usage,container_cpu_usage,0.005060098466408928
1776462583.63,ad,ad-7fb5b4f859-zsstr,memory_usage,container_memory_working_set_bytes,261767168.0
1776462583.63,ad,ad::service,pod_restart_count,k8s_container_restarts,3.0
1776462583.63,ad,ad::service,pod_running_count,k8s_container_ready,3.0
1776462583.63,cart,cart-7c7496d7f-th7mc,cpu_usage,container_cpu_usage,0.06789145903985924
1776462583.63,cart,cart-7c7496d7f-th7mc,memory_usage,container_memory_working_set_bytes,63057920.0
1776462583.63,cart,cart::service,pod_restart_count,k8s_container_restarts,1.0
1776462583.63,cart,cart::service,pod_running_count,k8s_container_ready,1.0
1776462583.63,cart,f1f3afac-3031-4c18-925a-048232421d89,dependency_error_ratio,trace_client_error_ratio,0.0
1776462583.63,cart,f1f3afac-3031-4c18-925a-048232421d89,error_ratio,trace_server_error_ratio,0.0
1776462583.63,cart,f1f3afac-3031-4c18-925a-048232421d89,request_count,trace_server_count,0.0
1776462583.63,checkout,4755bdbd-5ad9-49fa-acb7-3a7dcb6a9277,dependency_error_ratio,trace_client_error_ratio,0.0
1776462583.63,checkout,4755bdbd-5ad9-49fa-acb7-3a7dcb6a9277,error_ratio,trace_server_error_ratio,0.0
1776462583.63,checkout,4755bdbd-5ad9-49fa-acb7-3a7dcb6a9277,request_count,trace_server_count,0.0
1776462583.63,checkout,bb49e6b9-109a-41b8-be66-ab2a38272474,dependency_error_ratio,trace_client_error_ratio,0.0
1776462583.63,checkout,bb49e6b9-109a-41b8-be66-ab2a38272474,error_ratio,trace_server_error_ratio,0.0
1776462583.63,checkout,bb49e6b9-109a-41b8-be66-ab2a38272474,request_count,trace_server_count,0.0
1776462583.63,checkout,bc5804df-6f63-4261-8788-8ecfe5481366,dependency_error_ratio,trace_client_error_ratio,0.0
1776462583.63,checkout,bc5804df-6f63-4261-8788-8ecfe5481366,error_ratio,trace_server_error_ratio,0.0
1776462583.63,checkout,bc5804df-6f63-4261-8788-8ecfe5481366,request_count,trace_server_count,0.0
1776462583.63,checkout,checkout-7f4ccfc547-6crwh,cpu_usage,container_cpu_usage,0.17109108184786587
1776462583.63,checkout,checkout-7f4ccfc547-6crwh,memory_usage,container_memory_working_set_bytes,16236544.0
1776462583.63,checkout,checkout-7f4ccfc547-ftx2n,cpu_usage,container_cpu_usage,0.0005589866923200364
1776462583.63,checkout,checkout-7f4ccfc547-ftx2n,memory_usage,container_memory_working_set_bytes,12210176.0
1776462583.63,checkout,checkout-7f4ccfc547-qlfgr,cpu_usage,container_cpu_usage,0.03731408217039141
1776462583.63,checkout,checkout-7f4ccfc547-qlfgr,memory_usage,container_memory_working_set_bytes,14737408.0
1776462583.63,checkout,checkout::service,pod_restart_count,k8s_container_restarts,45.0
1776462583.63,checkout,checkout::service,pod_running_count,k8s_container_ready,3.0
1776462583.63,email,email-5dcf48b665-66zvj,cpu_usage,container_cpu_usage,0.008689636479590621
1776462583.63,email,email-5dcf48b665-66zvj,memory_usage,container_memory_working_set_bytes,59437056.0
1776462583.63,email,email-5dcf48b665-9xxmx,cpu_usage,container_cpu_usage,0.011060741551845426
1776462583.63,email,email-5dcf48b665-9xxmx,memory_usage,container_memory_working_set_bytes,56311808.0
1776462583.63,email,email-5dcf48b665-n4zf2,cpu_usage,container_cpu_usage,0.0006215734944956146
1776462583.63,email,email-5dcf48b665-n4zf2,memory_usage,container_memory_working_set_bytes,54550528.0
1776462583.63,email,email::service,pod_restart_count,k8s_container_restarts,9.0
1776462583.63,email,email::service,pod_running_count,k8s_container_ready,3.0
1776462583.63,email,otel-demo.email-5dcf48b665-66zvj.email,error_ratio,trace_server_error_ratio,0.0
1776462583.63,email,otel-demo.email-5dcf48b665-66zvj.email,request_count,trace_server_count,0.0
1776462583.63,email,otel-demo.email-5dcf48b665-9xxmx.email,error_ratio,trace_server_error_ratio,0.0
1776462583.63,email,otel-demo.email-5dcf48b665-9xxmx.email,request_count,trace_server_count,0.0
1776462583.63,email,otel-demo.email-5dcf48b665-n4zf2.email,error_ratio,trace_server_error_ratio,0.0
1776462583.63,email,otel-demo.email-5dcf48b665-n4zf2.email,request_count,trace_server_count,0.0
1776462583.63,frontend,frontend-b78bf7696-6bjdg,cpu_usage,container_cpu_usage,0.14906529232848686
1776462583.63,frontend,frontend-b78bf7696-6bjdg,memory_usage,container_memory_working_set_bytes,117374976.0
1776462583.63,frontend,frontend-b78bf7696-77ldd,cpu_usage,container_cpu_usage,0.06879000119080898
1776462583.63,frontend,frontend-b78bf7696-77ldd,memory_usage,container_memory_working_set_bytes,94339072.0
1776462583.63,frontend,frontend-b78bf7696-p9kqx,cpu_usage,container_cpu_usage,0.10656006672044863
1776462583.63,frontend,frontend-b78bf7696-p9kqx,memory_usage,container_memory_working_set_bytes,117665792.0
1776462583.63,frontend,frontend::service,pod_restart_count,k8s_container_restarts,3.0
1776462583.63,frontend,frontend::service,pod_running_count,k8s_container_ready,3.0
1776462583.63,frontend,otel-demo.frontend-b78bf7696-6bjdg.frontend,dependency_error_ratio,trace_client_error_ratio,0.0
1776462583.63,frontend,otel-demo.frontend-b78bf7696-6bjdg.frontend,error_ratio,trace_server_error_ratio,0.0
1776462583.63,frontend,otel-demo.frontend-b78bf7696-6bjdg.frontend,http_5xx_ratio,http_server_5xx_ratio,0.0
1776462583.63,frontend,otel-demo.frontend-b78bf7696-6bjdg.frontend,request_count,trace_server_count,0.0
1776462583.63,frontend,otel-demo.frontend-b78bf7696-77ldd.frontend,dependency_error_ratio,trace_client_error_ratio,0.0
1776462583.63,frontend,otel-demo.frontend-b78bf7696-77ldd.frontend,error_ratio,trace_server_error_ratio,0.0
1776462583.63,frontend,otel-demo.frontend-b78bf7696-77ldd.frontend,http_5xx_ratio,http_server_5xx_ratio,0.0
1776462583.63,frontend,otel-demo.frontend-b78bf7696-77ldd.frontend,request_count,trace_server_count,0.0
1776462583.63,frontend,otel-demo.frontend-b78bf7696-p9kqx.frontend,dependency_error_ratio,trace_client_error_ratio,0.0
1776462583.63,frontend,otel-demo.frontend-b78bf7696-p9kqx.frontend,error_ratio,trace_server_error_ratio,0.0
1776462583.63,frontend,otel-demo.frontend-b78bf7696-p9kqx.frontend,http_5xx_ratio,http_server_5xx_ratio,0.0
1776462583.63,frontend,otel-demo.frontend-b78bf7696-p9kqx.frontend,request_count,trace_server_count,0.0
1776462583.63,kafka,kafka-66df8bdf76-zjcbb,cpu_usage,container_cpu_usage,0.01599286567037359
1776462583.63,kafka,kafka-66df8bdf76-zjcbb,memory_usage,container_memory_working_set_bytes,666124288.0
1776462583.63,kafka,kafka::service,pod_restart_count,k8s_container_restarts,9.0
1776462583.63,kafka,kafka::service,pod_running_count,k8s_container_ready,1.0
1776462583.63,kafka,kafka::service,queue_lag,queue_size_ratio,0.0
1776462583.63,payment,otel-demo.payment-f9f8d647b-74h8z.payment,dependency_error_ratio,trace_client_error_ratio,0.0
1776462583.63,payment,otel-demo.payment-f9f8d647b-74h8z.payment,error_ratio,trace_server_error_ratio,0.0
1776462583.63,payment,otel-demo.payment-f9f8d647b-74h8z.payment,request_count,trace_server_count,0.0
1776462583.63,payment,otel-demo.payment-f9f8d647b-75hmx.payment,dependency_error_ratio,trace_client_error_ratio,0.0
1776462583.63,payment,otel-demo.payment-f9f8d647b-75hmx.payment,error_ratio,trace_server_error_ratio,0.0
1776462583.63,payment,otel-demo.payment-f9f8d647b-75hmx.payment,request_count,trace_server_count,0.0
1776462583.63,payment,otel-demo.payment-f9f8d647b-tv6l5.payment,dependency_error_ratio,trace_client_error_ratio,0.0
1776462583.63,payment,otel-demo.payment-f9f8d647b-tv6l5.payment,error_ratio,trace_server_error_ratio,0.0
1776462583.63,payment,otel-demo.payment-f9f8d647b-tv6l5.payment,request_count,trace_server_count,0.0
1776462583.63,payment,payment-f9f8d647b-74h8z,cpu_usage,container_cpu_usage,0.011243696186961015
1776462583.63,payment,payment-f9f8d647b-74h8z,memory_usage,container_memory_working_set_bytes,108937216.0
1776462583.63,payment,payment-f9f8d647b-75hmx,cpu_usage,container_cpu_usage,0.016252429779840045
1776462583.63,payment,payment-f9f8d647b-75hmx,memory_usage,container_memory_working_set_bytes,109912064.0
1776462583.63,payment,payment-f9f8d647b-tv6l5,cpu_usage,container_cpu_usage,0.008817694815306873
1776462583.63,payment,payment-f9f8d647b-tv6l5,memory_usage,container_memory_working_set_bytes,101023744.0
1776462583.63,payment,payment::service,pod_restart_count,k8s_container_restarts,39.0
1776462583.63,payment,payment::service,pod_running_count,k8s_container_ready,3.0
1776462583.63,product-catalog,otel-demo.product-catalog-784544475c-7crs7.product-catalog,dependency_error_ratio,trace_client_error_ratio,0.0
1776462583.63,product-catalog,otel-demo.product-catalog-784544475c-7crs7.product-catalog,error_ratio,trace_server_error_ratio,0.0
1776462583.63,product-catalog,otel-demo.product-catalog-784544475c-7crs7.product-catalog,request_count,trace_server_count,0.0
1776462583.63,product-catalog,otel-demo.product-catalog-784544475c-8skc7.product-catalog,dependency_error_ratio,trace_client_error_ratio,0.0
1776462583.63,product-catalog,otel-demo.product-catalog-784544475c-8skc7.product-catalog,error_ratio,trace_server_error_ratio,0.0
1776462583.63,product-catalog,otel-demo.product-catalog-784544475c-8skc7.product-catalog,request_count,trace_server_count,0.0
1776462583.63,product-catalog,otel-demo.product-catalog-784544475c-stwzc.product-catalog,dependency_error_ratio,trace_client_error_ratio,0.0
1776462583.63,product-catalog,otel-demo.product-catalog-784544475c-stwzc.product-catalog,error_ratio,trace_server_error_ratio,0.0
1776462583.63,product-catalog,otel-demo.product-catalog-784544475c-stwzc.product-catalog,request_count,trace_server_count,0.0
1776462583.63,product-catalog,product-catalog-784544475c-7crs7,cpu_usage,container_cpu_usage,0.037044435698120624
1776462583.63,product-catalog,product-catalog-784544475c-7crs7,memory_usage,container_memory_working_set_bytes,15085568.0
1776462583.63,product-catalog,product-catalog-784544475c-8skc7,cpu_usage,container_cpu_usage,0.09073339276548759
1776462583.63,product-catalog,product-catalog-784544475c-8skc7,memory_usage,container_memory_working_set_bytes,15147008.0
1776462583.63,product-catalog,product-catalog-784544475c-stwzc,cpu_usage,container_cpu_usage,0.000413717577421128
1776462583.63,product-catalog,product-catalog-784544475c-stwzc,memory_usage,container_memory_working_set_bytes,12640256.0
1776462583.63,product-catalog,product-catalog::service,pod_restart_count,k8s_container_restarts,37.0
1776462583.63,product-catalog,product-catalog::service,pod_running_count,k8s_container_ready,3.0
1776462583.63,recommendation,otel-demo.recommendation-5b46f7469c-g2rgb.recommendation,dependency_error_ratio,trace_client_error_ratio,0.0
1776462583.63,recommendation,otel-demo.recommendation-5b46f7469c-rjwxq.recommendation,dependency_error_ratio,trace_client_error_ratio,0.0
1776462583.63,recommendation,otel-demo.recommendation-5b46f7469c-rjwxq.recommendation,error_ratio,trace_server_error_ratio,0.0
1776462583.63,recommendation,otel-demo.recommendation-5b46f7469c-rjwxq.recommendation,request_count,trace_server_count,0.0
1776462583.63,recommendation,otel-demo.recommendation-5b46f7469c-t2fm9.recommendation,dependency_error_ratio,trace_client_error_ratio,0.0
1776462583.63,recommendation,otel-demo.recommendation-5b46f7469c-t2fm9.recommendation,error_ratio,trace_server_error_ratio,0.0
1776462583.63,recommendation,otel-demo.recommendation-5b46f7469c-t2fm9.recommendation,request_count,trace_server_count,0.0
1776462583.63,recommendation,recommendation-5b46f7469c-g2rgb,cpu_usage,container_cpu_usage,0.008023919622627537
1776462583.63,recommendation,recommendation-5b46f7469c-g2rgb,memory_usage,container_memory_working_set_bytes,46891008.0
1776462583.63,recommendation,recommendation-5b46f7469c-rjwxq,cpu_usage,container_cpu_usage,0.025045946384300136
1776462583.63,recommendation,recommendation-5b46f7469c-rjwxq,memory_usage,container_memory_working_set_bytes,47865856.0
1776462583.63,recommendation,recommendation-5b46f7469c-t2fm9,cpu_usage,container_cpu_usage,0.03874009722918704
1776462583.63,recommendation,recommendation-5b46f7469c-t2fm9,memory_usage,container_memory_working_set_bytes,52613120.0
1776462583.63,recommendation,recommendation::service,pod_restart_count,k8s_container_restarts,3.0
1776462583.63,recommendation,recommendation::service,pod_running_count,k8s_container_ready,3.0
1776462593.63,ad,3a8b9295-6ae2-4e8a-b9b0-a607d7fec0a4,dependency_error_ratio,trace_client_error_ratio,0.0
1776462593.63,ad,3a8b9295-6ae2-4e8a-b9b0-a607d7fec0a4,error_ratio,trace_server_error_ratio,0.0
1776462593.63,ad,3a8b9295-6ae2-4e8a-b9b0-a607d7fec0a4,request_count,trace_server_count,0.0
1776462593.63,ad,5680c7ee-584c-4353-b6d2-93bc605a0324,dependency_error_ratio,trace_client_error_ratio,0.0
1776462593.63,ad,5680c7ee-584c-4353-b6d2-93bc605a0324,error_ratio,trace_server_error_ratio,0.0
1776462593.63,ad,5680c7ee-584c-4353-b6d2-93bc605a0324,request_count,trace_server_count,0.0
1776462593.63,ad,9f9a3c1c-bd3f-40ea-8764-b59f1ebd2204,dependency_error_ratio,trace_client_error_ratio,0.0
1776462593.63,ad,ad-7fb5b4f859-52ks9,cpu_usage,container_cpu_usage,0.0030684926834228595
1776462593.63,ad,ad-7fb5b4f859-52ks9,memory_usage,container_memory_working_set_bytes,260374528.0
1776462593.63,ad,ad-7fb5b4f859-rd4zw,cpu_usage,container_cpu_usage,0.0014712138065872036
1776462593.63,ad,ad-7fb5b4f859-rd4zw,memory_usage,container_memory_working_set_bytes,238411776.0
1776462593.63,ad,ad-7fb5b4f859-zsstr,cpu_usage,container_cpu_usage,0.004798037777839939
1776462593.63,ad,ad-7fb5b4f859-zsstr,memory_usage,container_memory_working_set_bytes,261767168.0
1776462593.63,ad,ad::service,pod_restart_count,k8s_container_restarts,3.0
1776462593.63,ad,ad::service,pod_running_count,k8s_container_ready,3.0
1776462593.63,cart,cart-7c7496d7f-th7mc,cpu_usage,container_cpu_usage,0.06393478260870666
1776462593.63,cart,cart-7c7496d7f-th7mc,memory_usage,container_memory_working_set_bytes,63057920.0
1776462593.63,cart,cart::service,pod_restart_count,k8s_container_restarts,1.0
1776462593.63,cart,cart::service,pod_running_count,k8s_container_ready,1.0
1776462593.63,cart,f1f3afac-3031-4c18-925a-048232421d89,dependency_error_ratio,trace_client_error_ratio,0.0
1776462593.63,cart,f1f3afac-3031-4c18-925a-048232421d89,error_ratio,trace_server_error_ratio,0.0
1776462593.63,cart,f1f3afac-3031-4c18-925a-048232421d89,request_count,trace_server_count,0.0
1776462593.63,checkout,4755bdbd-5ad9-49fa-acb7-3a7dcb6a9277,dependency_error_ratio,trace_client_error_ratio,0.0
1776462593.63,checkout,4755bdbd-5ad9-49fa-acb7-3a7dcb6a9277,error_ratio,trace_server_error_ratio,0.0
1776462593.63,checkout,4755bdbd-5ad9-49fa-acb7-3a7dcb6a9277,request_count,trace_server_count,0.0
1776462593.63,checkout,bb49e6b9-109a-41b8-be66-ab2a38272474,dependency_error_ratio,trace_client_error_ratio,0.0
1776462593.63,checkout,bb49e6b9-109a-41b8-be66-ab2a38272474,error_ratio,trace_server_error_ratio,0.0
1776462593.63,checkout,bb49e6b9-109a-41b8-be66-ab2a38272474,request_count,trace_server_count,0.0
1776462593.63,checkout,bc5804df-6f63-4261-8788-8ecfe5481366,dependency_error_ratio,trace_client_error_ratio,0.0
1776462593.63,checkout,bc5804df-6f63-4261-8788-8ecfe5481366,error_ratio,trace_server_error_ratio,0.0
1776462593.63,checkout,bc5804df-6f63-4261-8788-8ecfe5481366,request_count,trace_server_count,0.0
1776462593.63,checkout,checkout-7f4ccfc547-6crwh,cpu_usage,container_cpu_usage,0.18528566348493347
1776462593.63,checkout,checkout-7f4ccfc547-6crwh,memory_usage,container_memory_working_set_bytes,16089088.0
1776462593.63,checkout,checkout-7f4ccfc547-ftx2n,cpu_usage,container_cpu_usage,0.0005340597878495643
1776462593.63,checkout,checkout-7f4ccfc547-ftx2n,memory_usage,container_memory_working_set_bytes,12206080.0
1776462593.63,checkout,checkout-7f4ccfc547-qlfgr,cpu_usage,container_cpu_usage,0.03072972819503336
1776462593.63,checkout,checkout-7f4ccfc547-qlfgr,memory_usage,container_memory_working_set_bytes,14864384.0
1776462593.63,checkout,checkout::service,pod_restart_count,k8s_container_restarts,45.0
1776462593.63,checkout,checkout::service,pod_running_count,k8s_container_ready,3.0
1776462593.63,email,email-5dcf48b665-66zvj,cpu_usage,container_cpu_usage,0.00975240520656484
1776462593.63,email,email-5dcf48b665-66zvj,memory_usage,container_memory_working_set_bytes,59645952.0
1776462593.63,email,email-5dcf48b665-9xxmx,cpu_usage,container_cpu_usage,0.008374065451517221
1776462593.63,email,email-5dcf48b665-9xxmx,memory_usage,container_memory_working_set_bytes,56475648.0
1776462593.63,email,email-5dcf48b665-n4zf2,cpu_usage,container_cpu_usage,0.0051890871825635105
1776462593.63,email,email-5dcf48b665-n4zf2,memory_usage,container_memory_working_set_bytes,54534144.0
1776462593.63,email,email::service,pod_restart_count,k8s_container_restarts,9.0
1776462593.63,email,email::service,pod_running_count,k8s_container_ready,3.0
1776462593.63,email,otel-demo.email-5dcf48b665-66zvj.email,error_ratio,trace_server_error_ratio,0.0
1776462593.63,email,otel-demo.email-5dcf48b665-66zvj.email,request_count,trace_server_count,0.0
1776462593.63,email,otel-demo.email-5dcf48b665-9xxmx.email,error_ratio,trace_server_error_ratio,0.0
1776462593.63,email,otel-demo.email-5dcf48b665-9xxmx.email,request_count,trace_server_count,0.0
1776462593.63,email,otel-demo.email-5dcf48b665-n4zf2.email,error_ratio,trace_server_error_ratio,0.0
1776462593.63,email,otel-demo.email-5dcf48b665-n4zf2.email,request_count,trace_server_count,0.0
1776462593.63,frontend,frontend-b78bf7696-6bjdg,cpu_usage,container_cpu_usage,0.18082633702120696
1776462593.63,frontend,frontend-b78bf7696-6bjdg,memory_usage,container_memory_working_set_bytes,117485568.0
1776462593.63,frontend,frontend-b78bf7696-77ldd,cpu_usage,container_cpu_usage,0.04216397021567117
1776462593.63,frontend,frontend-b78bf7696-77ldd,memory_usage,container_memory_working_set_bytes,94339072.0
1776462593.63,frontend,frontend-b78bf7696-p9kqx,cpu_usage,container_cpu_usage,0.10062836129627477
1776462593.63,frontend,frontend-b78bf7696-p9kqx,memory_usage,container_memory_working_set_bytes,117665792.0
1776462593.63,frontend,frontend::service,pod_restart_count,k8s_container_restarts,3.0
1776462593.63,frontend,frontend::service,pod_running_count,k8s_container_ready,3.0
1776462593.63,frontend,otel-demo.frontend-b78bf7696-6bjdg.frontend,dependency_error_ratio,trace_client_error_ratio,0.0
1776462593.63,frontend,otel-demo.frontend-b78bf7696-6bjdg.frontend,error_ratio,trace_server_error_ratio,0.0
1776462593.63,frontend,otel-demo.frontend-b78bf7696-6bjdg.frontend,http_5xx_ratio,http_server_5xx_ratio,0.0
1776462593.63,frontend,otel-demo.frontend-b78bf7696-6bjdg.frontend,request_count,trace_server_count,0.0
1776462593.63,frontend,otel-demo.frontend-b78bf7696-77ldd.frontend,dependency_error_ratio,trace_client_error_ratio,0.0
1776462593.63,frontend,otel-demo.frontend-b78bf7696-77ldd.frontend,error_ratio,trace_server_error_ratio,0.0
1776462593.63,frontend,otel-demo.frontend-b78bf7696-77ldd.frontend,http_5xx_ratio,http_server_5xx_ratio,0.0
1776462593.63,frontend,otel-demo.frontend-b78bf7696-77ldd.frontend,request_count,trace_server_count,0.0
1776462593.63,frontend,otel-demo.frontend-b78bf7696-p9kqx.frontend,dependency_error_ratio,trace_client_error_ratio,0.0
1776462593.63,frontend,otel-demo.frontend-b78bf7696-p9kqx.frontend,error_ratio,trace_server_error_ratio,0.0
1776462593.63,frontend,otel-demo.frontend-b78bf7696-p9kqx.frontend,http_5xx_ratio,http_server_5xx_ratio,0.0
1776462593.63,frontend,otel-demo.frontend-b78bf7696-p9kqx.frontend,request_count,trace_server_count,0.0
1776462593.63,kafka,kafka-66df8bdf76-zjcbb,cpu_usage,container_cpu_usage,0.01929731299927352
1776462593.63,kafka,kafka-66df8bdf76-zjcbb,memory_usage,container_memory_working_set_bytes,666189824.0
1776462593.63,kafka,kafka::service,pod_restart_count,k8s_container_restarts,9.0
1776462593.63,kafka,kafka::service,pod_running_count,k8s_container_ready,1.0
1776462593.63,kafka,kafka::service,queue_lag,queue_size_ratio,0.0
1776462593.63,payment,otel-demo.payment-f9f8d647b-74h8z.payment,dependency_error_ratio,trace_client_error_ratio,0.0
1776462593.63,payment,otel-demo.payment-f9f8d647b-74h8z.payment,error_ratio,trace_server_error_ratio,0.0
1776462593.63,payment,otel-demo.payment-f9f8d647b-74h8z.payment,request_count,trace_server_count,0.0
1776462593.63,payment,otel-demo.payment-f9f8d647b-75hmx.payment,dependency_error_ratio,trace_client_error_ratio,0.0
1776462593.63,payment,otel-demo.payment-f9f8d647b-75hmx.payment,error_ratio,trace_server_error_ratio,0.0
1776462593.63,payment,otel-demo.payment-f9f8d647b-75hmx.payment,request_count,trace_server_count,0.0
1776462593.63,payment,otel-demo.payment-f9f8d647b-tv6l5.payment,dependency_error_ratio,trace_client_error_ratio,0.0
1776462593.63,payment,otel-demo.payment-f9f8d647b-tv6l5.payment,error_ratio,trace_server_error_ratio,0.0
1776462593.63,payment,otel-demo.payment-f9f8d647b-tv6l5.payment,request_count,trace_server_count,0.0
1776462593.63,payment,payment-f9f8d647b-74h8z,cpu_usage,container_cpu_usage,0.010709158811311542
1776462593.63,payment,payment-f9f8d647b-74h8z,memory_usage,container_memory_working_set_bytes,108941312.0
1776462593.63,payment,payment-f9f8d647b-75hmx,cpu_usage,container_cpu_usage,0.016032920328482414
1776462593.63,payment,payment-f9f8d647b-75hmx,memory_usage,container_memory_working_set_bytes,109912064.0
1776462593.63,payment,payment-f9f8d647b-tv6l5,cpu_usage,container_cpu_usage,0.008817694815306873
1776462593.63,payment,payment-f9f8d647b-tv6l5,memory_usage,container_memory_working_set_bytes,101023744.0
1776462593.63,payment,payment::service,pod_restart_count,k8s_container_restarts,39.0
1776462593.63,payment,payment::service,pod_running_count,k8s_container_ready,3.0
1776462593.63,product-catalog,otel-demo.product-catalog-784544475c-7crs7.product-catalog,dependency_error_ratio,trace_client_error_ratio,0.0
1776462593.63,product-catalog,otel-demo.product-catalog-784544475c-7crs7.product-catalog,error_ratio,trace_server_error_ratio,0.0
1776462593.63,product-catalog,otel-demo.product-catalog-784544475c-7crs7.product-catalog,request_count,trace_server_count,0.0
1776462593.63,product-catalog,otel-demo.product-catalog-784544475c-8skc7.product-catalog,dependency_error_ratio,trace_client_error_ratio,0.0
1776462593.63,product-catalog,otel-demo.product-catalog-784544475c-8skc7.product-catalog,error_ratio,trace_server_error_ratio,0.0
1776462593.63,product-catalog,otel-demo.product-catalog-784544475c-8skc7.product-catalog,request_count,trace_server_count,0.0
1776462593.63,product-catalog,otel-demo.product-catalog-784544475c-stwzc.product-catalog,dependency_error_ratio,trace_client_error_ratio,0.0
1776462593.63,product-catalog,otel-demo.product-catalog-784544475c-stwzc.product-catalog,error_ratio,trace_server_error_ratio,0.0
1776462593.63,product-catalog,otel-demo.product-catalog-784544475c-stwzc.product-catalog,request_count,trace_server_count,0.0
1776462593.63,product-catalog,product-catalog-784544475c-7crs7,cpu_usage,container_cpu_usage,0.0334442044796723
1776462593.63,product-catalog,product-catalog-784544475c-7crs7,memory_usage,container_memory_working_set_bytes,15278080.0
1776462593.63,product-catalog,product-catalog-784544475c-8skc7,cpu_usage,container_cpu_usage,0.11767896903700995
1776462593.63,product-catalog,product-catalog-784544475c-8skc7,memory_usage,container_memory_working_set_bytes,15613952.0
1776462593.63,product-catalog,product-catalog-784544475c-stwzc,cpu_usage,container_cpu_usage,0.00033234292098314105
1776462593.63,product-catalog,product-catalog-784544475c-stwzc,memory_usage,container_memory_working_set_bytes,12636160.0
1776462593.63,product-catalog,product-catalog::service,pod_restart_count,k8s_container_restarts,37.0
1776462593.63,product-catalog,product-catalog::service,pod_running_count,k8s_container_ready,3.0
1776462593.63,recommendation,otel-demo.recommendation-5b46f7469c-g2rgb.recommendation,dependency_error_ratio,trace_client_error_ratio,0.0
1776462593.63,recommendation,otel-demo.recommendation-5b46f7469c-rjwxq.recommendation,dependency_error_ratio,trace_client_error_ratio,0.0
1776462593.63,recommendation,otel-demo.recommendation-5b46f7469c-rjwxq.recommendation,error_ratio,trace_server_error_ratio,0.0
1776462593.63,recommendation,otel-demo.recommendation-5b46f7469c-rjwxq.recommendation,request_count,trace_server_count,0.0
1776462593.63,recommendation,otel-demo.recommendation-5b46f7469c-t2fm9.recommendation,dependency_error_ratio,trace_client_error_ratio,0.0
1776462593.63,recommendation,otel-demo.recommendation-5b46f7469c-t2fm9.recommendation,error_ratio,trace_server_error_ratio,0.0
1776462593.63,recommendation,otel-demo.recommendation-5b46f7469c-t2fm9.recommendation,request_count,trace_server_count,0.0
1776462593.63,recommendation,recommendation-5b46f7469c-g2rgb,cpu_usage,container_cpu_usage,0.012247413648478866
1776462593.63,recommendation,recommendation-5b46f7469c-g2rgb,memory_usage,container_memory_working_set_bytes,46891008.0
1776462593.63,recommendation,recommendation-5b46f7469c-rjwxq,cpu_usage,container_cpu_usage,0.024202884287822513
1776462593.63,recommendation,recommendation-5b46f7469c-rjwxq,memory_usage,container_memory_working_set_bytes,47927296.0
1776462593.63,recommendation,recommendation-5b46f7469c-t2fm9,cpu_usage,container_cpu_usage,0.043789709121973955
1776462593.63,recommendation,recommendation-5b46f7469c-t2fm9,memory_usage,container_memory_working_set_bytes,52662272.0
1776462593.63,recommendation,recommendation::service,pod_restart_count,k8s_container_restarts,3.0
1776462593.63,recommendation,recommendation::service,pod_running_count,k8s_container_ready,3.0
1776462603.63,ad,3a8b9295-6ae2-4e8a-b9b0-a607d7fec0a4,dependency_error_ratio,trace_client_error_ratio,0.0
1776462603.63,ad,3a8b9295-6ae2-4e8a-b9b0-a607d7fec0a4,error_ratio,trace_server_error_ratio,0.0
1776462603.63,ad,3a8b9295-6ae2-4e8a-b9b0-a607d7fec0a4,request_count,trace_server_count,0.0
1776462603.63,ad,5680c7ee-584c-4353-b6d2-93bc605a0324,dependency_error_ratio,trace_client_error_ratio,0.0
1776462603.63,ad,5680c7ee-584c-4353-b6d2-93bc605a0324,error_ratio,trace_server_error_ratio,0.0
1776462603.63,ad,5680c7ee-584c-4353-b6d2-93bc605a0324,request_count,trace_server_count,0.0
1776462603.63,ad,9f9a3c1c-bd3f-40ea-8764-b59f1ebd2204,dependency_error_ratio,trace_client_error_ratio,0.0
1776462603.63,ad,ad-7fb5b4f859-52ks9,cpu_usage,container_cpu_usage,0.0029375729136860563
1776462603.63,ad,ad-7fb5b4f859-52ks9,memory_usage,container_memory_working_set_bytes,260374528.0
1776462603.63,ad,ad-7fb5b4f859-rd4zw,cpu_usage,container_cpu_usage,0.0015148051671905168
1776462603.63,ad,ad-7fb5b4f859-rd4zw,memory_usage,container_memory_working_set_bytes,238411776.0
1776462603.63,ad,ad-7fb5b4f859-zsstr,cpu_usage,container_cpu_usage,0.0049186855313623785
1776462603.63,ad,ad-7fb5b4f859-zsstr,memory_usage,container_memory_working_set_bytes,261767168.0
1776462603.63,ad,ad::service,pod_restart_count,k8s_container_restarts,3.0
1776462603.63,ad,ad::service,pod_running_count,k8s_container_ready,3.0
1776462603.63,cart,cart-7c7496d7f-th7mc,cpu_usage,container_cpu_usage,0.061443856801913534
1776462603.63,cart,cart-7c7496d7f-th7mc,memory_usage,container_memory_working_set_bytes,63070208.0
1776462603.63,cart,cart::service,pod_restart_count,k8s_container_restarts,1.0
1776462603.63,cart,cart::service,pod_running_count,k8s_container_ready,1.0
1776462603.63,cart,f1f3afac-3031-4c18-925a-048232421d89,dependency_error_ratio,trace_client_error_ratio,0.0
1776462603.63,cart,f1f3afac-3031-4c18-925a-048232421d89,error_ratio,trace_server_error_ratio,0.0
1776462603.63,cart,f1f3afac-3031-4c18-925a-048232421d89,request_count,trace_server_count,0.0
1776462603.63,checkout,4755bdbd-5ad9-49fa-acb7-3a7dcb6a9277,dependency_error_ratio,trace_client_error_ratio,0.0
1776462603.63,checkout,4755bdbd-5ad9-49fa-acb7-3a7dcb6a9277,error_ratio,trace_server_error_ratio,0.0
1776462603.63,checkout,4755bdbd-5ad9-49fa-acb7-3a7dcb6a9277,request_count,trace_server_count,0.0
1776462603.63,checkout,bb49e6b9-109a-41b8-be66-ab2a38272474,dependency_error_ratio,trace_client_error_ratio,0.0
1776462603.63,checkout,bb49e6b9-109a-41b8-be66-ab2a38272474,error_ratio,trace_server_error_ratio,0.0
1776462603.63,checkout,bb49e6b9-109a-41b8-be66-ab2a38272474,request_count,trace_server_count,0.0
1776462603.63,checkout,bc5804df-6f63-4261-8788-8ecfe5481366,dependency_error_ratio,trace_client_error_ratio,0.0
1776462603.63,checkout,bc5804df-6f63-4261-8788-8ecfe5481366,error_ratio,trace_server_error_ratio,0.0
1776462603.63,checkout,bc5804df-6f63-4261-8788-8ecfe5481366,request_count,trace_server_count,0.0
1776462603.63,checkout,checkout-7f4ccfc547-6crwh,cpu_usage,container_cpu_usage,0.18870935061110441
1776462603.63,checkout,checkout-7f4ccfc547-6crwh,memory_usage,container_memory_working_set_bytes,16089088.0
1776462603.63,checkout,checkout-7f4ccfc547-ftx2n,cpu_usage,container_cpu_usage,0.0005624860090762914
1776462603.63,checkout,checkout-7f4ccfc547-ftx2n,memory_usage,container_memory_working_set_bytes,12206080.0
1776462603.63,checkout,checkout-7f4ccfc547-qlfgr,cpu_usage,container_cpu_usage,0.026654625330055234
1776462603.63,checkout,checkout-7f4ccfc547-qlfgr,memory_usage,container_memory_working_set_bytes,14921728.0
1776462603.63,checkout,checkout::service,pod_restart_count,k8s_container_restarts,45.0
1776462603.63,checkout,checkout::service,pod_running_count,k8s_container_ready,3.0
1776462603.63,email,email-5dcf48b665-66zvj,cpu_usage,container_cpu_usage,0.007086931293683802
1776462603.63,email,email-5dcf48b665-66zvj,memory_usage,container_memory_working_set_bytes,59645952.0
1776462603.63,email,email-5dcf48b665-9xxmx,cpu_usage,container_cpu_usage,0.008739199168905807
1776462603.63,email,email-5dcf48b665-9xxmx,memory_usage,container_memory_working_set_bytes,56418304.0
1776462603.63,email,email-5dcf48b665-n4zf2,cpu_usage,container_cpu_usage,0.0051890871825635105
1776462603.63,email,email-5dcf48b665-n4zf2,memory_usage,container_memory_working_set_bytes,54534144.0
1776462603.63,email,email::service,pod_restart_count,k8s_container_restarts,9.0
1776462603.63,email,email::service,pod_running_count,k8s_container_ready,3.0
1776462603.63,email,otel-demo.email-5dcf48b665-66zvj.email,error_ratio,trace_server_error_ratio,0.0
1776462603.63,email,otel-demo.email-5dcf48b665-66zvj.email,request_count,trace_server_count,0.0
1776462603.63,email,otel-demo.email-5dcf48b665-9xxmx.email,error_ratio,trace_server_error_ratio,0.0
1776462603.63,email,otel-demo.email-5dcf48b665-9xxmx.email,request_count,trace_server_count,0.0
1776462603.63,email,otel-demo.email-5dcf48b665-n4zf2.email,error_ratio,trace_server_error_ratio,0.0
1776462603.63,email,otel-demo.email-5dcf48b665-n4zf2.email,request_count,trace_server_count,0.0
1776462603.63,frontend,frontend-b78bf7696-6bjdg,cpu_usage,container_cpu_usage,0.19639487988284607
1776462603.63,frontend,frontend-b78bf7696-6bjdg,memory_usage,container_memory_working_set_bytes,117485568.0
1776462603.63,frontend,frontend-b78bf7696-77ldd,cpu_usage,container_cpu_usage,0.05350189793337942
1776462603.63,frontend,frontend-b78bf7696-77ldd,memory_usage,container_memory_working_set_bytes,93286400.0
1776462603.63,frontend,frontend-b78bf7696-p9kqx,cpu_usage,container_cpu_usage,0.10291166156413778
1776462603.63,frontend,frontend-b78bf7696-p9kqx,memory_usage,container_memory_working_set_bytes,116965376.0
1776462603.63,frontend,frontend::service,pod_restart_count,k8s_container_restarts,3.0
1776462603.63,frontend,frontend::service,pod_running_count,k8s_container_ready,3.0
1776462603.63,frontend,otel-demo.frontend-b78bf7696-6bjdg.frontend,dependency_error_ratio,trace_client_error_ratio,0.0
1776462603.63,frontend,otel-demo.frontend-b78bf7696-6bjdg.frontend,error_ratio,trace_server_error_ratio,0.0
1776462603.63,frontend,otel-demo.frontend-b78bf7696-6bjdg.frontend,http_5xx_ratio,http_server_5xx_ratio,0.0
1776462603.63,frontend,otel-demo.frontend-b78bf7696-6bjdg.frontend,request_count,trace_server_count,0.0
1776462603.63,frontend,otel-demo.frontend-b78bf7696-77ldd.frontend,dependency_error_ratio,trace_client_error_ratio,0.0
1776462603.63,frontend,otel-demo.frontend-b78bf7696-77ldd.frontend,error_ratio,trace_server_error_ratio,0.0
1776462603.63,frontend,otel-demo.frontend-b78bf7696-77ldd.frontend,http_5xx_ratio,http_server_5xx_ratio,0.0
1776462603.63,frontend,otel-demo.frontend-b78bf7696-77ldd.frontend,request_count,trace_server_count,0.0
1776462603.63,frontend,otel-demo.frontend-b78bf7696-p9kqx.frontend,dependency_error_ratio,trace_client_error_ratio,0.0
1776462603.63,frontend,otel-demo.frontend-b78bf7696-p9kqx.frontend,error_ratio,trace_server_error_ratio,0.0
1776462603.63,frontend,otel-demo.frontend-b78bf7696-p9kqx.frontend,http_5xx_ratio,http_server_5xx_ratio,0.0
1776462603.63,frontend,otel-demo.frontend-b78bf7696-p9kqx.frontend,request_count,trace_server_count,0.0
1776462603.63,kafka,kafka-66df8bdf76-zjcbb,cpu_usage,container_cpu_usage,0.017755452113980132
1776462603.63,kafka,kafka-66df8bdf76-zjcbb,memory_usage,container_memory_working_set_bytes,666234880.0
1776462603.63,kafka,kafka::service,pod_restart_count,k8s_container_restarts,9.0
1776462603.63,kafka,kafka::service,pod_running_count,k8s_container_ready,1.0
1776462603.63,kafka,kafka::service,queue_lag,queue_size_ratio,0.0
1776462603.63,payment,otel-demo.payment-f9f8d647b-74h8z.payment,dependency_error_ratio,trace_client_error_ratio,0.0
1776462603.63,payment,otel-demo.payment-f9f8d647b-74h8z.payment,error_ratio,trace_server_error_ratio,0.0
1776462603.63,payment,otel-demo.payment-f9f8d647b-74h8z.payment,request_count,trace_server_count,0.0
1776462603.63,payment,otel-demo.payment-f9f8d647b-75hmx.payment,dependency_error_ratio,trace_client_error_ratio,0.0
1776462603.63,payment,otel-demo.payment-f9f8d647b-75hmx.payment,error_ratio,trace_server_error_ratio,0.0
1776462603.63,payment,otel-demo.payment-f9f8d647b-75hmx.payment,request_count,trace_server_count,0.0
1776462603.63,payment,otel-demo.payment-f9f8d647b-tv6l5.payment,dependency_error_ratio,trace_client_error_ratio,0.0
1776462603.63,payment,otel-demo.payment-f9f8d647b-tv6l5.payment,error_ratio,trace_server_error_ratio,0.0
1776462603.63,payment,otel-demo.payment-f9f8d647b-tv6l5.payment,request_count,trace_server_count,0.0
1776462603.63,payment,payment-f9f8d647b-74h8z,cpu_usage,container_cpu_usage,0.01098826167771104
1776462603.63,payment,payment-f9f8d647b-74h8z,memory_usage,container_memory_working_set_bytes,108949504.0
1776462603.63,payment,payment-f9f8d647b-75hmx,cpu_usage,container_cpu_usage,0.01721670802315955
1776462603.63,payment,payment-f9f8d647b-75hmx,memory_usage,container_memory_working_set_bytes,109920256.0
1776462603.63,payment,payment-f9f8d647b-tv6l5,cpu_usage,container_cpu_usage,0.009692174558042036
1776462603.63,payment,payment-f9f8d647b-tv6l5,memory_usage,container_memory_working_set_bytes,101023744.0
1776462603.63,payment,payment::service,pod_restart_count,k8s_container_restarts,39.0
1776462603.63,payment,payment::service,pod_running_count,k8s_container_ready,3.0
1776462603.63,product-catalog,otel-demo.product-catalog-784544475c-7crs7.product-catalog,dependency_error_ratio,trace_client_error_ratio,0.0
1776462603.63,product-catalog,otel-demo.product-catalog-784544475c-7crs7.product-catalog,error_ratio,trace_server_error_ratio,0.0
1776462603.63,product-catalog,otel-demo.product-catalog-784544475c-7crs7.product-catalog,request_count,trace_server_count,0.0
1776462603.63,product-catalog,otel-demo.product-catalog-784544475c-8skc7.product-catalog,dependency_error_ratio,trace_client_error_ratio,0.0
1776462603.63,product-catalog,otel-demo.product-catalog-784544475c-8skc7.product-catalog,error_ratio,trace_server_error_ratio,0.0
1776462603.63,product-catalog,otel-demo.product-catalog-784544475c-8skc7.product-catalog,request_count,trace_server_count,0.0
1776462603.63,product-catalog,otel-demo.product-catalog-784544475c-stwzc.product-catalog,dependency_error_ratio,trace_client_error_ratio,0.0
1776462603.63,product-catalog,otel-demo.product-catalog-784544475c-stwzc.product-catalog,error_ratio,trace_server_error_ratio,0.0
1776462603.63,product-catalog,otel-demo.product-catalog-784544475c-stwzc.product-catalog,request_count,trace_server_count,0.0
1776462603.63,product-catalog,product-catalog-784544475c-7crs7,cpu_usage,container_cpu_usage,0.03344420447967229
1776462603.63,product-catalog,product-catalog-784544475c-7crs7,memory_usage,container_memory_working_set_bytes,15278080.0
1776462603.63,product-catalog,product-catalog-784544475c-8skc7,cpu_usage,container_cpu_usage,0.12197246777663341
1776462603.63,product-catalog,product-catalog-784544475c-8skc7,memory_usage,container_memory_working_set_bytes,15892480.0
1776462603.63,product-catalog,product-catalog-784544475c-stwzc,cpu_usage,container_cpu_usage,0.0004987941190111788
1776462603.63,product-catalog,product-catalog-784544475c-stwzc,memory_usage,container_memory_working_set_bytes,12640256.0
1776462603.63,product-catalog,product-catalog::service,pod_restart_count,k8s_container_restarts,37.0
1776462603.63,product-catalog,product-catalog::service,pod_running_count,k8s_container_ready,3.0
1776462603.63,recommendation,otel-demo.recommendation-5b46f7469c-g2rgb.recommendation,dependency_error_ratio,trace_client_error_ratio,0.0
1776462603.63,recommendation,otel-demo.recommendation-5b46f7469c-rjwxq.recommendation,dependency_error_ratio,trace_client_error_ratio,0.0
1776462603.63,recommendation,otel-demo.recommendation-5b46f7469c-rjwxq.recommendation,error_ratio,trace_server_error_ratio,0.0
1776462603.63,recommendation,otel-demo.recommendation-5b46f7469c-rjwxq.recommendation,request_count,trace_server_count,0.0
1776462603.63,recommendation,otel-demo.recommendation-5b46f7469c-t2fm9.recommendation,dependency_error_ratio,trace_client_error_ratio,0.0
1776462603.63,recommendation,otel-demo.recommendation-5b46f7469c-t2fm9.recommendation,error_ratio,trace_server_error_ratio,0.0
1776462603.63,recommendation,otel-demo.recommendation-5b46f7469c-t2fm9.recommendation,request_count,trace_server_count,0.0
1776462603.63,recommendation,recommendation-5b46f7469c-g2rgb,cpu_usage,container_cpu_usage,0.013758118825658732
1776462603.63,recommendation,recommendation-5b46f7469c-g2rgb,memory_usage,container_memory_working_set_bytes,46891008.0
1776462603.63,recommendation,recommendation-5b46f7469c-rjwxq,cpu_usage,container_cpu_usage,0.026156556623056576
1776462603.63,recommendation,recommendation-5b46f7469c-rjwxq,memory_usage,container_memory_working_set_bytes,47927296.0
1776462603.63,recommendation,recommendation-5b46f7469c-t2fm9,cpu_usage,container_cpu_usage,0.0346394499999974
1776462603.63,recommendation,recommendation-5b46f7469c-t2fm9,memory_usage,container_memory_working_set_bytes,52662272.0
1776462603.63,recommendation,recommendation::service,pod_restart_count,k8s_container_restarts,3.0
1776462603.63,recommendation,recommendation::service,pod_running_count,k8s_container_ready,3.0
1776462613.63,ad,3a8b9295-6ae2-4e8a-b9b0-a607d7fec0a4,dependency_error_ratio,trace_client_error_ratio,0.0
1776462613.63,ad,3a8b9295-6ae2-4e8a-b9b0-a607d7fec0a4,error_ratio,trace_server_error_ratio,0.0
1776462613.63,ad,3a8b9295-6ae2-4e8a-b9b0-a607d7fec0a4,request_count,trace_server_count,0.0
1776462613.63,ad,5680c7ee-584c-4353-b6d2-93bc605a0324,dependency_error_ratio,trace_client_error_ratio,0.0
1776462613.63,ad,5680c7ee-584c-4353-b6d2-93bc605a0324,error_ratio,trace_server_error_ratio,0.0
1776462613.63,ad,5680c7ee-584c-4353-b6d2-93bc605a0324,request_count,trace_server_count,0.0
1776462613.63,ad,9f9a3c1c-bd3f-40ea-8764-b59f1ebd2204,dependency_error_ratio,trace_client_error_ratio,0.0
1776462613.63,ad,ad-7fb5b4f859-52ks9,cpu_usage,container_cpu_usage,0.003135021958934053
1776462613.63,ad,ad-7fb5b4f859-52ks9,memory_usage,container_memory_working_set_bytes,260407296.0
1776462613.63,ad,ad-7fb5b4f859-rd4zw,cpu_usage,container_cpu_usage,0.001545000844294021
1776462613.63,ad,ad-7fb5b4f859-rd4zw,memory_usage,container_memory_working_set_bytes,238411776.0
1776462613.63,ad,ad-7fb5b4f859-zsstr,cpu_usage,container_cpu_usage,0.004598008205194026
1776462613.63,ad,ad-7fb5b4f859-zsstr,memory_usage,container_memory_working_set_bytes,261767168.0
1776462613.63,ad,ad::service,pod_restart_count,k8s_container_restarts,3.0
1776462613.63,ad,ad::service,pod_running_count,k8s_container_ready,3.0
1776462613.63,cart,cart-7c7496d7f-th7mc,cpu_usage,container_cpu_usage,0.06322230784430063
1776462613.63,cart,cart-7c7496d7f-th7mc,memory_usage,container_memory_working_set_bytes,63057920.0
1776462613.63,cart,cart::service,pod_restart_count,k8s_container_restarts,1.0
1776462613.63,cart,cart::service,pod_running_count,k8s_container_ready,1.0
1776462613.63,cart,f1f3afac-3031-4c18-925a-048232421d89,dependency_error_ratio,trace_client_error_ratio,0.0
1776462613.63,cart,f1f3afac-3031-4c18-925a-048232421d89,error_ratio,trace_server_error_ratio,0.0
1776462613.63,cart,f1f3afac-3031-4c18-925a-048232421d89,request_count,trace_server_count,0.0
1776462613.63,checkout,4755bdbd-5ad9-49fa-acb7-3a7dcb6a9277,dependency_error_ratio,trace_client_error_ratio,0.0
1776462613.63,checkout,4755bdbd-5ad9-49fa-acb7-3a7dcb6a9277,error_ratio,trace_server_error_ratio,0.0
1776462613.63,checkout,4755bdbd-5ad9-49fa-acb7-3a7dcb6a9277,request_count,trace_server_count,0.0
1776462613.63,checkout,bb49e6b9-109a-41b8-be66-ab2a38272474,dependency_error_ratio,trace_client_error_ratio,0.0
1776462613.63,checkout,bb49e6b9-109a-41b8-be66-ab2a38272474,error_ratio,trace_server_error_ratio,0.0
1776462613.63,checkout,bb49e6b9-109a-41b8-be66-ab2a38272474,request_count,trace_server_count,0.0
1776462613.63,checkout,bc5804df-6f63-4261-8788-8ecfe5481366,dependency_error_ratio,trace_client_error_ratio,0.0
1776462613.63,checkout,bc5804df-6f63-4261-8788-8ecfe5481366,error_ratio,trace_server_error_ratio,0.0
1776462613.63,checkout,bc5804df-6f63-4261-8788-8ecfe5481366,request_count,trace_server_count,0.0
1776462613.63,checkout,checkout-7f4ccfc547-6crwh,cpu_usage,container_cpu_usage,0.17478365071614774
1776462613.63,checkout,checkout-7f4ccfc547-6crwh,memory_usage,container_memory_working_set_bytes,16510976.0
1776462613.63,checkout,checkout-7f4ccfc547-ftx2n,cpu_usage,container_cpu_usage,0.0005721274310941275
1776462613.63,checkout,checkout-7f4ccfc547-ftx2n,memory_usage,container_memory_working_set_bytes,12206080.0
1776462613.63,checkout,checkout-7f4ccfc547-qlfgr,cpu_usage,container_cpu_usage,0.026654625330055234
1776462613.63,checkout,checkout-7f4ccfc547-qlfgr,memory_usage,container_memory_working_set_bytes,14921728.0
1776462613.63,checkout,checkout::service,pod_restart_count,k8s_container_restarts,45.0
1776462613.63,checkout,checkout::service,pod_running_count,k8s_container_ready,3.0
1776462613.63,email,email-5dcf48b665-66zvj,cpu_usage,container_cpu_usage,0.007961616345475524
1776462613.63,email,email-5dcf48b665-66zvj,memory_usage,container_memory_working_set_bytes,59678720.0
1776462613.63,email,email-5dcf48b665-9xxmx,cpu_usage,container_cpu_usage,0.008739199168905807
1776462613.63,email,email-5dcf48b665-9xxmx,memory_usage,container_memory_working_set_bytes,56418304.0
1776462613.63,email,email-5dcf48b665-n4zf2,cpu_usage,container_cpu_usage,0.010028770794357296
1776462613.63,email,email-5dcf48b665-n4zf2,memory_usage,container_memory_working_set_bytes,54734848.0
1776462613.63,email,email::service,pod_restart_count,k8s_container_restarts,9.0
1776462613.63,email,email::service,pod_running_count,k8s_container_ready,3.0
1776462613.63,email,otel-demo.email-5dcf48b665-66zvj.email,error_ratio,trace_server_error_ratio,0.0
1776462613.63,email,otel-demo.email-5dcf48b665-66zvj.email,request_count,trace_server_count,0.0
1776462613.63,email,otel-demo.email-5dcf48b665-9xxmx.email,error_ratio,trace_server_error_ratio,0.0
1776462613.63,email,otel-demo.email-5dcf48b665-9xxmx.email,request_count,trace_server_count,0.0
1776462613.63,email,otel-demo.email-5dcf48b665-n4zf2.email,error_ratio,trace_server_error_ratio,0.0
1776462613.63,email,otel-demo.email-5dcf48b665-n4zf2.email,request_count,trace_server_count,0.0
1776462613.63,frontend,frontend-b78bf7696-6bjdg,cpu_usage,container_cpu_usage,0.18658840292658602
1776462613.63,frontend,frontend-b78bf7696-6bjdg,memory_usage,container_memory_working_set_bytes,117571584.0
1776462613.63,frontend,frontend-b78bf7696-77ldd,cpu_usage,container_cpu_usage,0.06141737545562842
1776462613.63,frontend,frontend-b78bf7696-77ldd,memory_usage,container_memory_working_set_bytes,93282304.0
1776462613.63,frontend,frontend-b78bf7696-p9kqx,cpu_usage,container_cpu_usage,0.1029116615641378
1776462613.63,frontend,frontend-b78bf7696-p9kqx,memory_usage,container_memory_working_set_bytes,116965376.0
1776462613.63,frontend,frontend::service,pod_restart_count,k8s_container_restarts,3.0
1776462613.63,frontend,frontend::service,pod_running_count,k8s_container_ready,3.0
1776462613.63,frontend,otel-demo.frontend-b78bf7696-6bjdg.frontend,dependency_error_ratio,trace_client_error_ratio,0.0
1776462613.63,frontend,otel-demo.frontend-b78bf7696-6bjdg.frontend,error_ratio,trace_server_error_ratio,0.0
1776462613.63,frontend,otel-demo.frontend-b78bf7696-6bjdg.frontend,http_5xx_ratio,http_server_5xx_ratio,0.0
1776462613.63,frontend,otel-demo.frontend-b78bf7696-6bjdg.frontend,request_count,trace_server_count,0.0
1776462613.63,frontend,otel-demo.frontend-b78bf7696-77ldd.frontend,dependency_error_ratio,trace_client_error_ratio,0.0
1776462613.63,frontend,otel-demo.frontend-b78bf7696-77ldd.frontend,error_ratio,trace_server_error_ratio,0.0
1776462613.63,frontend,otel-demo.frontend-b78bf7696-77ldd.frontend,http_5xx_ratio,http_server_5xx_ratio,0.0
1776462613.63,frontend,otel-demo.frontend-b78bf7696-77ldd.frontend,request_count,trace_server_count,0.0
1776462613.63,frontend,otel-demo.frontend-b78bf7696-p9kqx.frontend,dependency_error_ratio,trace_client_error_ratio,0.0
1776462613.63,frontend,otel-demo.frontend-b78bf7696-p9kqx.frontend,error_ratio,trace_server_error_ratio,0.0
1776462613.63,frontend,otel-demo.frontend-b78bf7696-p9kqx.frontend,http_5xx_ratio,http_server_5xx_ratio,0.0
1776462613.63,frontend,otel-demo.frontend-b78bf7696-p9kqx.frontend,request_count,trace_server_count,0.0
1776462613.63,kafka,kafka-66df8bdf76-zjcbb,cpu_usage,container_cpu_usage,0.017755452113980132
1776462613.63,kafka,kafka-66df8bdf76-zjcbb,memory_usage,container_memory_working_set_bytes,666234880.0
1776462613.63,kafka,kafka::service,pod_restart_count,k8s_container_restarts,9.0
1776462613.63,kafka,kafka::service,pod_running_count,k8s_container_ready,1.0
1776462613.63,kafka,kafka::service,queue_lag,queue_size_ratio,0.0
1776462613.63,payment,otel-demo.payment-f9f8d647b-74h8z.payment,dependency_error_ratio,trace_client_error_ratio,0.0
1776462613.63,payment,otel-demo.payment-f9f8d647b-74h8z.payment,error_ratio,trace_server_error_ratio,0.0
1776462613.63,payment,otel-demo.payment-f9f8d647b-74h8z.payment,request_count,trace_server_count,0.0
1776462613.63,payment,otel-demo.payment-f9f8d647b-75hmx.payment,dependency_error_ratio,trace_client_error_ratio,0.0
1776462613.63,payment,otel-demo.payment-f9f8d647b-75hmx.payment,error_ratio,trace_server_error_ratio,0.0
1776462613.63,payment,otel-demo.payment-f9f8d647b-75hmx.payment,request_count,trace_server_count,0.0
1776462613.63,payment,otel-demo.payment-f9f8d647b-tv6l5.payment,dependency_error_ratio,trace_client_error_ratio,0.0
1776462613.63,payment,otel-demo.payment-f9f8d647b-tv6l5.payment,error_ratio,trace_server_error_ratio,0.0
1776462613.63,payment,otel-demo.payment-f9f8d647b-tv6l5.payment,request_count,trace_server_count,0.0
1776462613.63,payment,payment-f9f8d647b-74h8z,cpu_usage,container_cpu_usage,0.010820535138620496
1776462613.63,payment,payment-f9f8d647b-74h8z,memory_usage,container_memory_working_set_bytes,108949504.0
1776462613.63,payment,payment-f9f8d647b-75hmx,cpu_usage,container_cpu_usage,0.01710709761864541
1776462613.63,payment,payment-f9f8d647b-75hmx,memory_usage,container_memory_working_set_bytes,109920256.0
1776462613.63,payment,payment-f9f8d647b-tv6l5,cpu_usage,container_cpu_usage,0.009729696013502313
1776462613.63,payment,payment-f9f8d647b-tv6l5,memory_usage,container_memory_working_set_bytes,101023744.0
1776462613.63,payment,payment::service,pod_restart_count,k8s_container_restarts,39.0
1776462613.63,payment,payment::service,pod_running_count,k8s_container_ready,3.0
1776462613.63,product-catalog,otel-demo.product-catalog-784544475c-7crs7.product-catalog,dependency_error_ratio,trace_client_error_ratio,0.0
1776462613.63,product-catalog,otel-demo.product-catalog-784544475c-7crs7.product-catalog,error_ratio,trace_server_error_ratio,0.0
1776462613.63,product-catalog,otel-demo.product-catalog-784544475c-7crs7.product-catalog,request_count,trace_server_count,0.0
1776462613.63,product-catalog,otel-demo.product-catalog-784544475c-8skc7.product-catalog,dependency_error_ratio,trace_client_error_ratio,0.0
1776462613.63,product-catalog,otel-demo.product-catalog-784544475c-8skc7.product-catalog,error_ratio,trace_server_error_ratio,0.0
1776462613.63,product-catalog,otel-demo.product-catalog-784544475c-8skc7.product-catalog,request_count,trace_server_count,0.0
1776462613.63,product-catalog,otel-demo.product-catalog-784544475c-stwzc.product-catalog,dependency_error_ratio,trace_client_error_ratio,0.0
1776462613.63,product-catalog,otel-demo.product-catalog-784544475c-stwzc.product-catalog,error_ratio,trace_server_error_ratio,0.0
1776462613.63,product-catalog,otel-demo.product-catalog-784544475c-stwzc.product-catalog,request_count,trace_server_count,0.0
1776462613.63,product-catalog,product-catalog-784544475c-7crs7,cpu_usage,container_cpu_usage,0.041623115682518565
1776462613.63,product-catalog,product-catalog-784544475c-7crs7,memory_usage,container_memory_working_set_bytes,14737408.0
1776462613.63,product-catalog,product-catalog-784544475c-8skc7,cpu_usage,container_cpu_usage,0.13516871294917535
1776462613.63,product-catalog,product-catalog-784544475c-8skc7,memory_usage,container_memory_working_set_bytes,15892480.0
1776462613.63,product-catalog,product-catalog-784544475c-stwzc,cpu_usage,container_cpu_usage,0.0004169365395424744
1776462613.63,product-catalog,product-catalog-784544475c-stwzc,memory_usage,container_memory_working_set_bytes,12640256.0
1776462613.63,product-catalog,product-catalog::service,pod_restart_count,k8s_container_restarts,37.0
1776462613.63,product-catalog,product-catalog::service,pod_running_count,k8s_container_ready,3.0
1776462613.63,recommendation,otel-demo.recommendation-5b46f7469c-g2rgb.recommendation,dependency_error_ratio,trace_client_error_ratio,0.0
1776462613.63,recommendation,otel-demo.recommendation-5b46f7469c-rjwxq.recommendation,dependency_error_ratio,trace_client_error_ratio,0.0
1776462613.63,recommendation,otel-demo.recommendation-5b46f7469c-rjwxq.recommendation,error_ratio,trace_server_error_ratio,0.0
1776462613.63,recommendation,otel-demo.recommendation-5b46f7469c-rjwxq.recommendation,request_count,trace_server_count,0.0
1776462613.63,recommendation,otel-demo.recommendation-5b46f7469c-t2fm9.recommendation,dependency_error_ratio,trace_client_error_ratio,0.0
1776462613.63,recommendation,otel-demo.recommendation-5b46f7469c-t2fm9.recommendation,error_ratio,trace_server_error_ratio,0.0
1776462613.63,recommendation,otel-demo.recommendation-5b46f7469c-t2fm9.recommendation,request_count,trace_server_count,0.0
1776462613.63,recommendation,recommendation-5b46f7469c-g2rgb,cpu_usage,container_cpu_usage,0.013356103534385284
1776462613.63,recommendation,recommendation-5b46f7469c-g2rgb,memory_usage,container_memory_working_set_bytes,46891008.0
1776462613.63,recommendation,recommendation-5b46f7469c-rjwxq,cpu_usage,container_cpu_usage,0.0422950365779345
1776462613.63,recommendation,recommendation-5b46f7469c-rjwxq,memory_usage,container_memory_working_set_bytes,47882240.0
1776462613.63,recommendation,recommendation-5b46f7469c-t2fm9,cpu_usage,container_cpu_usage,0.059262978839217065
1776462613.63,recommendation,recommendation-5b46f7469c-t2fm9,memory_usage,container_memory_working_set_bytes,52711424.0
1776462613.63,recommendation,recommendation::service,pod_restart_count,k8s_container_restarts,3.0
1776462613.63,recommendation,recommendation::service,pod_running_count,k8s_container_ready,3.0
1776462623.63,ad,3a8b9295-6ae2-4e8a-b9b0-a607d7fec0a4,dependency_error_ratio,trace_client_error_ratio,0.0
1776462623.63,ad,3a8b9295-6ae2-4e8a-b9b0-a607d7fec0a4,error_ratio,trace_server_error_ratio,0.0
1776462623.63,ad,3a8b9295-6ae2-4e8a-b9b0-a607d7fec0a4,request_count,trace_server_count,0.0
1776462623.63,ad,5680c7ee-584c-4353-b6d2-93bc605a0324,dependency_error_ratio,trace_client_error_ratio,0.0
1776462623.63,ad,5680c7ee-584c-4353-b6d2-93bc605a0324,error_ratio,trace_server_error_ratio,0.0
1776462623.63,ad,5680c7ee-584c-4353-b6d2-93bc605a0324,request_count,trace_server_count,0.0
1776462623.63,ad,9f9a3c1c-bd3f-40ea-8764-b59f1ebd2204,dependency_error_ratio,trace_client_error_ratio,0.0
1776462623.63,ad,ad-7fb5b4f859-52ks9,cpu_usage,container_cpu_usage,0.0029943902489389
1776462623.63,ad,ad-7fb5b4f859-52ks9,memory_usage,container_memory_working_set_bytes,260407296.0
1776462623.63,ad,ad-7fb5b4f859-rd4zw,cpu_usage,container_cpu_usage,0.001434220426368392
1776462623.63,ad,ad-7fb5b4f859-rd4zw,memory_usage,container_memory_working_set_bytes,238411776.0
1776462623.63,ad,ad-7fb5b4f859-zsstr,cpu_usage,container_cpu_usage,0.004199848342743011
1776462623.63,ad,ad-7fb5b4f859-zsstr,memory_usage,container_memory_working_set_bytes,261767168.0
1776462623.63,ad,ad::service,pod_restart_count,k8s_container_restarts,3.0
1776462623.63,ad,ad::service,pod_running_count,k8s_container_ready,3.0
1776462623.63,cart,cart-7c7496d7f-th7mc,cpu_usage,container_cpu_usage,0.061740261272145824
1776462623.63,cart,cart-7c7496d7f-th7mc,memory_usage,container_memory_working_set_bytes,63057920.0
1776462623.63,cart,cart::service,pod_restart_count,k8s_container_restarts,1.0
1776462623.63,cart,cart::service,pod_running_count,k8s_container_ready,1.0
1776462623.63,cart,f1f3afac-3031-4c18-925a-048232421d89,dependency_error_ratio,trace_client_error_ratio,0.0
1776462623.63,cart,f1f3afac-3031-4c18-925a-048232421d89,error_ratio,trace_server_error_ratio,0.0
1776462623.63,cart,f1f3afac-3031-4c18-925a-048232421d89,request_count,trace_server_count,0.0
1776462623.63,checkout,4755bdbd-5ad9-49fa-acb7-3a7dcb6a9277,dependency_error_ratio,trace_client_error_ratio,0.0
1776462623.63,checkout,4755bdbd-5ad9-49fa-acb7-3a7dcb6a9277,error_ratio,trace_server_error_ratio,0.0
1776462623.63,checkout,4755bdbd-5ad9-49fa-acb7-3a7dcb6a9277,request_count,trace_server_count,0.0
1776462623.63,checkout,bb49e6b9-109a-41b8-be66-ab2a38272474,dependency_error_ratio,trace_client_error_ratio,0.0
1776462623.63,checkout,bb49e6b9-109a-41b8-be66-ab2a38272474,error_ratio,trace_server_error_ratio,0.0
1776462623.63,checkout,bb49e6b9-109a-41b8-be66-ab2a38272474,request_count,trace_server_count,0.0
1776462623.63,checkout,bc5804df-6f63-4261-8788-8ecfe5481366,dependency_error_ratio,trace_client_error_ratio,0.0
1776462623.63,checkout,bc5804df-6f63-4261-8788-8ecfe5481366,error_ratio,trace_server_error_ratio,0.0
1776462623.63,checkout,bc5804df-6f63-4261-8788-8ecfe5481366,request_count,trace_server_count,0.0
1776462623.63,checkout,checkout-7f4ccfc547-6crwh,cpu_usage,container_cpu_usage,0.17156676557863454
1776462623.63,checkout,checkout-7f4ccfc547-6crwh,memory_usage,container_memory_working_set_bytes,15695872.0
1776462623.63,checkout,checkout-7f4ccfc547-ftx2n,cpu_usage,container_cpu_usage,0.000565932517313577
1776462623.63,checkout,checkout-7f4ccfc547-ftx2n,memory_usage,container_memory_working_set_bytes,12206080.0
1776462623.63,checkout,checkout-7f4ccfc547-qlfgr,cpu_usage,container_cpu_usage,0.032697961171496474
1776462623.63,checkout,checkout-7f4ccfc547-qlfgr,memory_usage,container_memory_working_set_bytes,15020032.0
1776462623.63,checkout,checkout::service,pod_restart_count,k8s_container_restarts,45.0
1776462623.63,checkout,checkout::service,pod_running_count,k8s_container_ready,3.0
1776462623.63,email,email-5dcf48b665-66zvj,cpu_usage,container_cpu_usage,0.007961616345475524
1776462623.63,email,email-5dcf48b665-66zvj,memory_usage,container_memory_working_set_bytes,59678720.0
1776462623.63,email,email-5dcf48b665-9xxmx,cpu_usage,container_cpu_usage,0.005883257460798864
1776462623.63,email,email-5dcf48b665-9xxmx,memory_usage,container_memory_working_set_bytes,56479744.0
1776462623.63,email,email-5dcf48b665-n4zf2,cpu_usage,container_cpu_usage,0.010028770794357296
1776462623.63,email,email-5dcf48b665-n4zf2,memory_usage,container_memory_working_set_bytes,54734848.0
1776462623.63,email,email::service,pod_restart_count,k8s_container_restarts,9.0
1776462623.63,email,email::service,pod_running_count,k8s_container_ready,3.0
1776462623.63,email,otel-demo.email-5dcf48b665-66zvj.email,error_ratio,trace_server_error_ratio,0.0
1776462623.63,email,otel-demo.email-5dcf48b665-66zvj.email,request_count,trace_server_count,0.0
1776462623.63,email,otel-demo.email-5dcf48b665-9xxmx.email,error_ratio,trace_server_error_ratio,0.0
1776462623.63,email,otel-demo.email-5dcf48b665-9xxmx.email,request_count,trace_server_count,0.0
1776462623.63,email,otel-demo.email-5dcf48b665-n4zf2.email,error_ratio,trace_server_error_ratio,0.0
1776462623.63,email,otel-demo.email-5dcf48b665-n4zf2.email,request_count,trace_server_count,0.0
1776462623.63,frontend,frontend-b78bf7696-6bjdg,cpu_usage,container_cpu_usage,0.1642512398926887
1776462623.63,frontend,frontend-b78bf7696-6bjdg,memory_usage,container_memory_working_set_bytes,117612544.0
1776462623.63,frontend,frontend-b78bf7696-77ldd,cpu_usage,container_cpu_usage,0.0529503078337872
1776462623.63,frontend,frontend-b78bf7696-77ldd,memory_usage,container_memory_working_set_bytes,93282304.0
1776462623.63,frontend,frontend-b78bf7696-p9kqx,cpu_usage,container_cpu_usage,0.11320163153310486
1776462623.63,frontend,frontend-b78bf7696-p9kqx,memory_usage,container_memory_working_set_bytes,118657024.0
1776462623.63,frontend,frontend::service,pod_restart_count,k8s_container_restarts,3.0
1776462623.63,frontend,frontend::service,pod_running_count,k8s_container_ready,3.0
1776462623.63,frontend,otel-demo.frontend-b78bf7696-6bjdg.frontend,dependency_error_ratio,trace_client_error_ratio,0.0
1776462623.63,frontend,otel-demo.frontend-b78bf7696-6bjdg.frontend,error_ratio,trace_server_error_ratio,0.0
1776462623.63,frontend,otel-demo.frontend-b78bf7696-6bjdg.frontend,http_5xx_ratio,http_server_5xx_ratio,0.0
1776462623.63,frontend,otel-demo.frontend-b78bf7696-6bjdg.frontend,request_count,trace_server_count,0.0
1776462623.63,frontend,otel-demo.frontend-b78bf7696-77ldd.frontend,dependency_error_ratio,trace_client_error_ratio,0.0
1776462623.63,frontend,otel-demo.frontend-b78bf7696-77ldd.frontend,error_ratio,trace_server_error_ratio,0.0
1776462623.63,frontend,otel-demo.frontend-b78bf7696-77ldd.frontend,http_5xx_ratio,http_server_5xx_ratio,0.0
1776462623.63,frontend,otel-demo.frontend-b78bf7696-77ldd.frontend,request_count,trace_server_count,0.0
1776462623.63,frontend,otel-demo.frontend-b78bf7696-p9kqx.frontend,dependency_error_ratio,trace_client_error_ratio,0.0
1776462623.63,frontend,otel-demo.frontend-b78bf7696-p9kqx.frontend,error_ratio,trace_server_error_ratio,0.0
1776462623.63,frontend,otel-demo.frontend-b78bf7696-p9kqx.frontend,http_5xx_ratio,http_server_5xx_ratio,0.0
1776462623.63,frontend,otel-demo.frontend-b78bf7696-p9kqx.frontend,request_count,trace_server_count,0.0
1776462623.63,kafka,kafka-66df8bdf76-zjcbb,cpu_usage,container_cpu_usage,0.013567831179739382
1776462623.63,kafka,kafka-66df8bdf76-zjcbb,memory_usage,container_memory_working_set_bytes,666193920.0
1776462623.63,kafka,kafka::service,pod_restart_count,k8s_container_restarts,9.0
1776462623.63,kafka,kafka::service,pod_running_count,k8s_container_ready,1.0
1776462623.63,kafka,kafka::service,queue_lag,queue_size_ratio,0.0
1776462623.63,payment,otel-demo.payment-f9f8d647b-74h8z.payment,dependency_error_ratio,trace_client_error_ratio,0.0
1776462623.63,payment,otel-demo.payment-f9f8d647b-74h8z.payment,error_ratio,trace_server_error_ratio,0.0
1776462623.63,payment,otel-demo.payment-f9f8d647b-74h8z.payment,request_count,trace_server_count,0.0
1776462623.63,payment,otel-demo.payment-f9f8d647b-75hmx.payment,dependency_error_ratio,trace_client_error_ratio,0.0
1776462623.63,payment,otel-demo.payment-f9f8d647b-75hmx.payment,error_ratio,trace_server_error_ratio,0.0
1776462623.63,payment,otel-demo.payment-f9f8d647b-75hmx.payment,request_count,trace_server_count,0.0
1776462623.63,payment,otel-demo.payment-f9f8d647b-tv6l5.payment,dependency_error_ratio,trace_client_error_ratio,0.0
1776462623.63,payment,otel-demo.payment-f9f8d647b-tv6l5.payment,error_ratio,trace_server_error_ratio,0.0
1776462623.63,payment,otel-demo.payment-f9f8d647b-tv6l5.payment,request_count,trace_server_count,0.0
1776462623.63,payment,payment-f9f8d647b-74h8z,cpu_usage,container_cpu_usage,0.010659153849431722
1776462623.63,payment,payment-f9f8d647b-74h8z,memory_usage,container_memory_working_set_bytes,108937216.0
1776462623.63,payment,payment-f9f8d647b-75hmx,cpu_usage,container_cpu_usage,0.011608800000000485
1776462623.63,payment,payment-f9f8d647b-75hmx,memory_usage,container_memory_working_set_bytes,109920256.0
1776462623.63,payment,payment-f9f8d647b-tv6l5,cpu_usage,container_cpu_usage,0.009716421607259187
1776462623.63,payment,payment-f9f8d647b-tv6l5,memory_usage,container_memory_working_set_bytes,101023744.0
1776462623.63,payment,payment::service,pod_restart_count,k8s_container_restarts,39.0
1776462623.63,payment,payment::service,pod_running_count,k8s_container_ready,3.0
1776462623.63,product-catalog,otel-demo.product-catalog-784544475c-7crs7.product-catalog,dependency_error_ratio,trace_client_error_ratio,0.0
1776462623.63,product-catalog,otel-demo.product-catalog-784544475c-7crs7.product-catalog,error_ratio,trace_server_error_ratio,0.0
1776462623.63,product-catalog,otel-demo.product-catalog-784544475c-7crs7.product-catalog,request_count,trace_server_count,0.0
1776462623.63,product-catalog,otel-demo.product-catalog-784544475c-8skc7.product-catalog,dependency_error_ratio,trace_client_error_ratio,0.0
1776462623.63,product-catalog,otel-demo.product-catalog-784544475c-8skc7.product-catalog,error_ratio,trace_server_error_ratio,0.0
1776462623.63,product-catalog,otel-demo.product-catalog-784544475c-8skc7.product-catalog,request_count,trace_server_count,0.0
1776462623.63,product-catalog,otel-demo.product-catalog-784544475c-stwzc.product-catalog,dependency_error_ratio,trace_client_error_ratio,0.0
1776462623.63,product-catalog,otel-demo.product-catalog-784544475c-stwzc.product-catalog,error_ratio,trace_server_error_ratio,0.0
1776462623.63,product-catalog,otel-demo.product-catalog-784544475c-stwzc.product-catalog,request_count,trace_server_count,0.0
1776462623.63,product-catalog,product-catalog-784544475c-7crs7,cpu_usage,container_cpu_usage,0.04376894053727734
1776462623.63,product-catalog,product-catalog-784544475c-7crs7,memory_usage,container_memory_working_set_bytes,14737408.0
1776462623.63,product-catalog,product-catalog-784544475c-8skc7,cpu_usage,container_cpu_usage,0.10917182702825456
1776462623.63,product-catalog,product-catalog-784544475c-8skc7,memory_usage,container_memory_working_set_bytes,15892480.0
1776462623.63,product-catalog,product-catalog-784544475c-stwzc,cpu_usage,container_cpu_usage,0.0005357156398104261
1776462623.63,product-catalog,product-catalog-784544475c-stwzc,memory_usage,container_memory_working_set_bytes,12648448.0
1776462623.63,product-catalog,product-catalog::service,pod_restart_count,k8s_container_restarts,37.0
1776462623.63,product-catalog,product-catalog::service,pod_running_count,k8s_container_ready,3.0
1776462623.63,recommendation,otel-demo.recommendation-5b46f7469c-g2rgb.recommendation,dependency_error_ratio,trace_client_error_ratio,0.0
1776462623.63,recommendation,otel-demo.recommendation-5b46f7469c-rjwxq.recommendation,dependency_error_ratio,trace_client_error_ratio,0.0
1776462623.63,recommendation,otel-demo.recommendation-5b46f7469c-rjwxq.recommendation,error_ratio,trace_server_error_ratio,0.0
1776462623.63,recommendation,otel-demo.recommendation-5b46f7469c-rjwxq.recommendation,request_count,trace_server_count,0.0
1776462623.63,recommendation,otel-demo.recommendation-5b46f7469c-t2fm9.recommendation,dependency_error_ratio,trace_client_error_ratio,0.0
1776462623.63,recommendation,otel-demo.recommendation-5b46f7469c-t2fm9.recommendation,error_ratio,trace_server_error_ratio,0.0
1776462623.63,recommendation,otel-demo.recommendation-5b46f7469c-t2fm9.recommendation,request_count,trace_server_count,0.0
1776462623.63,recommendation,recommendation-5b46f7469c-g2rgb,cpu_usage,container_cpu_usage,0.012033839036917468
1776462623.63,recommendation,recommendation-5b46f7469c-g2rgb,memory_usage,container_memory_working_set_bytes,46891008.0
1776462623.63,recommendation,recommendation-5b46f7469c-rjwxq,cpu_usage,container_cpu_usage,0.0422950365779345
1776462623.63,recommendation,recommendation-5b46f7469c-rjwxq,memory_usage,container_memory_working_set_bytes,47882240.0
1776462623.63,recommendation,recommendation-5b46f7469c-t2fm9,cpu_usage,container_cpu_usage,0.051719483658519916
1776462623.63,recommendation,recommendation-5b46f7469c-t2fm9,memory_usage,container_memory_working_set_bytes,52711424.0
1776462623.63,recommendation,recommendation::service,pod_restart_count,k8s_container_restarts,3.0
1776462623.63,recommendation,recommendation::service,pod_running_count,k8s_container_ready,3.0
1776462633.63,ad,3a8b9295-6ae2-4e8a-b9b0-a607d7fec0a4,dependency_error_ratio,trace_client_error_ratio,0.0
1776462633.63,ad,3a8b9295-6ae2-4e8a-b9b0-a607d7fec0a4,error_ratio,trace_server_error_ratio,0.0
1776462633.63,ad,3a8b9295-6ae2-4e8a-b9b0-a607d7fec0a4,request_count,trace_server_count,0.0
1776462633.63,ad,5680c7ee-584c-4353-b6d2-93bc605a0324,dependency_error_ratio,trace_client_error_ratio,0.0
1776462633.63,ad,5680c7ee-584c-4353-b6d2-93bc605a0324,error_ratio,trace_server_error_ratio,0.0
1776462633.63,ad,5680c7ee-584c-4353-b6d2-93bc605a0324,request_count,trace_server_count,0.0
1776462633.63,ad,9f9a3c1c-bd3f-40ea-8764-b59f1ebd2204,dependency_error_ratio,trace_client_error_ratio,0.0
1776462633.63,ad,ad-7fb5b4f859-52ks9,cpu_usage,container_cpu_usage,0.002547904403374155
1776462633.63,ad,ad-7fb5b4f859-52ks9,memory_usage,container_memory_working_set_bytes,260407296.0
1776462633.63,ad,ad-7fb5b4f859-rd4zw,cpu_usage,container_cpu_usage,0.0012049055823459781
1776462633.63,ad,ad-7fb5b4f859-rd4zw,memory_usage,container_memory_working_set_bytes,238370816.0
1776462633.63,ad,ad-7fb5b4f859-zsstr,cpu_usage,container_cpu_usage,0.004413731036255566
1776462633.63,ad,ad-7fb5b4f859-zsstr,memory_usage,container_memory_working_set_bytes,261767168.0
1776462633.63,ad,ad::service,pod_restart_count,k8s_container_restarts,3.0
1776462633.63,ad,ad::service,pod_running_count,k8s_container_ready,3.0
1776462633.63,cart,cart-7c7496d7f-th7mc,cpu_usage,container_cpu_usage,0.05970448782213447
1776462633.63,cart,cart-7c7496d7f-th7mc,memory_usage,container_memory_working_set_bytes,63131648.0
1776462633.63,cart,cart::service,pod_restart_count,k8s_container_restarts,1.0
1776462633.63,cart,cart::service,pod_running_count,k8s_container_ready,1.0
1776462633.63,cart,f1f3afac-3031-4c18-925a-048232421d89,dependency_error_ratio,trace_client_error_ratio,0.0
1776462633.63,cart,f1f3afac-3031-4c18-925a-048232421d89,error_ratio,trace_server_error_ratio,0.0
1776462633.63,cart,f1f3afac-3031-4c18-925a-048232421d89,request_count,trace_server_count,0.0
1776462633.63,checkout,4755bdbd-5ad9-49fa-acb7-3a7dcb6a9277,dependency_error_ratio,trace_client_error_ratio,0.0
1776462633.63,checkout,4755bdbd-5ad9-49fa-acb7-3a7dcb6a9277,error_ratio,trace_server_error_ratio,0.0
1776462633.63,checkout,4755bdbd-5ad9-49fa-acb7-3a7dcb6a9277,request_count,trace_server_count,0.0
1776462633.63,checkout,bb49e6b9-109a-41b8-be66-ab2a38272474,dependency_error_ratio,trace_client_error_ratio,0.0
1776462633.63,checkout,bb49e6b9-109a-41b8-be66-ab2a38272474,error_ratio,trace_server_error_ratio,0.0
1776462633.63,checkout,bb49e6b9-109a-41b8-be66-ab2a38272474,request_count,trace_server_count,0.0
1776462633.63,checkout,bc5804df-6f63-4261-8788-8ecfe5481366,dependency_error_ratio,trace_client_error_ratio,0.0
1776462633.63,checkout,bc5804df-6f63-4261-8788-8ecfe5481366,error_ratio,trace_server_error_ratio,0.0
1776462633.63,checkout,bc5804df-6f63-4261-8788-8ecfe5481366,request_count,trace_server_count,0.0
1776462633.63,checkout,checkout-7f4ccfc547-6crwh,cpu_usage,container_cpu_usage,0.14867524468701243
1776462633.63,checkout,checkout-7f4ccfc547-6crwh,memory_usage,container_memory_working_set_bytes,15695872.0
1776462633.63,checkout,checkout-7f4ccfc547-ftx2n,cpu_usage,container_cpu_usage,0.0006154376529803297
1776462633.63,checkout,checkout-7f4ccfc547-ftx2n,memory_usage,container_memory_working_set_bytes,12206080.0
1776462633.63,checkout,checkout-7f4ccfc547-qlfgr,cpu_usage,container_cpu_usage,0.032697961171496474
1776462633.63,checkout,checkout-7f4ccfc547-qlfgr,memory_usage,container_memory_working_set_bytes,15020032.0
1776462633.63,checkout,checkout::service,pod_restart_count,k8s_container_restarts,45.0
1776462633.63,checkout,checkout::service,pod_running_count,k8s_container_ready,3.0
1776462633.63,email,email-5dcf48b665-66zvj,cpu_usage,container_cpu_usage,0.005331098030448781
1776462633.63,email,email-5dcf48b665-66zvj,memory_usage,container_memory_working_set_bytes,59654144.0
1776462633.63,email,email-5dcf48b665-9xxmx,cpu_usage,container_cpu_usage,0.006044103843162776
1776462633.63,email,email-5dcf48b665-9xxmx,memory_usage,container_memory_working_set_bytes,56479744.0
1776462633.63,email,email-5dcf48b665-n4zf2,cpu_usage,container_cpu_usage,0.008300056599198028
1776462633.63,email,email-5dcf48b665-n4zf2,memory_usage,container_memory_working_set_bytes,54956032.0
1776462633.63,email,email::service,pod_restart_count,k8s_container_restarts,9.0
1776462633.63,email,email::service,pod_running_count,k8s_container_ready,3.0
1776462633.63,email,otel-demo.email-5dcf48b665-66zvj.email,error_ratio,trace_server_error_ratio,0.0
1776462633.63,email,otel-demo.email-5dcf48b665-66zvj.email,request_count,trace_server_count,0.0
1776462633.63,email,otel-demo.email-5dcf48b665-9xxmx.email,error_ratio,trace_server_error_ratio,0.0
1776462633.63,email,otel-demo.email-5dcf48b665-9xxmx.email,request_count,trace_server_count,0.0
1776462633.63,email,otel-demo.email-5dcf48b665-n4zf2.email,error_ratio,trace_server_error_ratio,0.0
1776462633.63,email,otel-demo.email-5dcf48b665-n4zf2.email,request_count,trace_server_count,0.0
1776462633.63,frontend,frontend-b78bf7696-6bjdg,cpu_usage,container_cpu_usage,0.14916961525815
1776462633.63,frontend,frontend-b78bf7696-6bjdg,memory_usage,container_memory_working_set_bytes,117612544.0
1776462633.63,frontend,frontend-b78bf7696-77ldd,cpu_usage,container_cpu_usage,0.08055264190574563
1776462633.63,frontend,frontend-b78bf7696-77ldd,memory_usage,container_memory_working_set_bytes,97345536.0
1776462633.63,frontend,frontend-b78bf7696-p9kqx,cpu_usage,container_cpu_usage,0.12349429162841082
1776462633.63,frontend,frontend-b78bf7696-p9kqx,memory_usage,container_memory_working_set_bytes,117415936.0
1776462633.63,frontend,frontend::service,pod_restart_count,k8s_container_restarts,3.0
1776462633.63,frontend,frontend::service,pod_running_count,k8s_container_ready,3.0
1776462633.63,frontend,otel-demo.frontend-b78bf7696-6bjdg.frontend,dependency_error_ratio,trace_client_error_ratio,0.0
1776462633.63,frontend,otel-demo.frontend-b78bf7696-6bjdg.frontend,error_ratio,trace_server_error_ratio,0.0
1776462633.63,frontend,otel-demo.frontend-b78bf7696-6bjdg.frontend,http_5xx_ratio,http_server_5xx_ratio,0.0
1776462633.63,frontend,otel-demo.frontend-b78bf7696-6bjdg.frontend,request_count,trace_server_count,0.0
1776462633.63,frontend,otel-demo.frontend-b78bf7696-77ldd.frontend,dependency_error_ratio,trace_client_error_ratio,0.0
1776462633.63,frontend,otel-demo.frontend-b78bf7696-77ldd.frontend,error_ratio,trace_server_error_ratio,0.0
1776462633.63,frontend,otel-demo.frontend-b78bf7696-77ldd.frontend,http_5xx_ratio,http_server_5xx_ratio,0.0
1776462633.63,frontend,otel-demo.frontend-b78bf7696-77ldd.frontend,request_count,trace_server_count,0.0
1776462633.63,frontend,otel-demo.frontend-b78bf7696-p9kqx.frontend,dependency_error_ratio,trace_client_error_ratio,0.0
1776462633.63,frontend,otel-demo.frontend-b78bf7696-p9kqx.frontend,error_ratio,trace_server_error_ratio,0.0
1776462633.63,frontend,otel-demo.frontend-b78bf7696-p9kqx.frontend,http_5xx_ratio,http_server_5xx_ratio,0.0
1776462633.63,frontend,otel-demo.frontend-b78bf7696-p9kqx.frontend,request_count,trace_server_count,0.0
1776462633.63,kafka,kafka-66df8bdf76-zjcbb,cpu_usage,container_cpu_usage,0.01673568765714033
1776462633.63,kafka,kafka-66df8bdf76-zjcbb,memory_usage,container_memory_working_set_bytes,666193920.0
1776462633.63,kafka,kafka::service,pod_restart_count,k8s_container_restarts,9.0
1776462633.63,kafka,kafka::service,pod_running_count,k8s_container_ready,1.0
1776462633.63,kafka,kafka::service,queue_lag,queue_size_ratio,0.0
1776462633.63,payment,otel-demo.payment-f9f8d647b-74h8z.payment,dependency_error_ratio,trace_client_error_ratio,0.0
1776462633.63,payment,otel-demo.payment-f9f8d647b-74h8z.payment,error_ratio,trace_server_error_ratio,0.0
1776462633.63,payment,otel-demo.payment-f9f8d647b-74h8z.payment,request_count,trace_server_count,0.0
1776462633.63,payment,otel-demo.payment-f9f8d647b-75hmx.payment,dependency_error_ratio,trace_client_error_ratio,0.0
1776462633.63,payment,otel-demo.payment-f9f8d647b-75hmx.payment,error_ratio,trace_server_error_ratio,0.0
1776462633.63,payment,otel-demo.payment-f9f8d647b-75hmx.payment,request_count,trace_server_count,0.0
1776462633.63,payment,otel-demo.payment-f9f8d647b-tv6l5.payment,dependency_error_ratio,trace_client_error_ratio,0.0
1776462633.63,payment,otel-demo.payment-f9f8d647b-tv6l5.payment,error_ratio,trace_server_error_ratio,0.0
1776462633.63,payment,otel-demo.payment-f9f8d647b-tv6l5.payment,request_count,trace_server_count,0.0
1776462633.63,payment,payment-f9f8d647b-74h8z,cpu_usage,container_cpu_usage,0.011990146625058672
1776462633.63,payment,payment-f9f8d647b-74h8z,memory_usage,container_memory_working_set_bytes,109322240.0
1776462633.63,payment,payment-f9f8d647b-75hmx,cpu_usage,container_cpu_usage,0.018025602896489534
1776462633.63,payment,payment-f9f8d647b-75hmx,memory_usage,container_memory_working_set_bytes,109932544.0
1776462633.63,payment,payment-f9f8d647b-tv6l5,cpu_usage,container_cpu_usage,0.009550847257344258
1776462633.63,payment,payment-f9f8d647b-tv6l5,memory_usage,container_memory_working_set_bytes,101023744.0
1776462633.63,payment,payment::service,pod_restart_count,k8s_container_restarts,39.0
1776462633.63,payment,payment::service,pod_running_count,k8s_container_ready,3.0
1776462633.63,product-catalog,otel-demo.product-catalog-784544475c-7crs7.product-catalog,dependency_error_ratio,trace_client_error_ratio,0.0
1776462633.63,product-catalog,otel-demo.product-catalog-784544475c-7crs7.product-catalog,error_ratio,trace_server_error_ratio,0.0
1776462633.63,product-catalog,otel-demo.product-catalog-784544475c-7crs7.product-catalog,request_count,trace_server_count,0.0
1776462633.63,product-catalog,otel-demo.product-catalog-784544475c-8skc7.product-catalog,dependency_error_ratio,trace_client_error_ratio,0.0
1776462633.63,product-catalog,otel-demo.product-catalog-784544475c-8skc7.product-catalog,error_ratio,trace_server_error_ratio,0.0
1776462633.63,product-catalog,otel-demo.product-catalog-784544475c-8skc7.product-catalog,request_count,trace_server_count,0.0
1776462633.63,product-catalog,otel-demo.product-catalog-784544475c-stwzc.product-catalog,dependency_error_ratio,trace_client_error_ratio,0.0
1776462633.63,product-catalog,otel-demo.product-catalog-784544475c-stwzc.product-catalog,error_ratio,trace_server_error_ratio,0.0
1776462633.63,product-catalog,otel-demo.product-catalog-784544475c-stwzc.product-catalog,request_count,trace_server_count,0.0
1776462633.63,product-catalog,product-catalog-784544475c-7crs7,cpu_usage,container_cpu_usage,0.04171012658227846
1776462633.63,product-catalog,product-catalog-784544475c-7crs7,memory_usage,container_memory_working_set_bytes,15425536.0
1776462633.63,product-catalog,product-catalog-784544475c-8skc7,cpu_usage,container_cpu_usage,0.20822249022706651
1776462633.63,product-catalog,product-catalog-784544475c-8skc7,memory_usage,container_memory_working_set_bytes,15933440.0
1776462633.63,product-catalog,product-catalog-784544475c-stwzc,cpu_usage,container_cpu_usage,0.0005480360873258198
1776462633.63,product-catalog,product-catalog-784544475c-stwzc,memory_usage,container_memory_working_set_bytes,12648448.0
1776462633.63,product-catalog,product-catalog::service,pod_restart_count,k8s_container_restarts,37.0
1776462633.63,product-catalog,product-catalog::service,pod_running_count,k8s_container_ready,3.0
1776462633.63,recommendation,otel-demo.recommendation-5b46f7469c-g2rgb.recommendation,dependency_error_ratio,trace_client_error_ratio,0.0
1776462633.63,recommendation,otel-demo.recommendation-5b46f7469c-rjwxq.recommendation,dependency_error_ratio,trace_client_error_ratio,0.0
1776462633.63,recommendation,otel-demo.recommendation-5b46f7469c-rjwxq.recommendation,error_ratio,trace_server_error_ratio,0.0
1776462633.63,recommendation,otel-demo.recommendation-5b46f7469c-rjwxq.recommendation,request_count,trace_server_count,0.0
1776462633.63,recommendation,otel-demo.recommendation-5b46f7469c-t2fm9.recommendation,dependency_error_ratio,trace_client_error_ratio,0.0
1776462633.63,recommendation,otel-demo.recommendation-5b46f7469c-t2fm9.recommendation,error_ratio,trace_server_error_ratio,0.0
1776462633.63,recommendation,otel-demo.recommendation-5b46f7469c-t2fm9.recommendation,request_count,trace_server_count,0.0
1776462633.63,recommendation,recommendation-5b46f7469c-g2rgb,cpu_usage,container_cpu_usage,0.009371267743514674
1776462633.63,recommendation,recommendation-5b46f7469c-g2rgb,memory_usage,container_memory_working_set_bytes,46891008.0
1776462633.63,recommendation,recommendation-5b46f7469c-rjwxq,cpu_usage,container_cpu_usage,0.043126016138223894
1776462633.63,recommendation,recommendation-5b46f7469c-rjwxq,memory_usage,container_memory_working_set_bytes,47865856.0
1776462633.63,recommendation,recommendation-5b46f7469c-t2fm9,cpu_usage,container_cpu_usage,0.06475848229865837
1776462633.63,recommendation,recommendation-5b46f7469c-t2fm9,memory_usage,container_memory_working_set_bytes,52736000.0
1776462633.63,recommendation,recommendation::service,pod_restart_count,k8s_container_restarts,3.0
1776462633.63,recommendation,recommendation::service,pod_running_count,k8s_container_ready,3.0
1776462643.63,ad,3a8b9295-6ae2-4e8a-b9b0-a607d7fec0a4,dependency_error_ratio,trace_client_error_ratio,0.0
1776462643.63,ad,3a8b9295-6ae2-4e8a-b9b0-a607d7fec0a4,error_ratio,trace_server_error_ratio,0.0
1776462643.63,ad,3a8b9295-6ae2-4e8a-b9b0-a607d7fec0a4,request_count,trace_server_count,0.0
1776462643.63,ad,5680c7ee-584c-4353-b6d2-93bc605a0324,dependency_error_ratio,trace_client_error_ratio,0.0
1776462643.63,ad,5680c7ee-584c-4353-b6d2-93bc605a0324,error_ratio,trace_server_error_ratio,0.0
1776462643.63,ad,5680c7ee-584c-4353-b6d2-93bc605a0324,request_count,trace_server_count,0.0
1776462643.63,ad,9f9a3c1c-bd3f-40ea-8764-b59f1ebd2204,dependency_error_ratio,trace_client_error_ratio,0.0
1776462643.63,ad,ad-7fb5b4f859-52ks9,cpu_usage,container_cpu_usage,0.0032648465727032803
1776462643.63,ad,ad-7fb5b4f859-52ks9,memory_usage,container_memory_working_set_bytes,260407296.0
1776462643.63,ad,ad-7fb5b4f859-rd4zw,cpu_usage,container_cpu_usage,0.001516168678099074
1776462643.63,ad,ad-7fb5b4f859-rd4zw,memory_usage,container_memory_working_set_bytes,238399488.0
1776462643.63,ad,ad-7fb5b4f859-zsstr,cpu_usage,container_cpu_usage,0.004413731036255566
1776462643.63,ad,ad-7fb5b4f859-zsstr,memory_usage,container_memory_working_set_bytes,261767168.0
1776462643.63,ad,ad::service,pod_restart_count,k8s_container_restarts,3.0
1776462643.63,ad,ad::service,pod_running_count,k8s_container_ready,3.0
1776462643.63,cart,cart-7c7496d7f-th7mc,cpu_usage,container_cpu_usage,0.0611907059585472
1776462643.63,cart,cart-7c7496d7f-th7mc,memory_usage,container_memory_working_set_bytes,63131648.0
1776462643.63,cart,cart::service,pod_restart_count,k8s_container_restarts,1.0
1776462643.63,cart,cart::service,pod_running_count,k8s_container_ready,1.0
1776462643.63,cart,f1f3afac-3031-4c18-925a-048232421d89,dependency_error_ratio,trace_client_error_ratio,0.0
1776462643.63,cart,f1f3afac-3031-4c18-925a-048232421d89,error_ratio,trace_server_error_ratio,0.0
1776462643.63,cart,f1f3afac-3031-4c18-925a-048232421d89,request_count,trace_server_count,0.0
1776462643.63,checkout,4755bdbd-5ad9-49fa-acb7-3a7dcb6a9277,dependency_error_ratio,trace_client_error_ratio,0.0
1776462643.63,checkout,4755bdbd-5ad9-49fa-acb7-3a7dcb6a9277,error_ratio,trace_server_error_ratio,0.0
1776462643.63,checkout,4755bdbd-5ad9-49fa-acb7-3a7dcb6a9277,request_count,trace_server_count,0.0
1776462643.63,checkout,bb49e6b9-109a-41b8-be66-ab2a38272474,dependency_error_ratio,trace_client_error_ratio,0.0
1776462643.63,checkout,bb49e6b9-109a-41b8-be66-ab2a38272474,error_ratio,trace_server_error_ratio,0.0
1776462643.63,checkout,bb49e6b9-109a-41b8-be66-ab2a38272474,request_count,trace_server_count,0.0
1776462643.63,checkout,bc5804df-6f63-4261-8788-8ecfe5481366,dependency_error_ratio,trace_client_error_ratio,0.0
1776462643.63,checkout,bc5804df-6f63-4261-8788-8ecfe5481366,error_ratio,trace_server_error_ratio,0.0
1776462643.63,checkout,bc5804df-6f63-4261-8788-8ecfe5481366,request_count,trace_server_count,0.0
1776462643.63,checkout,checkout-7f4ccfc547-6crwh,cpu_usage,container_cpu_usage,0.14578927651096768
1776462643.63,checkout,checkout-7f4ccfc547-6crwh,memory_usage,container_memory_working_set_bytes,15634432.0
1776462643.63,checkout,checkout-7f4ccfc547-ftx2n,cpu_usage,container_cpu_usage,0.0005539841248958491
1776462643.63,checkout,checkout-7f4ccfc547-ftx2n,memory_usage,container_memory_working_set_bytes,12206080.0
1776462643.63,checkout,checkout-7f4ccfc547-qlfgr,cpu_usage,container_cpu_usage,0.05638517761407042
1776462643.63,checkout,checkout-7f4ccfc547-qlfgr,memory_usage,container_memory_working_set_bytes,14987264.0
1776462643.63,checkout,checkout::service,pod_restart_count,k8s_container_restarts,45.0
1776462643.63,checkout,checkout::service,pod_running_count,k8s_container_ready,3.0
1776462643.63,email,email-5dcf48b665-66zvj,cpu_usage,container_cpu_usage,0.005331098030448781
1776462643.63,email,email-5dcf48b665-66zvj,memory_usage,container_memory_working_set_bytes,59654144.0
1776462643.63,email,email-5dcf48b665-9xxmx,cpu_usage,container_cpu_usage,0.008745713520272194
1776462643.63,email,email-5dcf48b665-9xxmx,memory_usage,container_memory_working_set_bytes,56299520.0
1776462643.63,email,email-5dcf48b665-n4zf2,cpu_usage,container_cpu_usage,0.008300056599198028
1776462643.63,email,email-5dcf48b665-n4zf2,memory_usage,container_memory_working_set_bytes,54956032.0
1776462643.63,email,email::service,pod_restart_count,k8s_container_restarts,9.0
1776462643.63,email,email::service,pod_running_count,k8s_container_ready,3.0
1776462643.63,email,otel-demo.email-5dcf48b665-66zvj.email,error_ratio,trace_server_error_ratio,0.0
1776462643.63,email,otel-demo.email-5dcf48b665-66zvj.email,request_count,trace_server_count,0.0
1776462643.63,email,otel-demo.email-5dcf48b665-9xxmx.email,error_ratio,trace_server_error_ratio,0.0
1776462643.63,email,otel-demo.email-5dcf48b665-9xxmx.email,request_count,trace_server_count,0.0
1776462643.63,email,otel-demo.email-5dcf48b665-n4zf2.email,error_ratio,trace_server_error_ratio,0.0
1776462643.63,email,otel-demo.email-5dcf48b665-n4zf2.email,request_count,trace_server_count,0.0
1776462643.63,frontend,frontend-b78bf7696-6bjdg,cpu_usage,container_cpu_usage,0.14498346487850403
1776462643.63,frontend,frontend-b78bf7696-6bjdg,memory_usage,container_memory_working_set_bytes,117665792.0
1776462643.63,frontend,frontend-b78bf7696-77ldd,cpu_usage,container_cpu_usage,0.07362906217746076
1776462643.63,frontend,frontend-b78bf7696-77ldd,memory_usage,container_memory_working_set_bytes,97345536.0
1776462643.63,frontend,frontend-b78bf7696-p9kqx,cpu_usage,container_cpu_usage,0.1224755866943467
1776462643.63,frontend,frontend-b78bf7696-p9kqx,memory_usage,container_memory_working_set_bytes,117415936.0
1776462643.63,frontend,frontend::service,pod_restart_count,k8s_container_restarts,3.0
1776462643.63,frontend,frontend::service,pod_running_count,k8s_container_ready,3.0
1776462643.63,frontend,otel-demo.frontend-b78bf7696-6bjdg.frontend,dependency_error_ratio,trace_client_error_ratio,0.0
1776462643.63,frontend,otel-demo.frontend-b78bf7696-6bjdg.frontend,error_ratio,trace_server_error_ratio,0.0
1776462643.63,frontend,otel-demo.frontend-b78bf7696-6bjdg.frontend,http_5xx_ratio,http_server_5xx_ratio,0.0
1776462643.63,frontend,otel-demo.frontend-b78bf7696-6bjdg.frontend,request_count,trace_server_count,0.0
1776462643.63,frontend,otel-demo.frontend-b78bf7696-77ldd.frontend,dependency_error_ratio,trace_client_error_ratio,0.0
1776462643.63,frontend,otel-demo.frontend-b78bf7696-77ldd.frontend,error_ratio,trace_server_error_ratio,0.0
1776462643.63,frontend,otel-demo.frontend-b78bf7696-77ldd.frontend,http_5xx_ratio,http_server_5xx_ratio,0.0
1776462643.63,frontend,otel-demo.frontend-b78bf7696-77ldd.frontend,request_count,trace_server_count,0.0
1776462643.63,frontend,otel-demo.frontend-b78bf7696-p9kqx.frontend,dependency_error_ratio,trace_client_error_ratio,0.0
1776462643.63,frontend,otel-demo.frontend-b78bf7696-p9kqx.frontend,error_ratio,trace_server_error_ratio,0.0
1776462643.63,frontend,otel-demo.frontend-b78bf7696-p9kqx.frontend,http_5xx_ratio,http_server_5xx_ratio,0.0
1776462643.63,frontend,otel-demo.frontend-b78bf7696-p9kqx.frontend,request_count,trace_server_count,0.0
1776462643.63,kafka,kafka-66df8bdf76-zjcbb,cpu_usage,container_cpu_usage,0.02426362484157217
1776462643.63,kafka,kafka-66df8bdf76-zjcbb,memory_usage,container_memory_working_set_bytes,666316800.0
1776462643.63,kafka,kafka::service,pod_restart_count,k8s_container_restarts,9.0
1776462643.63,kafka,kafka::service,pod_running_count,k8s_container_ready,1.0
1776462643.63,kafka,kafka::service,queue_lag,queue_size_ratio,0.0
1776462643.63,payment,otel-demo.payment-f9f8d647b-74h8z.payment,dependency_error_ratio,trace_client_error_ratio,0.0
1776462643.63,payment,otel-demo.payment-f9f8d647b-74h8z.payment,error_ratio,trace_server_error_ratio,0.0
1776462643.63,payment,otel-demo.payment-f9f8d647b-74h8z.payment,request_count,trace_server_count,0.0
1776462643.63,payment,otel-demo.payment-f9f8d647b-75hmx.payment,dependency_error_ratio,trace_client_error_ratio,0.0
1776462643.63,payment,otel-demo.payment-f9f8d647b-75hmx.payment,error_ratio,trace_server_error_ratio,0.0
1776462643.63,payment,otel-demo.payment-f9f8d647b-75hmx.payment,request_count,trace_server_count,0.0
1776462643.63,payment,otel-demo.payment-f9f8d647b-tv6l5.payment,dependency_error_ratio,trace_client_error_ratio,0.0
1776462643.63,payment,otel-demo.payment-f9f8d647b-tv6l5.payment,error_ratio,trace_server_error_ratio,0.0
1776462643.63,payment,otel-demo.payment-f9f8d647b-tv6l5.payment,request_count,trace_server_count,0.0
1776462643.63,payment,payment-f9f8d647b-74h8z,cpu_usage,container_cpu_usage,0.011990146625058672
1776462643.63,payment,payment-f9f8d647b-74h8z,memory_usage,container_memory_working_set_bytes,109322240.0
1776462643.63,payment,payment-f9f8d647b-75hmx,cpu_usage,container_cpu_usage,0.017640159001576654
1776462643.63,payment,payment-f9f8d647b-75hmx,memory_usage,container_memory_working_set_bytes,109944832.0
1776462643.63,payment,payment-f9f8d647b-tv6l5,cpu_usage,container_cpu_usage,0.007065338073417907
1776462643.63,payment,payment-f9f8d647b-tv6l5,memory_usage,container_memory_working_set_bytes,101023744.0
1776462643.63,payment,payment::service,pod_restart_count,k8s_container_restarts,39.0
1776462643.63,payment,payment::service,pod_running_count,k8s_container_ready,3.0
1776462643.63,product-catalog,otel-demo.product-catalog-784544475c-7crs7.product-catalog,dependency_error_ratio,trace_client_error_ratio,0.0
1776462643.63,product-catalog,otel-demo.product-catalog-784544475c-7crs7.product-catalog,error_ratio,trace_server_error_ratio,0.0
1776462643.63,product-catalog,otel-demo.product-catalog-784544475c-7crs7.product-catalog,request_count,trace_server_count,0.0
1776462643.63,product-catalog,otel-demo.product-catalog-784544475c-8skc7.product-catalog,dependency_error_ratio,trace_client_error_ratio,0.0
1776462643.63,product-catalog,otel-demo.product-catalog-784544475c-8skc7.product-catalog,error_ratio,trace_server_error_ratio,0.0
1776462643.63,product-catalog,otel-demo.product-catalog-784544475c-8skc7.product-catalog,request_count,trace_server_count,0.0
1776462643.63,product-catalog,otel-demo.product-catalog-784544475c-stwzc.product-catalog,dependency_error_ratio,trace_client_error_ratio,0.0
1776462643.63,product-catalog,otel-demo.product-catalog-784544475c-stwzc.product-catalog,error_ratio,trace_server_error_ratio,0.0
1776462643.63,product-catalog,otel-demo.product-catalog-784544475c-stwzc.product-catalog,request_count,trace_server_count,0.0
1776462643.63,product-catalog,product-catalog-784544475c-7crs7,cpu_usage,container_cpu_usage,0.044168278421230174
1776462643.63,product-catalog,product-catalog-784544475c-7crs7,memory_usage,container_memory_working_set_bytes,15425536.0
1776462643.63,product-catalog,product-catalog-784544475c-8skc7,cpu_usage,container_cpu_usage,0.25920913614425883
1776462643.63,product-catalog,product-catalog-784544475c-8skc7,memory_usage,container_memory_working_set_bytes,16936960.0
1776462643.63,product-catalog,product-catalog-784544475c-stwzc,cpu_usage,container_cpu_usage,0.0005413010699947311
1776462643.63,product-catalog,product-catalog-784544475c-stwzc,memory_usage,container_memory_working_set_bytes,12648448.0
1776462643.63,product-catalog,product-catalog::service,pod_restart_count,k8s_container_restarts,37.0
1776462643.63,product-catalog,product-catalog::service,pod_running_count,k8s_container_ready,3.0
1776462643.63,recommendation,otel-demo.recommendation-5b46f7469c-g2rgb.recommendation,dependency_error_ratio,trace_client_error_ratio,0.0
1776462643.63,recommendation,otel-demo.recommendation-5b46f7469c-rjwxq.recommendation,dependency_error_ratio,trace_client_error_ratio,0.0
1776462643.63,recommendation,otel-demo.recommendation-5b46f7469c-rjwxq.recommendation,error_ratio,trace_server_error_ratio,0.0
1776462643.63,recommendation,otel-demo.recommendation-5b46f7469c-rjwxq.recommendation,request_count,trace_server_count,0.0
1776462643.63,recommendation,otel-demo.recommendation-5b46f7469c-t2fm9.recommendation,dependency_error_ratio,trace_client_error_ratio,0.0
1776462643.63,recommendation,otel-demo.recommendation-5b46f7469c-t2fm9.recommendation,error_ratio,trace_server_error_ratio,0.0
1776462643.63,recommendation,otel-demo.recommendation-5b46f7469c-t2fm9.recommendation,request_count,trace_server_count,0.0
1776462643.63,recommendation,recommendation-5b46f7469c-g2rgb,cpu_usage,container_cpu_usage,0.00958022544547006
1776462643.63,recommendation,recommendation-5b46f7469c-g2rgb,memory_usage,container_memory_working_set_bytes,46891008.0
1776462643.63,recommendation,recommendation-5b46f7469c-rjwxq,cpu_usage,container_cpu_usage,0.03550295371059109
1776462643.63,recommendation,recommendation-5b46f7469c-rjwxq,memory_usage,container_memory_working_set_bytes,47865856.0
1776462643.63,recommendation,recommendation-5b46f7469c-t2fm9,cpu_usage,container_cpu_usage,0.07126210919697401
1776462643.63,recommendation,recommendation-5b46f7469c-t2fm9,memory_usage,container_memory_working_set_bytes,52744192.0
1776462643.63,recommendation,recommendation::service,pod_restart_count,k8s_container_restarts,3.0
1776462643.63,recommendation,recommendation::service,pod_running_count,k8s_container_ready,3.0
1776462653.63,ad,3a8b9295-6ae2-4e8a-b9b0-a607d7fec0a4,dependency_error_ratio,trace_client_error_ratio,0.0
1776462653.63,ad,3a8b9295-6ae2-4e8a-b9b0-a607d7fec0a4,error_ratio,trace_server_error_ratio,0.0
1776462653.63,ad,3a8b9295-6ae2-4e8a-b9b0-a607d7fec0a4,request_count,trace_server_count,0.0
1776462653.63,ad,5680c7ee-584c-4353-b6d2-93bc605a0324,dependency_error_ratio,trace_client_error_ratio,0.0
1776462653.63,ad,5680c7ee-584c-4353-b6d2-93bc605a0324,error_ratio,trace_server_error_ratio,0.0
1776462653.63,ad,5680c7ee-584c-4353-b6d2-93bc605a0324,request_count,trace_server_count,0.0
1776462653.63,ad,9f9a3c1c-bd3f-40ea-8764-b59f1ebd2204,dependency_error_ratio,trace_client_error_ratio,0.0
1776462653.63,ad,ad-7fb5b4f859-52ks9,cpu_usage,container_cpu_usage,0.0023499821104296793
1776462653.63,ad,ad-7fb5b4f859-52ks9,memory_usage,container_memory_working_set_bytes,260407296.0
1776462653.63,ad,ad-7fb5b4f859-rd4zw,cpu_usage,container_cpu_usage,0.00146940157851649
1776462653.63,ad,ad-7fb5b4f859-rd4zw,memory_usage,container_memory_working_set_bytes,238399488.0
1776462653.63,ad,ad-7fb5b4f859-zsstr,cpu_usage,container_cpu_usage,0.004064400894064593
1776462653.63,ad,ad-7fb5b4f859-zsstr,memory_usage,container_memory_working_set_bytes,261799936.0
1776462653.63,ad,ad::service,pod_restart_count,k8s_container_restarts,3.0
1776462653.63,ad,ad::service,pod_running_count,k8s_container_ready,3.0
1776462653.63,cart,cart-7c7496d7f-th7mc,cpu_usage,container_cpu_usage,0.06051259055514376
1776462653.63,cart,cart-7c7496d7f-th7mc,memory_usage,container_memory_working_set_bytes,63127552.0
1776462653.63,cart,cart::service,pod_restart_count,k8s_container_restarts,1.0
1776462653.63,cart,cart::service,pod_running_count,k8s_container_ready,1.0
1776462653.63,cart,f1f3afac-3031-4c18-925a-048232421d89,dependency_error_ratio,trace_client_error_ratio,0.0
1776462653.63,cart,f1f3afac-3031-4c18-925a-048232421d89,error_ratio,trace_server_error_ratio,0.0
1776462653.63,cart,f1f3afac-3031-4c18-925a-048232421d89,request_count,trace_server_count,0.0
1776462653.63,checkout,4755bdbd-5ad9-49fa-acb7-3a7dcb6a9277,dependency_error_ratio,trace_client_error_ratio,0.0
1776462653.63,checkout,4755bdbd-5ad9-49fa-acb7-3a7dcb6a9277,error_ratio,trace_server_error_ratio,0.0
1776462653.63,checkout,4755bdbd-5ad9-49fa-acb7-3a7dcb6a9277,request_count,trace_server_count,0.0
1776462653.63,checkout,bb49e6b9-109a-41b8-be66-ab2a38272474,dependency_error_ratio,trace_client_error_ratio,0.0
1776462653.63,checkout,bb49e6b9-109a-41b8-be66-ab2a38272474,error_ratio,trace_server_error_ratio,0.0
1776462653.63,checkout,bb49e6b9-109a-41b8-be66-ab2a38272474,request_count,trace_server_count,0.0
1776462653.63,checkout,bc5804df-6f63-4261-8788-8ecfe5481366,dependency_error_ratio,trace_client_error_ratio,0.0
1776462653.63,checkout,bc5804df-6f63-4261-8788-8ecfe5481366,error_ratio,trace_server_error_ratio,0.0
1776462653.63,checkout,bc5804df-6f63-4261-8788-8ecfe5481366,request_count,trace_server_count,0.0
1776462653.63,checkout,checkout-7f4ccfc547-6crwh,cpu_usage,container_cpu_usage,0.119373382217361
1776462653.63,checkout,checkout-7f4ccfc547-6crwh,memory_usage,container_memory_working_set_bytes,15634432.0
1776462653.63,checkout,checkout-7f4ccfc547-ftx2n,cpu_usage,container_cpu_usage,0.0005962046366037372
1776462653.63,checkout,checkout-7f4ccfc547-ftx2n,memory_usage,container_memory_working_set_bytes,12075008.0
1776462653.63,checkout,checkout-7f4ccfc547-qlfgr,cpu_usage,container_cpu_usage,0.06388346415489309
1776462653.63,checkout,checkout-7f4ccfc547-qlfgr,memory_usage,container_memory_working_set_bytes,14987264.0
1776462653.63,checkout,checkout::service,pod_restart_count,k8s_container_restarts,45.0
1776462653.63,checkout,checkout::service,pod_running_count,k8s_container_ready,3.0
1776462653.63,email,email-5dcf48b665-66zvj,cpu_usage,container_cpu_usage,0.009008096950326441
1776462653.63,email,email-5dcf48b665-66zvj,memory_usage,container_memory_working_set_bytes,59670528.0
1776462653.63,email,email-5dcf48b665-9xxmx,cpu_usage,container_cpu_usage,0.007843838007219503
1776462653.63,email,email-5dcf48b665-9xxmx,memory_usage,container_memory_working_set_bytes,56602624.0
1776462653.63,email,email-5dcf48b665-n4zf2,cpu_usage,container_cpu_usage,0.0038577966489533404
1776462653.63,email,email-5dcf48b665-n4zf2,memory_usage,container_memory_working_set_bytes,54976512.0
1776462653.63,email,email::service,pod_restart_count,k8s_container_restarts,9.0
1776462653.63,email,email::service,pod_running_count,k8s_container_ready,3.0
1776462653.63,email,otel-demo.email-5dcf48b665-66zvj.email,error_ratio,trace_server_error_ratio,0.0
1776462653.63,email,otel-demo.email-5dcf48b665-66zvj.email,request_count,trace_server_count,0.0
1776462653.63,email,otel-demo.email-5dcf48b665-9xxmx.email,error_ratio,trace_server_error_ratio,0.0
1776462653.63,email,otel-demo.email-5dcf48b665-9xxmx.email,request_count,trace_server_count,0.0
1776462653.63,email,otel-demo.email-5dcf48b665-n4zf2.email,error_ratio,trace_server_error_ratio,0.0
1776462653.63,email,otel-demo.email-5dcf48b665-n4zf2.email,request_count,trace_server_count,0.0
1776462653.63,frontend,frontend-b78bf7696-6bjdg,cpu_usage,container_cpu_usage,0.13813830474622518
1776462653.63,frontend,frontend-b78bf7696-6bjdg,memory_usage,container_memory_working_set_bytes,117665792.0
1776462653.63,frontend,frontend-b78bf7696-77ldd,cpu_usage,container_cpu_usage,0.09774405418174706
1776462653.63,frontend,frontend-b78bf7696-77ldd,memory_usage,container_memory_working_set_bytes,105148416.0
1776462653.63,frontend,frontend-b78bf7696-p9kqx,cpu_usage,container_cpu_usage,0.10030210400953188
1776462653.63,frontend,frontend-b78bf7696-p9kqx,memory_usage,container_memory_working_set_bytes,118104064.0
1776462653.63,frontend,frontend::service,pod_restart_count,k8s_container_restarts,3.0
1776462653.63,frontend,frontend::service,pod_running_count,k8s_container_ready,3.0
1776462653.63,frontend,otel-demo.frontend-b78bf7696-6bjdg.frontend,dependency_error_ratio,trace_client_error_ratio,0.0
1776462653.63,frontend,otel-demo.frontend-b78bf7696-6bjdg.frontend,error_ratio,trace_server_error_ratio,0.0
1776462653.63,frontend,otel-demo.frontend-b78bf7696-6bjdg.frontend,http_5xx_ratio,http_server_5xx_ratio,0.0
1776462653.63,frontend,otel-demo.frontend-b78bf7696-6bjdg.frontend,request_count,trace_server_count,0.0
1776462653.63,frontend,otel-demo.frontend-b78bf7696-77ldd.frontend,dependency_error_ratio,trace_client_error_ratio,0.0
1776462653.63,frontend,otel-demo.frontend-b78bf7696-77ldd.frontend,error_ratio,trace_server_error_ratio,0.0
1776462653.63,frontend,otel-demo.frontend-b78bf7696-77ldd.frontend,http_5xx_ratio,http_server_5xx_ratio,0.0
1776462653.63,frontend,otel-demo.frontend-b78bf7696-77ldd.frontend,request_count,trace_server_count,0.0
1776462653.63,frontend,otel-demo.frontend-b78bf7696-p9kqx.frontend,dependency_error_ratio,trace_client_error_ratio,0.0
1776462653.63,frontend,otel-demo.frontend-b78bf7696-p9kqx.frontend,error_ratio,trace_server_error_ratio,0.0
1776462653.63,frontend,otel-demo.frontend-b78bf7696-p9kqx.frontend,http_5xx_ratio,http_server_5xx_ratio,0.0
1776462653.63,frontend,otel-demo.frontend-b78bf7696-p9kqx.frontend,request_count,trace_server_count,0.0
1776462653.63,kafka,kafka-66df8bdf76-zjcbb,cpu_usage,container_cpu_usage,0.022738541066965746
1776462653.63,kafka,kafka-66df8bdf76-zjcbb,memory_usage,container_memory_working_set_bytes,666316800.0
1776462653.63,kafka,kafka::service,pod_restart_count,k8s_container_restarts,9.0
1776462653.63,kafka,kafka::service,pod_running_count,k8s_container_ready,1.0
1776462653.63,kafka,kafka::service,queue_lag,queue_size_ratio,0.0
1776462653.63,payment,otel-demo.payment-f9f8d647b-74h8z.payment,dependency_error_ratio,trace_client_error_ratio,0.0
1776462653.63,payment,otel-demo.payment-f9f8d647b-74h8z.payment,error_ratio,trace_server_error_ratio,0.0
1776462653.63,payment,otel-demo.payment-f9f8d647b-74h8z.payment,request_count,trace_server_count,0.0
1776462653.63,payment,otel-demo.payment-f9f8d647b-75hmx.payment,dependency_error_ratio,trace_client_error_ratio,0.0
1776462653.63,payment,otel-demo.payment-f9f8d647b-75hmx.payment,error_ratio,trace_server_error_ratio,0.0
1776462653.63,payment,otel-demo.payment-f9f8d647b-75hmx.payment,request_count,trace_server_count,0.0
1776462653.63,payment,otel-demo.payment-f9f8d647b-tv6l5.payment,dependency_error_ratio,trace_client_error_ratio,0.0
1776462653.63,payment,otel-demo.payment-f9f8d647b-tv6l5.payment,error_ratio,trace_server_error_ratio,0.0
1776462653.63,payment,otel-demo.payment-f9f8d647b-tv6l5.payment,request_count,trace_server_count,0.0
1776462653.63,payment,payment-f9f8d647b-74h8z,cpu_usage,container_cpu_usage,0.01171350791764155
1776462653.63,payment,payment-f9f8d647b-74h8z,memory_usage,container_memory_working_set_bytes,109322240.0
1776462653.63,payment,payment-f9f8d647b-75hmx,cpu_usage,container_cpu_usage,0.017640159001576654
1776462653.63,payment,payment-f9f8d647b-75hmx,memory_usage,container_memory_working_set_bytes,109944832.0
1776462653.63,payment,payment-f9f8d647b-tv6l5,cpu_usage,container_cpu_usage,0.008510072208489677
1776462653.63,payment,payment-f9f8d647b-tv6l5,memory_usage,container_memory_working_set_bytes,101023744.0
1776462653.63,payment,payment::service,pod_restart_count,k8s_container_restarts,39.0
1776462653.63,payment,payment::service,pod_running_count,k8s_container_ready,3.0
1776462653.63,product-catalog,otel-demo.product-catalog-784544475c-7crs7.product-catalog,dependency_error_ratio,trace_client_error_ratio,0.0
1776462653.63,product-catalog,otel-demo.product-catalog-784544475c-7crs7.product-catalog,error_ratio,trace_server_error_ratio,0.0
1776462653.63,product-catalog,otel-demo.product-catalog-784544475c-7crs7.product-catalog,request_count,trace_server_count,0.0
1776462653.63,product-catalog,otel-demo.product-catalog-784544475c-8skc7.product-catalog,dependency_error_ratio,trace_client_error_ratio,0.0
1776462653.63,product-catalog,otel-demo.product-catalog-784544475c-8skc7.product-catalog,error_ratio,trace_server_error_ratio,0.0
1776462653.63,product-catalog,otel-demo.product-catalog-784544475c-8skc7.product-catalog,request_count,trace_server_count,0.0
1776462653.63,product-catalog,otel-demo.product-catalog-784544475c-stwzc.product-catalog,dependency_error_ratio,trace_client_error_ratio,0.0
1776462653.63,product-catalog,otel-demo.product-catalog-784544475c-stwzc.product-catalog,error_ratio,trace_server_error_ratio,0.0
1776462653.63,product-catalog,otel-demo.product-catalog-784544475c-stwzc.product-catalog,request_count,trace_server_count,0.0
1776462653.63,product-catalog,product-catalog-784544475c-7crs7,cpu_usage,container_cpu_usage,0.05278362465015582
1776462653.63,product-catalog,product-catalog-784544475c-7crs7,memory_usage,container_memory_working_set_bytes,15781888.0
1776462653.63,product-catalog,product-catalog-784544475c-8skc7,cpu_usage,container_cpu_usage,0.3046760653227859
1776462653.63,product-catalog,product-catalog-784544475c-8skc7,memory_usage,container_memory_working_set_bytes,16936960.0
1776462653.63,product-catalog,product-catalog-784544475c-stwzc,cpu_usage,container_cpu_usage,0.0004773717733824994
1776462653.63,product-catalog,product-catalog-784544475c-stwzc,memory_usage,container_memory_working_set_bytes,12648448.0
1776462653.63,product-catalog,product-catalog::service,pod_restart_count,k8s_container_restarts,37.0
1776462653.63,product-catalog,product-catalog::service,pod_running_count,k8s_container_ready,3.0
1776462653.63,recommendation,otel-demo.recommendation-5b46f7469c-g2rgb.recommendation,dependency_error_ratio,trace_client_error_ratio,0.0
1776462653.63,recommendation,otel-demo.recommendation-5b46f7469c-rjwxq.recommendation,dependency_error_ratio,trace_client_error_ratio,0.0
1776462653.63,recommendation,otel-demo.recommendation-5b46f7469c-rjwxq.recommendation,error_ratio,trace_server_error_ratio,0.0
1776462653.63,recommendation,otel-demo.recommendation-5b46f7469c-rjwxq.recommendation,request_count,trace_server_count,0.0
1776462653.63,recommendation,otel-demo.recommendation-5b46f7469c-t2fm9.recommendation,dependency_error_ratio,trace_client_error_ratio,0.0
1776462653.63,recommendation,otel-demo.recommendation-5b46f7469c-t2fm9.recommendation,error_ratio,trace_server_error_ratio,0.0
1776462653.63,recommendation,otel-demo.recommendation-5b46f7469c-t2fm9.recommendation,request_count,trace_server_count,0.0
1776462653.63,recommendation,recommendation-5b46f7469c-g2rgb,cpu_usage,container_cpu_usage,0.0076301755398604214
1776462653.63,recommendation,recommendation-5b46f7469c-g2rgb,memory_usage,container_memory_working_set_bytes,46891008.0
1776462653.63,recommendation,recommendation-5b46f7469c-rjwxq,cpu_usage,container_cpu_usage,0.031001869059058287
1776462653.63,recommendation,recommendation-5b46f7469c-rjwxq,memory_usage,container_memory_working_set_bytes,47931392.0
1776462653.63,recommendation,recommendation-5b46f7469c-t2fm9,cpu_usage,container_cpu_usage,0.070183119602198
1776462653.63,recommendation,recommendation-5b46f7469c-t2fm9,memory_usage,container_memory_working_set_bytes,52744192.0
1776462653.63,recommendation,recommendation::service,pod_restart_count,k8s_container_restarts,3.0
1776462653.63,recommendation,recommendation::service,pod_running_count,k8s_container_ready,3.0
1776462663.63,ad,3a8b9295-6ae2-4e8a-b9b0-a607d7fec0a4,dependency_error_ratio,trace_client_error_ratio,0.0
1776462663.63,ad,3a8b9295-6ae2-4e8a-b9b0-a607d7fec0a4,error_ratio,trace_server_error_ratio,0.0
1776462663.63,ad,3a8b9295-6ae2-4e8a-b9b0-a607d7fec0a4,request_count,trace_server_count,0.0
1776462663.63,ad,5680c7ee-584c-4353-b6d2-93bc605a0324,dependency_error_ratio,trace_client_error_ratio,0.0
1776462663.63,ad,5680c7ee-584c-4353-b6d2-93bc605a0324,error_ratio,trace_server_error_ratio,0.0
1776462663.63,ad,5680c7ee-584c-4353-b6d2-93bc605a0324,request_count,trace_server_count,0.0
1776462663.63,ad,9f9a3c1c-bd3f-40ea-8764-b59f1ebd2204,dependency_error_ratio,trace_client_error_ratio,0.0
1776462663.63,ad,ad-7fb5b4f859-52ks9,cpu_usage,container_cpu_usage,0.0026480578279553016
1776462663.63,ad,ad-7fb5b4f859-52ks9,memory_usage,container_memory_working_set_bytes,260407296.0
1776462663.63,ad,ad-7fb5b4f859-rd4zw,cpu_usage,container_cpu_usage,0.001328067099650157
1776462663.63,ad,ad-7fb5b4f859-rd4zw,memory_usage,container_memory_working_set_bytes,238399488.0
1776462663.63,ad,ad-7fb5b4f859-zsstr,cpu_usage,container_cpu_usage,0.004601399580129158
1776462663.63,ad,ad-7fb5b4f859-zsstr,memory_usage,container_memory_working_set_bytes,261799936.0
1776462663.63,ad,ad::service,pod_restart_count,k8s_container_restarts,3.0
1776462663.63,ad,ad::service,pod_running_count,k8s_container_ready,3.0
1776462663.63,cart,cart-7c7496d7f-th7mc,cpu_usage,container_cpu_usage,0.05776287593486393
1776462663.63,cart,cart-7c7496d7f-th7mc,memory_usage,container_memory_working_set_bytes,63127552.0
1776462663.63,cart,cart::service,pod_restart_count,k8s_container_restarts,1.0
1776462663.63,cart,cart::service,pod_running_count,k8s_container_ready,1.0
1776462663.63,cart,f1f3afac-3031-4c18-925a-048232421d89,dependency_error_ratio,trace_client_error_ratio,0.0
1776462663.63,cart,f1f3afac-3031-4c18-925a-048232421d89,error_ratio,trace_server_error_ratio,0.0
1776462663.63,cart,f1f3afac-3031-4c18-925a-048232421d89,request_count,trace_server_count,0.0
1776462663.63,checkout,4755bdbd-5ad9-49fa-acb7-3a7dcb6a9277,dependency_error_ratio,trace_client_error_ratio,0.0
1776462663.63,checkout,4755bdbd-5ad9-49fa-acb7-3a7dcb6a9277,error_ratio,trace_server_error_ratio,0.0
1776462663.63,checkout,4755bdbd-5ad9-49fa-acb7-3a7dcb6a9277,request_count,trace_server_count,0.0
1776462663.63,checkout,bb49e6b9-109a-41b8-be66-ab2a38272474,dependency_error_ratio,trace_client_error_ratio,0.0
1776462663.63,checkout,bb49e6b9-109a-41b8-be66-ab2a38272474,error_ratio,trace_server_error_ratio,0.0
1776462663.63,checkout,bb49e6b9-109a-41b8-be66-ab2a38272474,request_count,trace_server_count,0.0
1776462663.63,checkout,bc5804df-6f63-4261-8788-8ecfe5481366,dependency_error_ratio,trace_client_error_ratio,0.0
1776462663.63,checkout,bc5804df-6f63-4261-8788-8ecfe5481366,error_ratio,trace_server_error_ratio,0.0
1776462663.63,checkout,bc5804df-6f63-4261-8788-8ecfe5481366,request_count,trace_server_count,0.0
1776462663.63,checkout,checkout-7f4ccfc547-6crwh,cpu_usage,container_cpu_usage,0.14268172359151554
1776462663.63,checkout,checkout-7f4ccfc547-6crwh,memory_usage,container_memory_working_set_bytes,17084416.0
1776462663.63,checkout,checkout-7f4ccfc547-ftx2n,cpu_usage,container_cpu_usage,0.0006161237738438975
1776462663.63,checkout,checkout-7f4ccfc547-ftx2n,memory_usage,container_memory_working_set_bytes,12075008.0
1776462663.63,checkout,checkout-7f4ccfc547-qlfgr,cpu_usage,container_cpu_usage,0.08002274418743088
1776462663.63,checkout,checkout-7f4ccfc547-qlfgr,memory_usage,container_memory_working_set_bytes,14647296.0
1776462663.63,checkout,checkout::service,pod_restart_count,k8s_container_restarts,45.0
1776462663.63,checkout,checkout::service,pod_running_count,k8s_container_ready,3.0
1776462663.63,email,email-5dcf48b665-66zvj,cpu_usage,container_cpu_usage,0.009008096950326441
1776462663.63,email,email-5dcf48b665-66zvj,memory_usage,container_memory_working_set_bytes,59670528.0
1776462663.63,email,email-5dcf48b665-9xxmx,cpu_usage,container_cpu_usage,0.0057056158007391345
1776462663.63,email,email-5dcf48b665-9xxmx,memory_usage,container_memory_working_set_bytes,56573952.0
1776462663.63,email,email-5dcf48b665-n4zf2,cpu_usage,container_cpu_usage,0.0038577966489533404
1776462663.63,email,email-5dcf48b665-n4zf2,memory_usage,container_memory_working_set_bytes,54976512.0
1776462663.63,email,email::service,pod_restart_count,k8s_container_restarts,9.0
1776462663.63,email,email::service,pod_running_count,k8s_container_ready,3.0
1776462663.63,email,otel-demo.email-5dcf48b665-66zvj.email,error_ratio,trace_server_error_ratio,0.0
1776462663.63,email,otel-demo.email-5dcf48b665-66zvj.email,request_count,trace_server_count,0.0
1776462663.63,email,otel-demo.email-5dcf48b665-9xxmx.email,error_ratio,trace_server_error_ratio,0.0
1776462663.63,email,otel-demo.email-5dcf48b665-9xxmx.email,request_count,trace_server_count,0.0
1776462663.63,email,otel-demo.email-5dcf48b665-n4zf2.email,error_ratio,trace_server_error_ratio,0.0
1776462663.63,email,otel-demo.email-5dcf48b665-n4zf2.email,request_count,trace_server_count,0.0
1776462663.63,frontend,frontend-b78bf7696-6bjdg,cpu_usage,container_cpu_usage,0.12910580263081084
1776462663.63,frontend,frontend-b78bf7696-6bjdg,memory_usage,container_memory_working_set_bytes,115843072.0
1776462663.63,frontend,frontend-b78bf7696-77ldd,cpu_usage,container_cpu_usage,0.11544659479672092
1776462663.63,frontend,frontend-b78bf7696-77ldd,memory_usage,container_memory_working_set_bytes,106610688.0
1776462663.63,frontend,frontend-b78bf7696-p9kqx,cpu_usage,container_cpu_usage,0.0655195498927021
1776462663.63,frontend,frontend-b78bf7696-p9kqx,memory_usage,container_memory_working_set_bytes,118095872.0
1776462663.63,frontend,frontend::service,pod_restart_count,k8s_container_restarts,3.0
1776462663.63,frontend,frontend::service,pod_running_count,k8s_container_ready,3.0
1776462663.63,frontend,otel-demo.frontend-b78bf7696-6bjdg.frontend,dependency_error_ratio,trace_client_error_ratio,0.0
1776462663.63,frontend,otel-demo.frontend-b78bf7696-6bjdg.frontend,error_ratio,trace_server_error_ratio,0.0
1776462663.63,frontend,otel-demo.frontend-b78bf7696-6bjdg.frontend,http_5xx_ratio,http_server_5xx_ratio,0.0
1776462663.63,frontend,otel-demo.frontend-b78bf7696-6bjdg.frontend,request_count,trace_server_count,0.0
1776462663.63,frontend,otel-demo.frontend-b78bf7696-77ldd.frontend,dependency_error_ratio,trace_client_error_ratio,0.0
1776462663.63,frontend,otel-demo.frontend-b78bf7696-77ldd.frontend,error_ratio,trace_server_error_ratio,0.0
1776462663.63,frontend,otel-demo.frontend-b78bf7696-77ldd.frontend,http_5xx_ratio,http_server_5xx_ratio,0.0
1776462663.63,frontend,otel-demo.frontend-b78bf7696-77ldd.frontend,request_count,trace_server_count,0.0
1776462663.63,frontend,otel-demo.frontend-b78bf7696-p9kqx.frontend,dependency_error_ratio,trace_client_error_ratio,0.0
1776462663.63,frontend,otel-demo.frontend-b78bf7696-p9kqx.frontend,error_ratio,trace_server_error_ratio,0.0
1776462663.63,frontend,otel-demo.frontend-b78bf7696-p9kqx.frontend,http_5xx_ratio,http_server_5xx_ratio,0.0
1776462663.63,frontend,otel-demo.frontend-b78bf7696-p9kqx.frontend,request_count,trace_server_count,0.0
1776462663.63,kafka,kafka-66df8bdf76-zjcbb,cpu_usage,container_cpu_usage,0.026480648769573917
1776462663.63,kafka,kafka-66df8bdf76-zjcbb,memory_usage,container_memory_working_set_bytes,666353664.0
1776462663.63,kafka,kafka::service,pod_restart_count,k8s_container_restarts,9.0
1776462663.63,kafka,kafka::service,pod_running_count,k8s_container_ready,1.0
1776462663.63,kafka,kafka::service,queue_lag,queue_size_ratio,0.0
1776462663.63,payment,otel-demo.payment-f9f8d647b-74h8z.payment,dependency_error_ratio,trace_client_error_ratio,0.0
1776462663.63,payment,otel-demo.payment-f9f8d647b-74h8z.payment,error_ratio,trace_server_error_ratio,0.0
1776462663.63,payment,otel-demo.payment-f9f8d647b-74h8z.payment,request_count,trace_server_count,0.0
1776462663.63,payment,otel-demo.payment-f9f8d647b-75hmx.payment,dependency_error_ratio,trace_client_error_ratio,0.0
1776462663.63,payment,otel-demo.payment-f9f8d647b-75hmx.payment,error_ratio,trace_server_error_ratio,0.0
1776462663.63,payment,otel-demo.payment-f9f8d647b-75hmx.payment,request_count,trace_server_count,0.0
1776462663.63,payment,otel-demo.payment-f9f8d647b-tv6l5.payment,dependency_error_ratio,trace_client_error_ratio,0.0
1776462663.63,payment,otel-demo.payment-f9f8d647b-tv6l5.payment,error_ratio,trace_server_error_ratio,0.0
1776462663.63,payment,otel-demo.payment-f9f8d647b-tv6l5.payment,request_count,trace_server_count,0.0
1776462663.63,payment,payment-f9f8d647b-74h8z,cpu_usage,container_cpu_usage,0.012499391636604034
1776462663.63,payment,payment-f9f8d647b-74h8z,memory_usage,container_memory_working_set_bytes,109326336.0
1776462663.63,payment,payment-f9f8d647b-75hmx,cpu_usage,container_cpu_usage,0.01597281845740664
1776462663.63,payment,payment-f9f8d647b-75hmx,memory_usage,container_memory_working_set_bytes,109150208.0
1776462663.63,payment,payment-f9f8d647b-tv6l5,cpu_usage,container_cpu_usage,0.008009727991424456
1776462663.63,payment,payment-f9f8d647b-tv6l5,memory_usage,container_memory_working_set_bytes,101023744.0
1776462663.63,payment,payment::service,pod_restart_count,k8s_container_restarts,39.0
1776462663.63,payment,payment::service,pod_running_count,k8s_container_ready,3.0
1776462663.63,product-catalog,otel-demo.product-catalog-784544475c-7crs7.product-catalog,dependency_error_ratio,trace_client_error_ratio,0.0
1776462663.63,product-catalog,otel-demo.product-catalog-784544475c-7crs7.product-catalog,error_ratio,trace_server_error_ratio,0.0
1776462663.63,product-catalog,otel-demo.product-catalog-784544475c-7crs7.product-catalog,request_count,trace_server_count,0.0
1776462663.63,product-catalog,otel-demo.product-catalog-784544475c-8skc7.product-catalog,dependency_error_ratio,trace_client_error_ratio,0.0
1776462663.63,product-catalog,otel-demo.product-catalog-784544475c-8skc7.product-catalog,error_ratio,trace_server_error_ratio,0.0
1776462663.63,product-catalog,otel-demo.product-catalog-784544475c-8skc7.product-catalog,request_count,trace_server_count,0.0
1776462663.63,product-catalog,otel-demo.product-catalog-784544475c-stwzc.product-catalog,dependency_error_ratio,trace_client_error_ratio,0.0
1776462663.63,product-catalog,otel-demo.product-catalog-784544475c-stwzc.product-catalog,error_ratio,trace_server_error_ratio,0.0
1776462663.63,product-catalog,otel-demo.product-catalog-784544475c-stwzc.product-catalog,request_count,trace_server_count,0.0
1776462663.63,product-catalog,product-catalog-784544475c-7crs7,cpu_usage,container_cpu_usage,0.05278362465015582
1776462663.63,product-catalog,product-catalog-784544475c-7crs7,memory_usage,container_memory_working_set_bytes,15781888.0
1776462663.63,product-catalog,product-catalog-784544475c-8skc7,cpu_usage,container_cpu_usage,0.2554125648541412
1776462663.63,product-catalog,product-catalog-784544475c-8skc7,memory_usage,container_memory_working_set_bytes,14430208.0
1776462663.63,product-catalog,product-catalog-784544475c-stwzc,cpu_usage,container_cpu_usage,0.0004159480184419862
1776462663.63,product-catalog,product-catalog-784544475c-stwzc,memory_usage,container_memory_working_set_bytes,12750848.0
1776462663.63,product-catalog,product-catalog::service,pod_restart_count,k8s_container_restarts,37.0
1776462663.63,product-catalog,product-catalog::service,pod_running_count,k8s_container_ready,3.0
1776462663.63,recommendation,otel-demo.recommendation-5b46f7469c-g2rgb.recommendation,dependency_error_ratio,trace_client_error_ratio,0.0
1776462663.63,recommendation,otel-demo.recommendation-5b46f7469c-rjwxq.recommendation,dependency_error_ratio,trace_client_error_ratio,0.0
1776462663.63,recommendation,otel-demo.recommendation-5b46f7469c-rjwxq.recommendation,error_ratio,trace_server_error_ratio,0.0
1776462663.63,recommendation,otel-demo.recommendation-5b46f7469c-rjwxq.recommendation,request_count,trace_server_count,0.0
1776462663.63,recommendation,otel-demo.recommendation-5b46f7469c-t2fm9.recommendation,dependency_error_ratio,trace_client_error_ratio,0.0
1776462663.63,recommendation,otel-demo.recommendation-5b46f7469c-t2fm9.recommendation,error_ratio,trace_server_error_ratio,0.0
1776462663.63,recommendation,otel-demo.recommendation-5b46f7469c-t2fm9.recommendation,request_count,trace_server_count,0.0
1776462663.63,recommendation,recommendation-5b46f7469c-g2rgb,cpu_usage,container_cpu_usage,0.012488666804037067
1776462663.63,recommendation,recommendation-5b46f7469c-g2rgb,memory_usage,container_memory_working_set_bytes,46891008.0
1776462663.63,recommendation,recommendation-5b46f7469c-rjwxq,cpu_usage,container_cpu_usage,0.031001869059058287
1776462663.63,recommendation,recommendation-5b46f7469c-rjwxq,memory_usage,container_memory_working_set_bytes,47931392.0
1776462663.63,recommendation,recommendation-5b46f7469c-t2fm9,cpu_usage,container_cpu_usage,0.06411282826374742
1776462663.63,recommendation,recommendation-5b46f7469c-t2fm9,memory_usage,container_memory_working_set_bytes,52563968.0
1776462663.63,recommendation,recommendation::service,pod_restart_count,k8s_container_restarts,3.0
1776462663.63,recommendation,recommendation::service,pod_running_count,k8s_container_ready,3.0
1776462673.63,ad,3a8b9295-6ae2-4e8a-b9b0-a607d7fec0a4,dependency_error_ratio,trace_client_error_ratio,0.0
1776462673.63,ad,3a8b9295-6ae2-4e8a-b9b0-a607d7fec0a4,error_ratio,trace_server_error_ratio,0.0
1776462673.63,ad,3a8b9295-6ae2-4e8a-b9b0-a607d7fec0a4,request_count,trace_server_count,0.0
1776462673.63,ad,5680c7ee-584c-4353-b6d2-93bc605a0324,dependency_error_ratio,trace_client_error_ratio,0.0
1776462673.63,ad,5680c7ee-584c-4353-b6d2-93bc605a0324,error_ratio,trace_server_error_ratio,0.0
1776462673.63,ad,5680c7ee-584c-4353-b6d2-93bc605a0324,request_count,trace_server_count,0.0
1776462673.63,ad,9f9a3c1c-bd3f-40ea-8764-b59f1ebd2204,dependency_error_ratio,trace_client_error_ratio,0.0
1776462673.63,ad,ad-7fb5b4f859-52ks9,cpu_usage,container_cpu_usage,0.002560571073315632
1776462673.63,ad,ad-7fb5b4f859-52ks9,memory_usage,container_memory_working_set_bytes,260378624.0
1776462673.63,ad,ad-7fb5b4f859-rd4zw,cpu_usage,container_cpu_usage,0.0013142696769294965
1776462673.63,ad,ad-7fb5b4f859-rd4zw,memory_usage,container_memory_working_set_bytes,238399488.0
1776462673.63,ad,ad-7fb5b4f859-zsstr,cpu_usage,container_cpu_usage,0.004538108994938547
1776462673.63,ad,ad-7fb5b4f859-zsstr,memory_usage,container_memory_working_set_bytes,261799936.0
1776462673.63,ad,ad::service,pod_restart_count,k8s_container_restarts,3.0
1776462673.63,ad,ad::service,pod_running_count,k8s_container_ready,3.0
1776462673.63,cart,cart-7c7496d7f-th7mc,cpu_usage,container_cpu_usage,0.057517449127539484
1776462673.63,cart,cart-7c7496d7f-th7mc,memory_usage,container_memory_working_set_bytes,62738432.0
1776462673.63,cart,cart::service,pod_restart_count,k8s_container_restarts,1.0
1776462673.63,cart,cart::service,pod_running_count,k8s_container_ready,1.0
1776462673.63,cart,f1f3afac-3031-4c18-925a-048232421d89,dependency_error_ratio,trace_client_error_ratio,0.0
1776462673.63,cart,f1f3afac-3031-4c18-925a-048232421d89,error_ratio,trace_server_error_ratio,0.0
1776462673.63,cart,f1f3afac-3031-4c18-925a-048232421d89,request_count,trace_server_count,0.0
1776462673.63,checkout,4755bdbd-5ad9-49fa-acb7-3a7dcb6a9277,dependency_error_ratio,trace_client_error_ratio,0.0
1776462673.63,checkout,4755bdbd-5ad9-49fa-acb7-3a7dcb6a9277,error_ratio,trace_server_error_ratio,0.0
1776462673.63,checkout,4755bdbd-5ad9-49fa-acb7-3a7dcb6a9277,request_count,trace_server_count,0.0
1776462673.63,checkout,bb49e6b9-109a-41b8-be66-ab2a38272474,dependency_error_ratio,trace_client_error_ratio,0.0
1776462673.63,checkout,bb49e6b9-109a-41b8-be66-ab2a38272474,error_ratio,trace_server_error_ratio,0.0
1776462673.63,checkout,bb49e6b9-109a-41b8-be66-ab2a38272474,request_count,trace_server_count,0.0
1776462673.63,checkout,bc5804df-6f63-4261-8788-8ecfe5481366,dependency_error_ratio,trace_client_error_ratio,0.0
1776462673.63,checkout,bc5804df-6f63-4261-8788-8ecfe5481366,error_ratio,trace_server_error_ratio,0.0
1776462673.63,checkout,bc5804df-6f63-4261-8788-8ecfe5481366,request_count,trace_server_count,0.0
1776462673.63,checkout,checkout-7f4ccfc547-6crwh,cpu_usage,container_cpu_usage,0.11171647121065148
1776462673.63,checkout,checkout-7f4ccfc547-6crwh,memory_usage,container_memory_working_set_bytes,15790080.0
1776462673.63,checkout,checkout-7f4ccfc547-ftx2n,cpu_usage,container_cpu_usage,0.0005489605950512669
1776462673.63,checkout,checkout-7f4ccfc547-ftx2n,memory_usage,container_memory_working_set_bytes,12075008.0
1776462673.63,checkout,checkout-7f4ccfc547-qlfgr,cpu_usage,container_cpu_usage,0.0867423758182515
1776462673.63,checkout,checkout-7f4ccfc547-qlfgr,memory_usage,container_memory_working_set_bytes,14635008.0
1776462673.63,checkout,checkout::service,pod_restart_count,k8s_container_restarts,45.0
1776462673.63,checkout,checkout::service,pod_running_count,k8s_container_ready,3.0
1776462673.63,email,email-5dcf48b665-66zvj,cpu_usage,container_cpu_usage,0.012274971607809548
1776462673.63,email,email-5dcf48b665-66zvj,memory_usage,container_memory_working_set_bytes,59564032.0
1776462673.63,email,email-5dcf48b665-9xxmx,cpu_usage,container_cpu_usage,0.005525724535070082
1776462673.63,email,email-5dcf48b665-9xxmx,memory_usage,container_memory_working_set_bytes,56573952.0
1776462673.63,email,email-5dcf48b665-n4zf2,cpu_usage,container_cpu_usage,0.0034349998671024166
1776462673.63,email,email-5dcf48b665-n4zf2,memory_usage,container_memory_working_set_bytes,54718464.0
1776462673.63,email,email::service,pod_restart_count,k8s_container_restarts,9.0
1776462673.63,email,email::service,pod_running_count,k8s_container_ready,3.0
1776462673.63,email,otel-demo.email-5dcf48b665-66zvj.email,error_ratio,trace_server_error_ratio,0.0
1776462673.63,email,otel-demo.email-5dcf48b665-66zvj.email,request_count,trace_server_count,0.0
1776462673.63,email,otel-demo.email-5dcf48b665-9xxmx.email,error_ratio,trace_server_error_ratio,0.0
1776462673.63,email,otel-demo.email-5dcf48b665-9xxmx.email,request_count,trace_server_count,0.0
1776462673.63,email,otel-demo.email-5dcf48b665-n4zf2.email,error_ratio,trace_server_error_ratio,0.0
1776462673.63,email,otel-demo.email-5dcf48b665-n4zf2.email,request_count,trace_server_count,0.0
1776462673.63,frontend,frontend-b78bf7696-6bjdg,cpu_usage,container_cpu_usage,0.10890690774968632
1776462673.63,frontend,frontend-b78bf7696-6bjdg,memory_usage,container_memory_working_set_bytes,117284864.0
1776462673.63,frontend,frontend-b78bf7696-77ldd,cpu_usage,container_cpu_usage,0.1368447063506433
1776462673.63,frontend,frontend-b78bf7696-77ldd,memory_usage,container_memory_working_set_bytes,104730624.0
1776462673.63,frontend,frontend-b78bf7696-p9kqx,cpu_usage,container_cpu_usage,0.0655195498927021
1776462673.63,frontend,frontend-b78bf7696-p9kqx,memory_usage,container_memory_working_set_bytes,118095872.0
1776462673.63,frontend,frontend::service,pod_restart_count,k8s_container_restarts,3.0
1776462673.63,frontend,frontend::service,pod_running_count,k8s_container_ready,3.0
1776462673.63,frontend,otel-demo.frontend-b78bf7696-6bjdg.frontend,dependency_error_ratio,trace_client_error_ratio,0.0
1776462673.63,frontend,otel-demo.frontend-b78bf7696-6bjdg.frontend,error_ratio,trace_server_error_ratio,0.0
1776462673.63,frontend,otel-demo.frontend-b78bf7696-6bjdg.frontend,http_5xx_ratio,http_server_5xx_ratio,0.0
1776462673.63,frontend,otel-demo.frontend-b78bf7696-6bjdg.frontend,request_count,trace_server_count,0.0
1776462673.63,frontend,otel-demo.frontend-b78bf7696-77ldd.frontend,dependency_error_ratio,trace_client_error_ratio,0.0
1776462673.63,frontend,otel-demo.frontend-b78bf7696-77ldd.frontend,error_ratio,trace_server_error_ratio,0.0
1776462673.63,frontend,otel-demo.frontend-b78bf7696-77ldd.frontend,http_5xx_ratio,http_server_5xx_ratio,0.0
1776462673.63,frontend,otel-demo.frontend-b78bf7696-77ldd.frontend,request_count,trace_server_count,0.0
1776462673.63,frontend,otel-demo.frontend-b78bf7696-p9kqx.frontend,dependency_error_ratio,trace_client_error_ratio,0.0
1776462673.63,frontend,otel-demo.frontend-b78bf7696-p9kqx.frontend,error_ratio,trace_server_error_ratio,0.0
1776462673.63,frontend,otel-demo.frontend-b78bf7696-p9kqx.frontend,http_5xx_ratio,http_server_5xx_ratio,0.0
1776462673.63,frontend,otel-demo.frontend-b78bf7696-p9kqx.frontend,request_count,trace_server_count,0.0
1776462673.63,kafka,kafka-66df8bdf76-zjcbb,cpu_usage,container_cpu_usage,0.023059543293585078
1776462673.63,kafka,kafka-66df8bdf76-zjcbb,memory_usage,container_memory_working_set_bytes,666357760.0
1776462673.63,kafka,kafka::service,pod_restart_count,k8s_container_restarts,9.0
1776462673.63,kafka,kafka::service,pod_running_count,k8s_container_ready,1.0
1776462673.63,kafka,kafka::service,queue_lag,queue_size_ratio,0.0
1776462673.63,payment,otel-demo.payment-f9f8d647b-74h8z.payment,dependency_error_ratio,trace_client_error_ratio,0.0
1776462673.63,payment,otel-demo.payment-f9f8d647b-74h8z.payment,error_ratio,trace_server_error_ratio,0.0
1776462673.63,payment,otel-demo.payment-f9f8d647b-74h8z.payment,request_count,trace_server_count,0.0
1776462673.63,payment,otel-demo.payment-f9f8d647b-75hmx.payment,dependency_error_ratio,trace_client_error_ratio,0.0
1776462673.63,payment,otel-demo.payment-f9f8d647b-75hmx.payment,error_ratio,trace_server_error_ratio,0.0
1776462673.63,payment,otel-demo.payment-f9f8d647b-75hmx.payment,request_count,trace_server_count,0.0
1776462673.63,payment,otel-demo.payment-f9f8d647b-tv6l5.payment,dependency_error_ratio,trace_client_error_ratio,0.0
1776462673.63,payment,otel-demo.payment-f9f8d647b-tv6l5.payment,error_ratio,trace_server_error_ratio,0.0
1776462673.63,payment,otel-demo.payment-f9f8d647b-tv6l5.payment,request_count,trace_server_count,0.0
1776462673.63,payment,payment-f9f8d647b-74h8z,cpu_usage,container_cpu_usage,0.012499391636604034
1776462673.63,payment,payment-f9f8d647b-74h8z,memory_usage,container_memory_working_set_bytes,109326336.0
1776462673.63,payment,payment-f9f8d647b-75hmx,cpu_usage,container_cpu_usage,0.012283873856366881
1776462673.63,payment,payment-f9f8d647b-75hmx,memory_usage,container_memory_working_set_bytes,109150208.0
1776462673.63,payment,payment-f9f8d647b-tv6l5,cpu_usage,container_cpu_usage,0.007998484121169144
1776462673.63,payment,payment-f9f8d647b-tv6l5,memory_usage,container_memory_working_set_bytes,101023744.0
1776462673.63,payment,payment::service,pod_restart_count,k8s_container_restarts,39.0
1776462673.63,payment,payment::service,pod_running_count,k8s_container_ready,3.0
1776462673.63,product-catalog,otel-demo.product-catalog-784544475c-7crs7.product-catalog,dependency_error_ratio,trace_client_error_ratio,0.0
1776462673.63,product-catalog,otel-demo.product-catalog-784544475c-7crs7.product-catalog,error_ratio,trace_server_error_ratio,0.0
1776462673.63,product-catalog,otel-demo.product-catalog-784544475c-7crs7.product-catalog,request_count,trace_server_count,0.0
1776462673.63,product-catalog,otel-demo.product-catalog-784544475c-8skc7.product-catalog,dependency_error_ratio,trace_client_error_ratio,0.0
1776462673.63,product-catalog,otel-demo.product-catalog-784544475c-8skc7.product-catalog,error_ratio,trace_server_error_ratio,0.0
1776462673.63,product-catalog,otel-demo.product-catalog-784544475c-8skc7.product-catalog,request_count,trace_server_count,0.0
1776462673.63,product-catalog,otel-demo.product-catalog-784544475c-stwzc.product-catalog,dependency_error_ratio,trace_client_error_ratio,0.0
1776462673.63,product-catalog,otel-demo.product-catalog-784544475c-stwzc.product-catalog,error_ratio,trace_server_error_ratio,0.0
1776462673.63,product-catalog,otel-demo.product-catalog-784544475c-stwzc.product-catalog,request_count,trace_server_count,0.0
1776462673.63,product-catalog,product-catalog-784544475c-7crs7,cpu_usage,container_cpu_usage,0.04418192694599085
1776462673.63,product-catalog,product-catalog-784544475c-7crs7,memory_usage,container_memory_working_set_bytes,15155200.0
1776462673.63,product-catalog,product-catalog-784544475c-8skc7,cpu_usage,container_cpu_usage,0.2572557505793446
1776462673.63,product-catalog,product-catalog-784544475c-8skc7,memory_usage,container_memory_working_set_bytes,14319616.0
1776462673.63,product-catalog,product-catalog-784544475c-stwzc,cpu_usage,container_cpu_usage,0.0004159480184419862
1776462673.63,product-catalog,product-catalog-784544475c-stwzc,memory_usage,container_memory_working_set_bytes,12750848.0
1776462673.63,product-catalog,product-catalog::service,pod_restart_count,k8s_container_restarts,37.0
1776462673.63,product-catalog,product-catalog::service,pod_running_count,k8s_container_ready,3.0
1776462673.63,recommendation,otel-demo.recommendation-5b46f7469c-g2rgb.recommendation,dependency_error_ratio,trace_client_error_ratio,0.0
1776462673.63,recommendation,otel-demo.recommendation-5b46f7469c-rjwxq.recommendation,dependency_error_ratio,trace_client_error_ratio,0.0
1776462673.63,recommendation,otel-demo.recommendation-5b46f7469c-rjwxq.recommendation,error_ratio,trace_server_error_ratio,0.0
1776462673.63,recommendation,otel-demo.recommendation-5b46f7469c-rjwxq.recommendation,request_count,trace_server_count,0.0
1776462673.63,recommendation,otel-demo.recommendation-5b46f7469c-t2fm9.recommendation,dependency_error_ratio,trace_client_error_ratio,0.0
1776462673.63,recommendation,otel-demo.recommendation-5b46f7469c-t2fm9.recommendation,error_ratio,trace_server_error_ratio,0.0
1776462673.63,recommendation,otel-demo.recommendation-5b46f7469c-t2fm9.recommendation,request_count,trace_server_count,0.0
1776462673.63,recommendation,recommendation-5b46f7469c-g2rgb,cpu_usage,container_cpu_usage,0.014220974738452827
1776462673.63,recommendation,recommendation-5b46f7469c-g2rgb,memory_usage,container_memory_working_set_bytes,46891008.0
1776462673.63,recommendation,recommendation-5b46f7469c-rjwxq,cpu_usage,container_cpu_usage,0.025978092048133495
1776462673.63,recommendation,recommendation-5b46f7469c-rjwxq,memory_usage,container_memory_working_set_bytes,47878144.0
1776462673.63,recommendation,recommendation-5b46f7469c-t2fm9,cpu_usage,container_cpu_usage,0.05502424676564311
1776462673.63,recommendation,recommendation-5b46f7469c-t2fm9,memory_usage,container_memory_working_set_bytes,52600832.0
1776462673.63,recommendation,recommendation::service,pod_restart_count,k8s_container_restarts,3.0
1776462673.63,recommendation,recommendation::service,pod_running_count,k8s_container_ready,3.0
1776462683.63,ad,3a8b9295-6ae2-4e8a-b9b0-a607d7fec0a4,dependency_error_ratio,trace_client_error_ratio,0.0
1776462683.63,ad,3a8b9295-6ae2-4e8a-b9b0-a607d7fec0a4,error_ratio,trace_server_error_ratio,0.0
1776462683.63,ad,3a8b9295-6ae2-4e8a-b9b0-a607d7fec0a4,request_count,trace_server_count,0.0
1776462683.63,ad,5680c7ee-584c-4353-b6d2-93bc605a0324,dependency_error_ratio,trace_client_error_ratio,0.0
1776462683.63,ad,5680c7ee-584c-4353-b6d2-93bc605a0324,error_ratio,trace_server_error_ratio,0.0
1776462683.63,ad,5680c7ee-584c-4353-b6d2-93bc605a0324,request_count,trace_server_count,0.0
1776462683.63,ad,9f9a3c1c-bd3f-40ea-8764-b59f1ebd2204,dependency_error_ratio,trace_client_error_ratio,0.0
1776462683.63,ad,ad-7fb5b4f859-52ks9,cpu_usage,container_cpu_usage,0.002048390571806792
1776462683.63,ad,ad-7fb5b4f859-52ks9,memory_usage,container_memory_working_set_bytes,260378624.0
1776462683.63,ad,ad-7fb5b4f859-rd4zw,cpu_usage,container_cpu_usage,0.001231506531654998
1776462683.63,ad,ad-7fb5b4f859-rd4zw,memory_usage,container_memory_working_set_bytes,238399488.0
1776462683.63,ad,ad-7fb5b4f859-zsstr,cpu_usage,container_cpu_usage,0.00443083830927443
1776462683.63,ad,ad-7fb5b4f859-zsstr,memory_usage,container_memory_working_set_bytes,261799936.0
1776462683.63,ad,ad::service,pod_restart_count,k8s_container_restarts,3.0
1776462683.63,ad,ad::service,pod_running_count,k8s_container_ready,3.0
1776462683.63,cart,cart-7c7496d7f-th7mc,cpu_usage,container_cpu_usage,0.057517449127539484
1776462683.63,cart,cart-7c7496d7f-th7mc,memory_usage,container_memory_working_set_bytes,62738432.0
1776462683.63,cart,cart::service,pod_restart_count,k8s_container_restarts,1.0
1776462683.63,cart,cart::service,pod_running_count,k8s_container_ready,1.0
1776462683.63,cart,f1f3afac-3031-4c18-925a-048232421d89,dependency_error_ratio,trace_client_error_ratio,0.0
1776462683.63,cart,f1f3afac-3031-4c18-925a-048232421d89,error_ratio,trace_server_error_ratio,0.0
1776462683.63,cart,f1f3afac-3031-4c18-925a-048232421d89,request_count,trace_server_count,0.0
1776462683.63,checkout,4755bdbd-5ad9-49fa-acb7-3a7dcb6a9277,dependency_error_ratio,trace_client_error_ratio,0.0
1776462683.63,checkout,4755bdbd-5ad9-49fa-acb7-3a7dcb6a9277,error_ratio,trace_server_error_ratio,0.0
1776462683.63,checkout,4755bdbd-5ad9-49fa-acb7-3a7dcb6a9277,request_count,trace_server_count,0.0
1776462683.63,checkout,bb49e6b9-109a-41b8-be66-ab2a38272474,dependency_error_ratio,trace_client_error_ratio,0.0
1776462683.63,checkout,bb49e6b9-109a-41b8-be66-ab2a38272474,error_ratio,trace_server_error_ratio,0.0
1776462683.63,checkout,bb49e6b9-109a-41b8-be66-ab2a38272474,request_count,trace_server_count,0.0
1776462683.63,checkout,bc5804df-6f63-4261-8788-8ecfe5481366,dependency_error_ratio,trace_client_error_ratio,0.0
1776462683.63,checkout,bc5804df-6f63-4261-8788-8ecfe5481366,error_ratio,trace_server_error_ratio,0.0
1776462683.63,checkout,bc5804df-6f63-4261-8788-8ecfe5481366,request_count,trace_server_count,0.0
1776462683.63,checkout,checkout-7f4ccfc547-6crwh,cpu_usage,container_cpu_usage,0.09803416936889388
1776462683.63,checkout,checkout-7f4ccfc547-6crwh,memory_usage,container_memory_working_set_bytes,14950400.0
1776462683.63,checkout,checkout-7f4ccfc547-ftx2n,cpu_usage,container_cpu_usage,0.0006914034549729206
1776462683.63,checkout,checkout-7f4ccfc547-ftx2n,memory_usage,container_memory_working_set_bytes,12079104.0
1776462683.63,checkout,checkout-7f4ccfc547-qlfgr,cpu_usage,container_cpu_usage,0.08885925053466781
1776462683.63,checkout,checkout-7f4ccfc547-qlfgr,memory_usage,container_memory_working_set_bytes,14635008.0
1776462683.63,checkout,checkout::service,pod_restart_count,k8s_container_restarts,45.0
1776462683.63,checkout,checkout::service,pod_running_count,k8s_container_ready,3.0
1776462683.63,email,email-5dcf48b665-66zvj,cpu_usage,container_cpu_usage,0.012274971607809548
1776462683.63,email,email-5dcf48b665-66zvj,memory_usage,container_memory_working_set_bytes,59564032.0
1776462683.63,email,email-5dcf48b665-9xxmx,cpu_usage,container_cpu_usage,0.0030000796982081568
1776462683.63,email,email-5dcf48b665-9xxmx,memory_usage,container_memory_working_set_bytes,56573952.0
1776462683.63,email,email-5dcf48b665-n4zf2,cpu_usage,container_cpu_usage,0.004856087166460388
1776462683.63,email,email-5dcf48b665-n4zf2,memory_usage,container_memory_working_set_bytes,54562816.0
1776462683.63,email,email::service,pod_restart_count,k8s_container_restarts,9.0
1776462683.63,email,email::service,pod_running_count,k8s_container_ready,3.0
1776462683.63,email,otel-demo.email-5dcf48b665-66zvj.email,error_ratio,trace_server_error_ratio,0.0
1776462683.63,email,otel-demo.email-5dcf48b665-66zvj.email,request_count,trace_server_count,0.0
1776462683.63,email,otel-demo.email-5dcf48b665-9xxmx.email,error_ratio,trace_server_error_ratio,0.0
1776462683.63,email,otel-demo.email-5dcf48b665-9xxmx.email,request_count,trace_server_count,0.0
1776462683.63,email,otel-demo.email-5dcf48b665-n4zf2.email,error_ratio,trace_server_error_ratio,0.0
1776462683.63,email,otel-demo.email-5dcf48b665-n4zf2.email,request_count,trace_server_count,0.0
1776462683.63,frontend,frontend-b78bf7696-6bjdg,cpu_usage,container_cpu_usage,0.09316903677542243
1776462683.63,frontend,frontend-b78bf7696-6bjdg,memory_usage,container_memory_working_set_bytes,117284864.0
1776462683.63,frontend,frontend-b78bf7696-77ldd,cpu_usage,container_cpu_usage,0.1368447063506433
1776462683.63,frontend,frontend-b78bf7696-77ldd,memory_usage,container_memory_working_set_bytes,104730624.0
1776462683.63,frontend,frontend-b78bf7696-p9kqx,cpu_usage,container_cpu_usage,0.04833607505223814
1776462683.63,frontend,frontend-b78bf7696-p9kqx,memory_usage,container_memory_working_set_bytes,118804480.0
1776462683.63,frontend,frontend::service,pod_restart_count,k8s_container_restarts,3.0
1776462683.63,frontend,frontend::service,pod_running_count,k8s_container_ready,3.0
1776462683.63,frontend,otel-demo.frontend-b78bf7696-6bjdg.frontend,dependency_error_ratio,trace_client_error_ratio,0.0
1776462683.63,frontend,otel-demo.frontend-b78bf7696-6bjdg.frontend,error_ratio,trace_server_error_ratio,0.0
1776462683.63,frontend,otel-demo.frontend-b78bf7696-6bjdg.frontend,http_5xx_ratio,http_server_5xx_ratio,0.0
1776462683.63,frontend,otel-demo.frontend-b78bf7696-6bjdg.frontend,request_count,trace_server_count,0.0
1776462683.63,frontend,otel-demo.frontend-b78bf7696-77ldd.frontend,dependency_error_ratio,trace_client_error_ratio,0.0
1776462683.63,frontend,otel-demo.frontend-b78bf7696-77ldd.frontend,error_ratio,trace_server_error_ratio,0.0
1776462683.63,frontend,otel-demo.frontend-b78bf7696-77ldd.frontend,http_5xx_ratio,http_server_5xx_ratio,0.0
1776462683.63,frontend,otel-demo.frontend-b78bf7696-77ldd.frontend,request_count,trace_server_count,0.0
1776462683.63,frontend,otel-demo.frontend-b78bf7696-p9kqx.frontend,dependency_error_ratio,trace_client_error_ratio,0.0
1776462683.63,frontend,otel-demo.frontend-b78bf7696-p9kqx.frontend,error_ratio,trace_server_error_ratio,0.0
1776462683.63,frontend,otel-demo.frontend-b78bf7696-p9kqx.frontend,http_5xx_ratio,http_server_5xx_ratio,0.0
1776462683.63,frontend,otel-demo.frontend-b78bf7696-p9kqx.frontend,request_count,trace_server_count,0.0
1776462683.63,kafka,kafka-66df8bdf76-zjcbb,cpu_usage,container_cpu_usage,0.014960250562899334
1776462683.63,kafka,kafka-66df8bdf76-zjcbb,memory_usage,container_memory_working_set_bytes,666357760.0
1776462683.63,kafka,kafka::service,pod_restart_count,k8s_container_restarts,9.0
1776462683.63,kafka,kafka::service,pod_running_count,k8s_container_ready,1.0
1776462683.63,kafka,kafka::service,queue_lag,queue_size_ratio,0.0
1776462683.63,payment,otel-demo.payment-f9f8d647b-74h8z.payment,dependency_error_ratio,trace_client_error_ratio,0.0
1776462683.63,payment,otel-demo.payment-f9f8d647b-74h8z.payment,error_ratio,trace_server_error_ratio,0.0
1776462683.63,payment,otel-demo.payment-f9f8d647b-74h8z.payment,request_count,trace_server_count,0.0
1776462683.63,payment,otel-demo.payment-f9f8d647b-75hmx.payment,dependency_error_ratio,trace_client_error_ratio,0.0
1776462683.63,payment,otel-demo.payment-f9f8d647b-75hmx.payment,error_ratio,trace_server_error_ratio,0.0
1776462683.63,payment,otel-demo.payment-f9f8d647b-75hmx.payment,request_count,trace_server_count,0.0
1776462683.63,payment,otel-demo.payment-f9f8d647b-tv6l5.payment,dependency_error_ratio,trace_client_error_ratio,0.0
1776462683.63,payment,otel-demo.payment-f9f8d647b-tv6l5.payment,error_ratio,trace_server_error_ratio,0.0
1776462683.63,payment,otel-demo.payment-f9f8d647b-tv6l5.payment,request_count,trace_server_count,0.0
1776462683.63,payment,payment-f9f8d647b-74h8z,cpu_usage,container_cpu_usage,0.011526864540445068
1776462683.63,payment,payment-f9f8d647b-74h8z,memory_usage,container_memory_working_set_bytes,109592576.0
1776462683.63,payment,payment-f9f8d647b-75hmx,cpu_usage,container_cpu_usage,0.013494141955905311
1776462683.63,payment,payment-f9f8d647b-75hmx,memory_usage,container_memory_working_set_bytes,109154304.0
1776462683.63,payment,payment-f9f8d647b-tv6l5,cpu_usage,container_cpu_usage,0.007488541199986215
1776462683.63,payment,payment-f9f8d647b-tv6l5,memory_usage,container_memory_working_set_bytes,101023744.0
1776462683.63,payment,payment::service,pod_restart_count,k8s_container_restarts,39.0
1776462683.63,payment,payment::service,pod_running_count,k8s_container_ready,3.0
1776462683.63,product-catalog,otel-demo.product-catalog-784544475c-7crs7.product-catalog,dependency_error_ratio,trace_client_error_ratio,0.0
1776462683.63,product-catalog,otel-demo.product-catalog-784544475c-7crs7.product-catalog,error_ratio,trace_server_error_ratio,0.0
1776462683.63,product-catalog,otel-demo.product-catalog-784544475c-7crs7.product-catalog,request_count,trace_server_count,0.0
1776462683.63,product-catalog,otel-demo.product-catalog-784544475c-8skc7.product-catalog,dependency_error_ratio,trace_client_error_ratio,0.0
1776462683.63,product-catalog,otel-demo.product-catalog-784544475c-8skc7.product-catalog,error_ratio,trace_server_error_ratio,0.0
1776462683.63,product-catalog,otel-demo.product-catalog-784544475c-8skc7.product-catalog,request_count,trace_server_count,0.0
1776462683.63,product-catalog,otel-demo.product-catalog-784544475c-stwzc.product-catalog,dependency_error_ratio,trace_client_error_ratio,0.0
1776462683.63,product-catalog,otel-demo.product-catalog-784544475c-stwzc.product-catalog,error_ratio,trace_server_error_ratio,0.0
1776462683.63,product-catalog,otel-demo.product-catalog-784544475c-stwzc.product-catalog,request_count,trace_server_count,0.0
1776462683.63,product-catalog,product-catalog-784544475c-7crs7,cpu_usage,container_cpu_usage,0.03768142039424463
1776462683.63,product-catalog,product-catalog-784544475c-7crs7,memory_usage,container_memory_working_set_bytes,14942208.0
1776462683.63,product-catalog,product-catalog-784544475c-8skc7,cpu_usage,container_cpu_usage,0.2572557505793446
1776462683.63,product-catalog,product-catalog-784544475c-8skc7,memory_usage,container_memory_working_set_bytes,14319616.0
1776462683.63,product-catalog,product-catalog-784544475c-stwzc,cpu_usage,container_cpu_usage,0.0006024300052826185
1776462683.63,product-catalog,product-catalog-784544475c-stwzc,memory_usage,container_memory_working_set_bytes,12619776.0
1776462683.63,product-catalog,product-catalog::service,pod_restart_count,k8s_container_restarts,37.0
1776462683.63,product-catalog,product-catalog::service,pod_running_count,k8s_container_ready,3.0
1776462683.63,recommendation,otel-demo.recommendation-5b46f7469c-g2rgb.recommendation,dependency_error_ratio,trace_client_error_ratio,0.0
1776462683.63,recommendation,otel-demo.recommendation-5b46f7469c-rjwxq.recommendation,dependency_error_ratio,trace_client_error_ratio,0.0
1776462683.63,recommendation,otel-demo.recommendation-5b46f7469c-rjwxq.recommendation,error_ratio,trace_server_error_ratio,0.0
1776462683.63,recommendation,otel-demo.recommendation-5b46f7469c-rjwxq.recommendation,request_count,trace_server_count,0.0
1776462683.63,recommendation,otel-demo.recommendation-5b46f7469c-t2fm9.recommendation,dependency_error_ratio,trace_client_error_ratio,0.0
1776462683.63,recommendation,otel-demo.recommendation-5b46f7469c-t2fm9.recommendation,error_ratio,trace_server_error_ratio,0.0
1776462683.63,recommendation,otel-demo.recommendation-5b46f7469c-t2fm9.recommendation,request_count,trace_server_count,0.0
1776462683.63,recommendation,recommendation-5b46f7469c-g2rgb,cpu_usage,container_cpu_usage,0.013309606558246024
1776462683.63,recommendation,recommendation-5b46f7469c-g2rgb,memory_usage,container_memory_working_set_bytes,46891008.0
1776462683.63,recommendation,recommendation-5b46f7469c-rjwxq,cpu_usage,container_cpu_usage,0.025978092048133495
1776462683.63,recommendation,recommendation-5b46f7469c-rjwxq,memory_usage,container_memory_working_set_bytes,47878144.0
1776462683.63,recommendation,recommendation-5b46f7469c-t2fm9,cpu_usage,container_cpu_usage,0.05502424676564312
1776462683.63,recommendation,recommendation-5b46f7469c-t2fm9,memory_usage,container_memory_working_set_bytes,52600832.0
1776462683.63,recommendation,recommendation::service,pod_restart_count,k8s_container_restarts,3.0
1776462683.63,recommendation,recommendation::service,pod_running_count,k8s_container_ready,3.0
1776462693.63,ad,3a8b9295-6ae2-4e8a-b9b0-a607d7fec0a4,dependency_error_ratio,trace_client_error_ratio,0.0
1776462693.63,ad,3a8b9295-6ae2-4e8a-b9b0-a607d7fec0a4,error_ratio,trace_server_error_ratio,0.0
1776462693.63,ad,3a8b9295-6ae2-4e8a-b9b0-a607d7fec0a4,latency_p95,trace_server_latency_p95,7.1499999999999915
1776462693.63,ad,3a8b9295-6ae2-4e8a-b9b0-a607d7fec0a4,request_count,trace_server_count,11.7
1776462693.63,ad,5680c7ee-584c-4353-b6d2-93bc605a0324,dependency_error_ratio,trace_client_error_ratio,0.0
1776462693.63,ad,5680c7ee-584c-4353-b6d2-93bc605a0324,error_ratio,trace_server_error_ratio,0.0
1776462693.63,ad,5680c7ee-584c-4353-b6d2-93bc605a0324,latency_p95,trace_server_latency_p95,4.627272727272725
1776462693.63,ad,5680c7ee-584c-4353-b6d2-93bc605a0324,request_count,trace_server_count,33.1
1776462693.63,ad,9f9a3c1c-bd3f-40ea-8764-b59f1ebd2204,dependency_error_ratio,trace_client_error_ratio,0.0
1776462693.63,ad,ad-7fb5b4f859-52ks9,cpu_usage,container_cpu_usage,0.001173700000003919
1776462693.63,ad,ad-7fb5b4f859-52ks9,memory_usage,container_memory_working_set_bytes,260378624.0
1776462693.63,ad,ad-7fb5b4f859-rd4zw,cpu_usage,container_cpu_usage,0.0010676541010090149
1776462693.63,ad,ad-7fb5b4f859-rd4zw,memory_usage,container_memory_working_set_bytes,238399488.0
1776462693.63,ad,ad-7fb5b4f859-zsstr,cpu_usage,container_cpu_usage,0.003640921307528395
1776462693.63,ad,ad-7fb5b4f859-zsstr,memory_usage,container_memory_working_set_bytes,261799936.0
1776462693.63,ad,ad::service,pod_restart_count,k8s_container_restarts,3.0
1776462693.63,ad,ad::service,pod_running_count,k8s_container_ready,3.0
1776462693.63,cart,cart-7c7496d7f-th7mc,cpu_usage,container_cpu_usage,0.055778427972840695
1776462693.63,cart,cart-7c7496d7f-th7mc,memory_usage,container_memory_working_set_bytes,62660608.0
1776462693.63,cart,cart::service,pod_restart_count,k8s_container_restarts,1.0
1776462693.63,cart,cart::service,pod_running_count,k8s_container_ready,1.0
1776462693.63,cart,f1f3afac-3031-4c18-925a-048232421d89,dependency_error_ratio,trace_client_error_ratio,0.0
1776462693.63,cart,f1f3afac-3031-4c18-925a-048232421d89,error_ratio,trace_server_error_ratio,0.0
1776462693.63,cart,f1f3afac-3031-4c18-925a-048232421d89,latency_p95,trace_server_latency_p95,5.655813953488368
1776462693.63,cart,f1f3afac-3031-4c18-925a-048232421d89,request_count,trace_server_count,221.6
1776462693.63,checkout,4755bdbd-5ad9-49fa-acb7-3a7dcb6a9277,dependency_error_ratio,trace_client_error_ratio,0.0
1776462693.63,checkout,4755bdbd-5ad9-49fa-acb7-3a7dcb6a9277,error_ratio,trace_server_error_ratio,0.0
1776462693.63,checkout,4755bdbd-5ad9-49fa-acb7-3a7dcb6a9277,latency_p95,trace_server_latency_p95,1627.999999999999
1776462693.63,checkout,4755bdbd-5ad9-49fa-acb7-3a7dcb6a9277,request_count,trace_server_count,20.4
1776462693.63,checkout,bb49e6b9-109a-41b8-be66-ab2a38272474,dependency_error_ratio,trace_client_error_ratio,0.0
1776462693.63,checkout,bb49e6b9-109a-41b8-be66-ab2a38272474,error_ratio,trace_server_error_ratio,0.0
1776462693.63,checkout,bb49e6b9-109a-41b8-be66-ab2a38272474,request_count,trace_server_count,0.0
1776462693.63,checkout,bc5804df-6f63-4261-8788-8ecfe5481366,dependency_error_ratio,trace_client_error_ratio,0.0
1776462693.63,checkout,bc5804df-6f63-4261-8788-8ecfe5481366,error_ratio,trace_server_error_ratio,0.0
1776462693.63,checkout,bc5804df-6f63-4261-8788-8ecfe5481366,latency_p95,trace_server_latency_p95,613.3333333333333
1776462693.63,checkout,bc5804df-6f63-4261-8788-8ecfe5481366,request_count,trace_server_count,10.4
1776462693.63,checkout,checkout-7f4ccfc547-6crwh,cpu_usage,container_cpu_usage,0.09634415414875327
1776462693.63,checkout,checkout-7f4ccfc547-6crwh,memory_usage,container_memory_working_set_bytes,14909440.0
1776462693.63,checkout,checkout-7f4ccfc547-ftx2n,cpu_usage,container_cpu_usage,0.0006914034549729206
1776462693.63,checkout,checkout-7f4ccfc547-ftx2n,memory_usage,container_memory_working_set_bytes,12079104.0
1776462693.63,checkout,checkout-7f4ccfc547-qlfgr,cpu_usage,container_cpu_usage,0.074868608737238
1776462693.63,checkout,checkout-7f4ccfc547-qlfgr,memory_usage,container_memory_working_set_bytes,14663680.0
1776462693.63,checkout,checkout::service,pod_restart_count,k8s_container_restarts,45.0
1776462693.63,checkout,checkout::service,pod_running_count,k8s_container_ready,3.0
1776462693.63,email,email-5dcf48b665-66zvj,cpu_usage,container_cpu_usage,0.012307459778156383
1776462693.63,email,email-5dcf48b665-66zvj,memory_usage,container_memory_working_set_bytes,59793408.0
1776462693.63,email,email-5dcf48b665-9xxmx,cpu_usage,container_cpu_usage,0.00228329398986849
1776462693.63,email,email-5dcf48b665-9xxmx,memory_usage,container_memory_working_set_bytes,56573952.0
1776462693.63,email,email-5dcf48b665-n4zf2,cpu_usage,container_cpu_usage,0.0045896500000012
1776462693.63,email,email-5dcf48b665-n4zf2,memory_usage,container_memory_working_set_bytes,54562816.0
1776462693.63,email,email::service,pod_restart_count,k8s_container_restarts,9.0
1776462693.63,email,email::service,pod_running_count,k8s_container_ready,3.0
1776462693.63,email,otel-demo.email-5dcf48b665-66zvj.email,error_ratio,trace_server_error_ratio,0.0
1776462693.63,email,otel-demo.email-5dcf48b665-66zvj.email,latency_p95,trace_server_latency_p95,31.473684210526294
1776462693.63,email,otel-demo.email-5dcf48b665-66zvj.email,request_count,trace_server_count,17.6
1776462693.63,email,otel-demo.email-5dcf48b665-9xxmx.email,error_ratio,trace_server_error_ratio,0.0
1776462693.63,email,otel-demo.email-5dcf48b665-9xxmx.email,latency_p95,trace_server_latency_p95,30.0
1776462693.63,email,otel-demo.email-5dcf48b665-9xxmx.email,request_count,trace_server_count,11.0
1776462693.63,email,otel-demo.email-5dcf48b665-n4zf2.email,error_ratio,trace_server_error_ratio,0.0
1776462693.63,email,otel-demo.email-5dcf48b665-n4zf2.email,latency_p95,trace_server_latency_p95,7.56
1776462693.63,email,otel-demo.email-5dcf48b665-n4zf2.email,request_count,trace_server_count,4.2
1776462693.63,frontend,frontend-b78bf7696-6bjdg,cpu_usage,container_cpu_usage,0.09078720282876182
1776462693.63,frontend,frontend-b78bf7696-6bjdg,memory_usage,container_memory_working_set_bytes,117895168.0
1776462693.63,frontend,frontend-b78bf7696-77ldd,cpu_usage,container_cpu_usage,0.13903521077692996
1776462693.63,frontend,frontend-b78bf7696-77ldd,memory_usage,container_memory_working_set_bytes,106172416.0
1776462693.63,frontend,frontend-b78bf7696-p9kqx,cpu_usage,container_cpu_usage,0.0374962394613973
1776462693.63,frontend,frontend-b78bf7696-p9kqx,memory_usage,container_memory_working_set_bytes,118804480.0
1776462693.63,frontend,frontend::service,pod_restart_count,k8s_container_restarts,3.0
1776462693.63,frontend,frontend::service,pod_running_count,k8s_container_ready,3.0
1776462693.63,frontend,otel-demo.frontend-b78bf7696-6bjdg.frontend,dependency_error_ratio,trace_client_error_ratio,0.0
1776462693.63,frontend,otel-demo.frontend-b78bf7696-6bjdg.frontend,error_ratio,trace_server_error_ratio,0.0
1776462693.63,frontend,otel-demo.frontend-b78bf7696-6bjdg.frontend,http_5xx_ratio,http_server_5xx_ratio,0.0
1776462693.63,frontend,otel-demo.frontend-b78bf7696-6bjdg.frontend,latency_p95,trace_server_latency_p95,69.7759433962264
1776462693.63,frontend,otel-demo.frontend-b78bf7696-6bjdg.frontend,request_count,trace_server_count,382.3
1776462693.63,frontend,otel-demo.frontend-b78bf7696-77ldd.frontend,dependency_error_ratio,trace_client_error_ratio,0.0
1776462693.63,frontend,otel-demo.frontend-b78bf7696-77ldd.frontend,error_ratio,trace_server_error_ratio,0.0
1776462693.63,frontend,otel-demo.frontend-b78bf7696-77ldd.frontend,http_5xx_ratio,http_server_5xx_ratio,0.0
1776462693.63,frontend,otel-demo.frontend-b78bf7696-77ldd.frontend,latency_p95,trace_server_latency_p95,45.627376425855516
1776462693.63,frontend,otel-demo.frontend-b78bf7696-77ldd.frontend,request_count,trace_server_count,298.5
1776462693.63,frontend,otel-demo.frontend-b78bf7696-p9kqx.frontend,dependency_error_ratio,trace_client_error_ratio,0.0
1776462693.63,frontend,otel-demo.frontend-b78bf7696-p9kqx.frontend,error_ratio,trace_server_error_ratio,0.0
1776462693.63,frontend,otel-demo.frontend-b78bf7696-p9kqx.frontend,http_5xx_ratio,http_server_5xx_ratio,0.0
1776462693.63,frontend,otel-demo.frontend-b78bf7696-p9kqx.frontend,latency_p95,trace_server_latency_p95,82.29166666666667
1776462693.63,frontend,otel-demo.frontend-b78bf7696-p9kqx.frontend,request_count,trace_server_count,171.5
1776462693.63,kafka,kafka-66df8bdf76-zjcbb,cpu_usage,container_cpu_usage,0.01398422877260994
1776462693.63,kafka,kafka-66df8bdf76-zjcbb,memory_usage,container_memory_working_set_bytes,666394624.0
1776462693.63,kafka,kafka::service,pod_restart_count,k8s_container_restarts,9.0
1776462693.63,kafka,kafka::service,pod_running_count,k8s_container_ready,1.0
1776462693.63,kafka,kafka::service,queue_lag,queue_size_ratio,0.0
1776462693.63,payment,otel-demo.payment-f9f8d647b-74h8z.payment,dependency_error_ratio,trace_client_error_ratio,0.0
1776462693.63,payment,otel-demo.payment-f9f8d647b-74h8z.payment,error_ratio,trace_server_error_ratio,0.0
1776462693.63,payment,otel-demo.payment-f9f8d647b-74h8z.payment,request_count,trace_server_count,0.0
1776462693.63,payment,otel-demo.payment-f9f8d647b-75hmx.payment,dependency_error_ratio,trace_client_error_ratio,0.0
1776462693.63,payment,otel-demo.payment-f9f8d647b-75hmx.payment,error_ratio,trace_server_error_ratio,0.0
1776462693.63,payment,otel-demo.payment-f9f8d647b-75hmx.payment,request_count,trace_server_count,0.0
1776462693.63,payment,otel-demo.payment-f9f8d647b-tv6l5.payment,dependency_error_ratio,trace_client_error_ratio,0.0
1776462693.63,payment,otel-demo.payment-f9f8d647b-tv6l5.payment,error_ratio,trace_server_error_ratio,0.0
1776462693.63,payment,otel-demo.payment-f9f8d647b-tv6l5.payment,request_count,trace_server_count,0.0
1776462693.63,payment,payment-f9f8d647b-74h8z,cpu_usage,container_cpu_usage,0.009351167241061133
1776462693.63,payment,payment-f9f8d647b-74h8z,memory_usage,container_memory_working_set_bytes,109322240.0
1776462693.63,payment,payment-f9f8d647b-75hmx,cpu_usage,container_cpu_usage,0.010981233019853737
1776462693.63,payment,payment-f9f8d647b-75hmx,memory_usage,container_memory_working_set_bytes,109154304.0
1776462693.63,payment,payment-f9f8d647b-tv6l5,cpu_usage,container_cpu_usage,0.007130245430361427
1776462693.63,payment,payment-f9f8d647b-tv6l5,memory_usage,container_memory_working_set_bytes,101023744.0
1776462693.63,payment,payment::service,pod_restart_count,k8s_container_restarts,39.0
1776462693.63,payment,payment::service,pod_running_count,k8s_container_ready,3.0
1776462693.63,product-catalog,otel-demo.product-catalog-784544475c-7crs7.product-catalog,dependency_error_ratio,trace_client_error_ratio,0.0
1776462693.63,product-catalog,otel-demo.product-catalog-784544475c-7crs7.product-catalog,error_ratio,trace_server_error_ratio,0.0
1776462693.63,product-catalog,otel-demo.product-catalog-784544475c-7crs7.product-catalog,request_count,trace_server_count,0.0
1776462693.63,product-catalog,otel-demo.product-catalog-784544475c-8skc7.product-catalog,dependency_error_ratio,trace_client_error_ratio,0.0
1776462693.63,product-catalog,otel-demo.product-catalog-784544475c-8skc7.product-catalog,error_ratio,trace_server_error_ratio,0.0
1776462693.63,product-catalog,otel-demo.product-catalog-784544475c-8skc7.product-catalog,request_count,trace_server_count,0.0
1776462693.63,product-catalog,otel-demo.product-catalog-784544475c-stwzc.product-catalog,dependency_error_ratio,trace_client_error_ratio,0.0
1776462693.63,product-catalog,otel-demo.product-catalog-784544475c-stwzc.product-catalog,error_ratio,trace_server_error_ratio,0.0
1776462693.63,product-catalog,otel-demo.product-catalog-784544475c-stwzc.product-catalog,request_count,trace_server_count,0.0
1776462693.63,product-catalog,product-catalog-784544475c-7crs7,cpu_usage,container_cpu_usage,0.021425126223450705
1776462693.63,product-catalog,product-catalog-784544475c-7crs7,memory_usage,container_memory_working_set_bytes,14942208.0
1776462693.63,product-catalog,product-catalog-784544475c-8skc7,cpu_usage,container_cpu_usage,0.1536128999533382
1776462693.63,product-catalog,product-catalog-784544475c-8skc7,memory_usage,container_memory_working_set_bytes,14839808.0
1776462693.63,product-catalog,product-catalog-784544475c-stwzc,cpu_usage,container_cpu_usage,0.000553589342321738
1776462693.63,product-catalog,product-catalog-784544475c-stwzc,memory_usage,container_memory_working_set_bytes,12619776.0
1776462693.63,product-catalog,product-catalog::service,pod_restart_count,k8s_container_restarts,37.0
1776462693.63,product-catalog,product-catalog::service,pod_running_count,k8s_container_ready,3.0
1776462693.63,recommendation,otel-demo.recommendation-5b46f7469c-g2rgb.recommendation,dependency_error_ratio,trace_client_error_ratio,0.0
1776462693.63,recommendation,otel-demo.recommendation-5b46f7469c-rjwxq.recommendation,dependency_error_ratio,trace_client_error_ratio,0.0
1776462693.63,recommendation,otel-demo.recommendation-5b46f7469c-rjwxq.recommendation,error_ratio,trace_server_error_ratio,0.0
1776462693.63,recommendation,otel-demo.recommendation-5b46f7469c-rjwxq.recommendation,latency_p95,trace_server_latency_p95,27.714285714285683
1776462693.63,recommendation,otel-demo.recommendation-5b46f7469c-rjwxq.recommendation,request_count,trace_server_count,9.8
1776462693.63,recommendation,otel-demo.recommendation-5b46f7469c-t2fm9.recommendation,dependency_error_ratio,trace_client_error_ratio,0.0
1776462693.63,recommendation,otel-demo.recommendation-5b46f7469c-t2fm9.recommendation,error_ratio,trace_server_error_ratio,0.0
1776462693.63,recommendation,otel-demo.recommendation-5b46f7469c-t2fm9.recommendation,latency_p95,trace_server_latency_p95,29.818181818181777
1776462693.63,recommendation,otel-demo.recommendation-5b46f7469c-t2fm9.recommendation,request_count,trace_server_count,35.3
1776462693.63,recommendation,recommendation-5b46f7469c-g2rgb,cpu_usage,container_cpu_usage,0.011606424514907052
1776462693.63,recommendation,recommendation-5b46f7469c-g2rgb,memory_usage,container_memory_working_set_bytes,46891008.0
1776462693.63,recommendation,recommendation-5b46f7469c-rjwxq,cpu_usage,container_cpu_usage,0.016299042306883588
1776462693.63,recommendation,recommendation-5b46f7469c-rjwxq,memory_usage,container_memory_working_set_bytes,47865856.0
1776462693.63,recommendation,recommendation-5b46f7469c-t2fm9,cpu_usage,container_cpu_usage,0.03242840252692517
1776462693.63,recommendation,recommendation-5b46f7469c-t2fm9,memory_usage,container_memory_working_set_bytes,52600832.0
1776462693.63,recommendation,recommendation::service,pod_restart_count,k8s_container_restarts,3.0
1776462693.63,recommendation,recommendation::service,pod_running_count,k8s_container_ready,3.0
1776462703.63,ad,3a8b9295-6ae2-4e8a-b9b0-a607d7fec0a4,dependency_error_ratio,trace_client_error_ratio,0.0
1776462703.63,ad,3a8b9295-6ae2-4e8a-b9b0-a607d7fec0a4,error_ratio,trace_server_error_ratio,0.0
1776462703.63,ad,3a8b9295-6ae2-4e8a-b9b0-a607d7fec0a4,request_count,trace_server_count,0.0
1776462703.63,ad,5680c7ee-584c-4353-b6d2-93bc605a0324,dependency_error_ratio,trace_client_error_ratio,0.0
1776462703.63,ad,5680c7ee-584c-4353-b6d2-93bc605a0324,error_ratio,trace_server_error_ratio,0.0
1776462703.63,ad,5680c7ee-584c-4353-b6d2-93bc605a0324,request_count,trace_server_count,0.0
1776462703.63,ad,9f9a3c1c-bd3f-40ea-8764-b59f1ebd2204,dependency_error_ratio,trace_client_error_ratio,0.0
1776462703.63,ad,ad-7fb5b4f859-52ks9,cpu_usage,container_cpu_usage,0.002117234092511148
1776462703.63,ad,ad-7fb5b4f859-52ks9,memory_usage,container_memory_working_set_bytes,260378624.0
1776462703.63,ad,ad-7fb5b4f859-rd4zw,cpu_usage,container_cpu_usage,0.0012067092322746024
1776462703.63,ad,ad-7fb5b4f859-rd4zw,memory_usage,container_memory_working_set_bytes,238399488.0
1776462703.63,ad,ad-7fb5b4f859-zsstr,cpu_usage,container_cpu_usage,0.003569275589890409
1776462703.63,ad,ad-7fb5b4f859-zsstr,memory_usage,container_memory_working_set_bytes,261799936.0
1776462703.63,ad,ad::service,pod_restart_count,k8s_container_restarts,3.0
1776462703.63,ad,ad::service,pod_running_count,k8s_container_ready,3.0
1776462703.63,cart,cart-7c7496d7f-th7mc,cpu_usage,container_cpu_usage,0.05713536268218427
1776462703.63,cart,cart-7c7496d7f-th7mc,memory_usage,container_memory_working_set_bytes,62636032.0
1776462703.63,cart,cart::service,pod_restart_count,k8s_container_restarts,1.0
1776462703.63,cart,cart::service,pod_running_count,k8s_container_ready,1.0
1776462703.63,cart,f1f3afac-3031-4c18-925a-048232421d89,dependency_error_ratio,trace_client_error_ratio,0.0
1776462703.63,cart,f1f3afac-3031-4c18-925a-048232421d89,error_ratio,trace_server_error_ratio,0.0
1776462703.63,cart,f1f3afac-3031-4c18-925a-048232421d89,request_count,trace_server_count,0.0
1776462703.63,checkout,4755bdbd-5ad9-49fa-acb7-3a7dcb6a9277,dependency_error_ratio,trace_client_error_ratio,0.0
1776462703.63,checkout,4755bdbd-5ad9-49fa-acb7-3a7dcb6a9277,error_ratio,trace_server_error_ratio,0.0
1776462703.63,checkout,4755bdbd-5ad9-49fa-acb7-3a7dcb6a9277,request_count,trace_server_count,0.0
1776462703.63,checkout,bb49e6b9-109a-41b8-be66-ab2a38272474,dependency_error_ratio,trace_client_error_ratio,0.0
1776462703.63,checkout,bb49e6b9-109a-41b8-be66-ab2a38272474,error_ratio,trace_server_error_ratio,0.0
1776462703.63,checkout,bb49e6b9-109a-41b8-be66-ab2a38272474,request_count,trace_server_count,0.0
1776462703.63,checkout,bc5804df-6f63-4261-8788-8ecfe5481366,dependency_error_ratio,trace_client_error_ratio,0.0
1776462703.63,checkout,bc5804df-6f63-4261-8788-8ecfe5481366,error_ratio,trace_server_error_ratio,0.0
1776462703.63,checkout,bc5804df-6f63-4261-8788-8ecfe5481366,request_count,trace_server_count,0.0
1776462703.63,checkout,checkout-7f4ccfc547-6crwh,cpu_usage,container_cpu_usage,0.08400096940973668
1776462703.63,checkout,checkout-7f4ccfc547-6crwh,memory_usage,container_memory_working_set_bytes,14864384.0
1776462703.63,checkout,checkout-7f4ccfc547-ftx2n,cpu_usage,container_cpu_usage,0.0005472933784436946
1776462703.63,checkout,checkout-7f4ccfc547-ftx2n,memory_usage,container_memory_working_set_bytes,12079104.0
1776462703.63,checkout,checkout-7f4ccfc547-qlfgr,cpu_usage,container_cpu_usage,0.07464071505895406
1776462703.63,checkout,checkout-7f4ccfc547-qlfgr,memory_usage,container_memory_working_set_bytes,14663680.0
1776462703.63,checkout,checkout::service,pod_restart_count,k8s_container_restarts,45.0
1776462703.63,checkout,checkout::service,pod_running_count,k8s_container_ready,3.0
1776462703.63,email,email-5dcf48b665-66zvj,cpu_usage,container_cpu_usage,0.012307459778156383
1776462703.63,email,email-5dcf48b665-66zvj,memory_usage,container_memory_working_set_bytes,59793408.0
1776462703.63,email,email-5dcf48b665-9xxmx,cpu_usage,container_cpu_usage,0.000505995377058103
1776462703.63,email,email-5dcf48b665-9xxmx,memory_usage,container_memory_working_set_bytes,56520704.0
1776462703.63,email,email-5dcf48b665-n4zf2,cpu_usage,container_cpu_usage,0.0041538781278584605
1776462703.63,email,email-5dcf48b665-n4zf2,memory_usage,container_memory_working_set_bytes,54460416.0
1776462703.63,email,email::service,pod_restart_count,k8s_container_restarts,9.0
1776462703.63,email,email::service,pod_running_count,k8s_container_ready,3.0
1776462703.63,email,otel-demo.email-5dcf48b665-66zvj.email,error_ratio,trace_server_error_ratio,0.0
1776462703.63,email,otel-demo.email-5dcf48b665-66zvj.email,request_count,trace_server_count,0.0
1776462703.63,email,otel-demo.email-5dcf48b665-9xxmx.email,error_ratio,trace_server_error_ratio,0.0
1776462703.63,email,otel-demo.email-5dcf48b665-9xxmx.email,request_count,trace_server_count,0.0
1776462703.63,email,otel-demo.email-5dcf48b665-n4zf2.email,error_ratio,trace_server_error_ratio,0.0
1776462703.63,email,otel-demo.email-5dcf48b665-n4zf2.email,request_count,trace_server_count,0.0
1776462703.63,frontend,frontend-b78bf7696-6bjdg,cpu_usage,container_cpu_usage,0.08692883984106126
1776462703.63,frontend,frontend-b78bf7696-6bjdg,memory_usage,container_memory_working_set_bytes,118026240.0
1776462703.63,frontend,frontend-b78bf7696-77ldd,cpu_usage,container_cpu_usage,0.13903521077692996
1776462703.63,frontend,frontend-b78bf7696-77ldd,memory_usage,container_memory_working_set_bytes,106172416.0
1776462703.63,frontend,frontend-b78bf7696-p9kqx,cpu_usage,container_cpu_usage,0.0384013130898647
1776462703.63,frontend,frontend-b78bf7696-p9kqx,memory_usage,container_memory_working_set_bytes,118272000.0
1776462703.63,frontend,frontend::service,pod_restart_count,k8s_container_restarts,3.0
1776462703.63,frontend,frontend::service,pod_running_count,k8s_container_ready,3.0
1776462703.63,frontend,otel-demo.frontend-b78bf7696-6bjdg.frontend,dependency_error_ratio,trace_client_error_ratio,0.0
1776462703.63,frontend,otel-demo.frontend-b78bf7696-6bjdg.frontend,error_ratio,trace_server_error_ratio,0.0
1776462703.63,frontend,otel-demo.frontend-b78bf7696-6bjdg.frontend,http_5xx_ratio,http_server_5xx_ratio,0.0
1776462703.63,frontend,otel-demo.frontend-b78bf7696-6bjdg.frontend,request_count,trace_server_count,0.0
1776462703.63,frontend,otel-demo.frontend-b78bf7696-77ldd.frontend,dependency_error_ratio,trace_client_error_ratio,0.0
1776462703.63,frontend,otel-demo.frontend-b78bf7696-77ldd.frontend,error_ratio,trace_server_error_ratio,0.0
1776462703.63,frontend,otel-demo.frontend-b78bf7696-77ldd.frontend,http_5xx_ratio,http_server_5xx_ratio,0.0
1776462703.63,frontend,otel-demo.frontend-b78bf7696-77ldd.frontend,request_count,trace_server_count,0.0
1776462703.63,frontend,otel-demo.frontend-b78bf7696-p9kqx.frontend,dependency_error_ratio,trace_client_error_ratio,0.0
1776462703.63,frontend,otel-demo.frontend-b78bf7696-p9kqx.frontend,error_ratio,trace_server_error_ratio,0.0
1776462703.63,frontend,otel-demo.frontend-b78bf7696-p9kqx.frontend,http_5xx_ratio,http_server_5xx_ratio,0.0
1776462703.63,frontend,otel-demo.frontend-b78bf7696-p9kqx.frontend,request_count,trace_server_count,0.0
1776462703.63,kafka,kafka-66df8bdf76-zjcbb,cpu_usage,container_cpu_usage,0.013576995600251586
1776462703.63,kafka,kafka-66df8bdf76-zjcbb,memory_usage,container_memory_working_set_bytes,666394624.0
1776462703.63,kafka,kafka::service,pod_restart_count,k8s_container_restarts,9.0
1776462703.63,kafka,kafka::service,pod_running_count,k8s_container_ready,1.0
1776462703.63,kafka,kafka::service,queue_lag,queue_size_ratio,0.0
1776462703.63,payment,otel-demo.payment-f9f8d647b-74h8z.payment,dependency_error_ratio,trace_client_error_ratio,0.0
1776462703.63,payment,otel-demo.payment-f9f8d647b-74h8z.payment,error_ratio,trace_server_error_ratio,0.0
1776462703.63,payment,otel-demo.payment-f9f8d647b-74h8z.payment,request_count,trace_server_count,0.0
1776462703.63,payment,otel-demo.payment-f9f8d647b-75hmx.payment,dependency_error_ratio,trace_client_error_ratio,0.0
1776462703.63,payment,otel-demo.payment-f9f8d647b-75hmx.payment,error_ratio,trace_server_error_ratio,0.0
1776462703.63,payment,otel-demo.payment-f9f8d647b-75hmx.payment,request_count,trace_server_count,0.0
1776462703.63,payment,otel-demo.payment-f9f8d647b-tv6l5.payment,dependency_error_ratio,trace_client_error_ratio,0.0
1776462703.63,payment,otel-demo.payment-f9f8d647b-tv6l5.payment,error_ratio,trace_server_error_ratio,0.0
1776462703.63,payment,otel-demo.payment-f9f8d647b-tv6l5.payment,request_count,trace_server_count,0.0
1776462703.63,payment,payment-f9f8d647b-74h8z,cpu_usage,container_cpu_usage,0.011350723262982945
1776462703.63,payment,payment-f9f8d647b-74h8z,memory_usage,container_memory_working_set_bytes,109322240.0
1776462703.63,payment,payment-f9f8d647b-75hmx,cpu_usage,container_cpu_usage,0.0108544556420487
1776462703.63,payment,payment-f9f8d647b-75hmx,memory_usage,container_memory_working_set_bytes,109154304.0
1776462703.63,payment,payment-f9f8d647b-tv6l5,cpu_usage,container_cpu_usage,0.007130245430361427
1776462703.63,payment,payment-f9f8d647b-tv6l5,memory_usage,container_memory_working_set_bytes,101023744.0
1776462703.63,payment,payment::service,pod_restart_count,k8s_container_restarts,39.0
1776462703.63,payment,payment::service,pod_running_count,k8s_container_ready,3.0
1776462703.63,product-catalog,otel-demo.product-catalog-784544475c-7crs7.product-catalog,dependency_error_ratio,trace_client_error_ratio,0.0
1776462703.63,product-catalog,otel-demo.product-catalog-784544475c-7crs7.product-catalog,error_ratio,trace_server_error_ratio,0.0
1776462703.63,product-catalog,otel-demo.product-catalog-784544475c-7crs7.product-catalog,request_count,trace_server_count,0.0
1776462703.63,product-catalog,otel-demo.product-catalog-784544475c-8skc7.product-catalog,dependency_error_ratio,trace_client_error_ratio,0.0
1776462703.63,product-catalog,otel-demo.product-catalog-784544475c-8skc7.product-catalog,error_ratio,trace_server_error_ratio,0.0
1776462703.63,product-catalog,otel-demo.product-catalog-784544475c-8skc7.product-catalog,request_count,trace_server_count,0.0
1776462703.63,product-catalog,otel-demo.product-catalog-784544475c-stwzc.product-catalog,dependency_error_ratio,trace_client_error_ratio,0.0
1776462703.63,product-catalog,otel-demo.product-catalog-784544475c-stwzc.product-catalog,error_ratio,trace_server_error_ratio,0.0
1776462703.63,product-catalog,otel-demo.product-catalog-784544475c-stwzc.product-catalog,request_count,trace_server_count,0.0
1776462703.63,product-catalog,product-catalog-784544475c-7crs7,cpu_usage,container_cpu_usage,0.022861435997400873
1776462703.63,product-catalog,product-catalog-784544475c-7crs7,memory_usage,container_memory_working_set_bytes,15065088.0
1776462703.63,product-catalog,product-catalog-784544475c-8skc7,cpu_usage,container_cpu_usage,0.10195241319004429
1776462703.63,product-catalog,product-catalog-784544475c-8skc7,memory_usage,container_memory_working_set_bytes,14839808.0
1776462703.63,product-catalog,product-catalog-784544475c-stwzc,cpu_usage,container_cpu_usage,0.0006195235442540253
1776462703.63,product-catalog,product-catalog-784544475c-stwzc,memory_usage,container_memory_working_set_bytes,12619776.0
1776462703.63,product-catalog,product-catalog::service,pod_restart_count,k8s_container_restarts,37.0
1776462703.63,product-catalog,product-catalog::service,pod_running_count,k8s_container_ready,3.0
1776462703.63,recommendation,otel-demo.recommendation-5b46f7469c-g2rgb.recommendation,dependency_error_ratio,trace_client_error_ratio,0.0
1776462703.63,recommendation,otel-demo.recommendation-5b46f7469c-rjwxq.recommendation,dependency_error_ratio,trace_client_error_ratio,0.0
1776462703.63,recommendation,otel-demo.recommendation-5b46f7469c-rjwxq.recommendation,error_ratio,trace_server_error_ratio,0.0
1776462703.63,recommendation,otel-demo.recommendation-5b46f7469c-rjwxq.recommendation,request_count,trace_server_count,0.0
1776462703.63,recommendation,otel-demo.recommendation-5b46f7469c-t2fm9.recommendation,dependency_error_ratio,trace_client_error_ratio,0.0
1776462703.63,recommendation,otel-demo.recommendation-5b46f7469c-t2fm9.recommendation,error_ratio,trace_server_error_ratio,0.0
1776462703.63,recommendation,otel-demo.recommendation-5b46f7469c-t2fm9.recommendation,request_count,trace_server_count,0.0
1776462703.63,recommendation,recommendation-5b46f7469c-g2rgb,cpu_usage,container_cpu_usage,0.008174150174752298
1776462703.63,recommendation,recommendation-5b46f7469c-g2rgb,memory_usage,container_memory_working_set_bytes,46891008.0
1776462703.63,recommendation,recommendation-5b46f7469c-rjwxq,cpu_usage,container_cpu_usage,0.01585871628606486
1776462703.63,recommendation,recommendation-5b46f7469c-rjwxq,memory_usage,container_memory_working_set_bytes,47865856.0
1776462703.63,recommendation,recommendation-5b46f7469c-t2fm9,cpu_usage,container_cpu_usage,0.03324296517996877
1776462703.63,recommendation,recommendation-5b46f7469c-t2fm9,memory_usage,container_memory_working_set_bytes,52563968.0
1776462703.63,recommendation,recommendation::service,pod_restart_count,k8s_container_restarts,3.0
1776462703.63,recommendation,recommendation::service,pod_running_count,k8s_container_ready,3.0
1776462713.63,ad,3a8b9295-6ae2-4e8a-b9b0-a607d7fec0a4,dependency_error_ratio,trace_client_error_ratio,0.0
1776462713.63,ad,3a8b9295-6ae2-4e8a-b9b0-a607d7fec0a4,error_ratio,trace_server_error_ratio,0.0
1776462713.63,ad,3a8b9295-6ae2-4e8a-b9b0-a607d7fec0a4,request_count,trace_server_count,0.0
1776462713.63,ad,5680c7ee-584c-4353-b6d2-93bc605a0324,dependency_error_ratio,trace_client_error_ratio,0.0
1776462713.63,ad,5680c7ee-584c-4353-b6d2-93bc605a0324,error_ratio,trace_server_error_ratio,0.0
1776462713.63,ad,5680c7ee-584c-4353-b6d2-93bc605a0324,request_count,trace_server_count,0.0
1776462713.63,ad,9f9a3c1c-bd3f-40ea-8764-b59f1ebd2204,dependency_error_ratio,trace_client_error_ratio,0.0
1776462713.63,ad,ad-7fb5b4f859-52ks9,cpu_usage,container_cpu_usage,0.002328868290662761
1776462713.63,ad,ad-7fb5b4f859-52ks9,memory_usage,container_memory_working_set_bytes,260280320.0
1776462713.63,ad,ad-7fb5b4f859-rd4zw,cpu_usage,container_cpu_usage,0.0012067092322746024
1776462713.63,ad,ad-7fb5b4f859-rd4zw,memory_usage,container_memory_working_set_bytes,238399488.0
1776462713.63,ad,ad-7fb5b4f859-zsstr,cpu_usage,container_cpu_usage,0.004200181640971303
1776462713.63,ad,ad-7fb5b4f859-zsstr,memory_usage,container_memory_working_set_bytes,261701632.0
1776462713.63,ad,ad::service,pod_restart_count,k8s_container_restarts,3.0
1776462713.63,ad,ad::service,pod_running_count,k8s_container_ready,3.0
1776462713.63,cart,cart-7c7496d7f-th7mc,cpu_usage,container_cpu_usage,0.058125025590037335
1776462713.63,cart,cart-7c7496d7f-th7mc,memory_usage,container_memory_working_set_bytes,62636032.0
1776462713.63,cart,cart::service,pod_restart_count,k8s_container_restarts,1.0
1776462713.63,cart,cart::service,pod_running_count,k8s_container_ready,1.0
1776462713.63,cart,f1f3afac-3031-4c18-925a-048232421d89,dependency_error_ratio,trace_client_error_ratio,0.0
1776462713.63,cart,f1f3afac-3031-4c18-925a-048232421d89,error_ratio,trace_server_error_ratio,0.0
1776462713.63,cart,f1f3afac-3031-4c18-925a-048232421d89,request_count,trace_server_count,0.0
1776462713.63,checkout,4755bdbd-5ad9-49fa-acb7-3a7dcb6a9277,dependency_error_ratio,trace_client_error_ratio,0.0
1776462713.63,checkout,4755bdbd-5ad9-49fa-acb7-3a7dcb6a9277,error_ratio,trace_server_error_ratio,0.0
1776462713.63,checkout,4755bdbd-5ad9-49fa-acb7-3a7dcb6a9277,request_count,trace_server_count,0.0
1776462713.63,checkout,bb49e6b9-109a-41b8-be66-ab2a38272474,dependency_error_ratio,trace_client_error_ratio,0.0
1776462713.63,checkout,bb49e6b9-109a-41b8-be66-ab2a38272474,error_ratio,trace_server_error_ratio,0.0
1776462713.63,checkout,bb49e6b9-109a-41b8-be66-ab2a38272474,request_count,trace_server_count,0.0
1776462713.63,checkout,bc5804df-6f63-4261-8788-8ecfe5481366,dependency_error_ratio,trace_client_error_ratio,0.0
1776462713.63,checkout,bc5804df-6f63-4261-8788-8ecfe5481366,error_ratio,trace_server_error_ratio,0.0
1776462713.63,checkout,bc5804df-6f63-4261-8788-8ecfe5481366,request_count,trace_server_count,0.0
1776462713.63,checkout,checkout-7f4ccfc547-6crwh,cpu_usage,container_cpu_usage,0.08400096940973667
1776462713.63,checkout,checkout-7f4ccfc547-6crwh,memory_usage,container_memory_working_set_bytes,14864384.0
1776462713.63,checkout,checkout-7f4ccfc547-ftx2n,cpu_usage,container_cpu_usage,0.0006230102051377507
1776462713.63,checkout,checkout-7f4ccfc547-ftx2n,memory_usage,container_memory_working_set_bytes,12079104.0
1776462713.63,checkout,checkout-7f4ccfc547-qlfgr,cpu_usage,container_cpu_usage,0.06532654134349962
1776462713.63,checkout,checkout-7f4ccfc547-qlfgr,memory_usage,container_memory_working_set_bytes,14680064.0
1776462713.63,checkout,checkout::service,pod_restart_count,k8s_container_restarts,45.0
1776462713.63,checkout,checkout::service,pod_running_count,k8s_container_ready,3.0
1776462713.63,email,email-5dcf48b665-66zvj,cpu_usage,container_cpu_usage,0.012830438876393232
1776462713.63,email,email-5dcf48b665-66zvj,memory_usage,container_memory_working_set_bytes,59768832.0
1776462713.63,email,email-5dcf48b665-9xxmx,cpu_usage,container_cpu_usage,0.0003743158545193478
1776462713.63,email,email-5dcf48b665-9xxmx,memory_usage,container_memory_working_set_bytes,56520704.0
1776462713.63,email,email-5dcf48b665-n4zf2,cpu_usage,container_cpu_usage,0.00460353438340373
1776462713.63,email,email-5dcf48b665-n4zf2,memory_usage,container_memory_working_set_bytes,54538240.0
1776462713.63,email,email::service,pod_restart_count,k8s_container_restarts,9.0
1776462713.63,email,email::service,pod_running_count,k8s_container_ready,3.0
1776462713.63,email,otel-demo.email-5dcf48b665-66zvj.email,error_ratio,trace_server_error_ratio,0.0
1776462713.63,email,otel-demo.email-5dcf48b665-66zvj.email,request_count,trace_server_count,0.0
1776462713.63,email,otel-demo.email-5dcf48b665-9xxmx.email,error_ratio,trace_server_error_ratio,0.0
1776462713.63,email,otel-demo.email-5dcf48b665-9xxmx.email,request_count,trace_server_count,0.0
1776462713.63,email,otel-demo.email-5dcf48b665-n4zf2.email,error_ratio,trace_server_error_ratio,0.0
1776462713.63,email,otel-demo.email-5dcf48b665-n4zf2.email,request_count,trace_server_count,0.0
1776462713.63,frontend,frontend-b78bf7696-6bjdg,cpu_usage,container_cpu_usage,0.08692883984106126
1776462713.63,frontend,frontend-b78bf7696-6bjdg,memory_usage,container_memory_working_set_bytes,118026240.0
1776462713.63,frontend,frontend-b78bf7696-77ldd,cpu_usage,container_cpu_usage,0.12324302719230523
1776462713.63,frontend,frontend-b78bf7696-77ldd,memory_usage,container_memory_working_set_bytes,105517056.0
1776462713.63,frontend,frontend-b78bf7696-p9kqx,cpu_usage,container_cpu_usage,0.043510216027905904
1776462713.63,frontend,frontend-b78bf7696-p9kqx,memory_usage,container_memory_working_set_bytes,118272000.0
1776462713.63,frontend,frontend::service,pod_restart_count,k8s_container_restarts,3.0
1776462713.63,frontend,frontend::service,pod_running_count,k8s_container_ready,3.0
1776462713.63,frontend,otel-demo.frontend-b78bf7696-6bjdg.frontend,dependency_error_ratio,trace_client_error_ratio,0.0
1776462713.63,frontend,otel-demo.frontend-b78bf7696-6bjdg.frontend,error_ratio,trace_server_error_ratio,0.0
1776462713.63,frontend,otel-demo.frontend-b78bf7696-6bjdg.frontend,http_5xx_ratio,http_server_5xx_ratio,0.0
1776462713.63,frontend,otel-demo.frontend-b78bf7696-6bjdg.frontend,request_count,trace_server_count,0.0
1776462713.63,frontend,otel-demo.frontend-b78bf7696-77ldd.frontend,dependency_error_ratio,trace_client_error_ratio,0.0
1776462713.63,frontend,otel-demo.frontend-b78bf7696-77ldd.frontend,error_ratio,trace_server_error_ratio,0.0
1776462713.63,frontend,otel-demo.frontend-b78bf7696-77ldd.frontend,http_5xx_ratio,http_server_5xx_ratio,0.0
1776462713.63,frontend,otel-demo.frontend-b78bf7696-77ldd.frontend,request_count,trace_server_count,0.0
1776462713.63,frontend,otel-demo.frontend-b78bf7696-p9kqx.frontend,dependency_error_ratio,trace_client_error_ratio,0.0
1776462713.63,frontend,otel-demo.frontend-b78bf7696-p9kqx.frontend,error_ratio,trace_server_error_ratio,0.0
1776462713.63,frontend,otel-demo.frontend-b78bf7696-p9kqx.frontend,http_5xx_ratio,http_server_5xx_ratio,0.0
1776462713.63,frontend,otel-demo.frontend-b78bf7696-p9kqx.frontend,request_count,trace_server_count,0.0
1776462713.63,kafka,kafka-66df8bdf76-zjcbb,cpu_usage,container_cpu_usage,0.013872021836615539
1776462713.63,kafka,kafka-66df8bdf76-zjcbb,memory_usage,container_memory_working_set_bytes,666431488.0
1776462713.63,kafka,kafka::service,pod_restart_count,k8s_container_restarts,9.0
1776462713.63,kafka,kafka::service,pod_running_count,k8s_container_ready,1.0
1776462713.63,kafka,kafka::service,queue_lag,queue_size_ratio,0.0
1776462713.63,payment,otel-demo.payment-f9f8d647b-74h8z.payment,dependency_error_ratio,trace_client_error_ratio,0.0
1776462713.63,payment,otel-demo.payment-f9f8d647b-74h8z.payment,error_ratio,trace_server_error_ratio,0.0
1776462713.63,payment,otel-demo.payment-f9f8d647b-74h8z.payment,request_count,trace_server_count,0.0
1776462713.63,payment,otel-demo.payment-f9f8d647b-75hmx.payment,dependency_error_ratio,trace_client_error_ratio,0.0
1776462713.63,payment,otel-demo.payment-f9f8d647b-75hmx.payment,error_ratio,trace_server_error_ratio,0.0
1776462713.63,payment,otel-demo.payment-f9f8d647b-75hmx.payment,request_count,trace_server_count,0.0
1776462713.63,payment,otel-demo.payment-f9f8d647b-tv6l5.payment,dependency_error_ratio,trace_client_error_ratio,0.0
1776462713.63,payment,otel-demo.payment-f9f8d647b-tv6l5.payment,error_ratio,trace_server_error_ratio,0.0
1776462713.63,payment,otel-demo.payment-f9f8d647b-tv6l5.payment,request_count,trace_server_count,0.0
1776462713.63,payment,payment-f9f8d647b-74h8z,cpu_usage,container_cpu_usage,0.010824854906788625
1776462713.63,payment,payment-f9f8d647b-74h8z,memory_usage,container_memory_working_set_bytes,109326336.0
1776462713.63,payment,payment-f9f8d647b-75hmx,cpu_usage,container_cpu_usage,0.0108544556420487
1776462713.63,payment,payment-f9f8d647b-75hmx,memory_usage,container_memory_working_set_bytes,109154304.0
1776462713.63,payment,payment-f9f8d647b-tv6l5,cpu_usage,container_cpu_usage,0.006806228200045277
1776462713.63,payment,payment-f9f8d647b-tv6l5,memory_usage,container_memory_working_set_bytes,101023744.0
1776462713.63,payment,payment::service,pod_restart_count,k8s_container_restarts,39.0
1776462713.63,payment,payment::service,pod_running_count,k8s_container_ready,3.0
1776462713.63,product-catalog,otel-demo.product-catalog-784544475c-7crs7.product-catalog,dependency_error_ratio,trace_client_error_ratio,0.0
1776462713.63,product-catalog,otel-demo.product-catalog-784544475c-7crs7.product-catalog,error_ratio,trace_server_error_ratio,0.0
1776462713.63,product-catalog,otel-demo.product-catalog-784544475c-7crs7.product-catalog,request_count,trace_server_count,0.0
1776462713.63,product-catalog,otel-demo.product-catalog-784544475c-8skc7.product-catalog,dependency_error_ratio,trace_client_error_ratio,0.0
1776462713.63,product-catalog,otel-demo.product-catalog-784544475c-8skc7.product-catalog,error_ratio,trace_server_error_ratio,0.0
1776462713.63,product-catalog,otel-demo.product-catalog-784544475c-8skc7.product-catalog,request_count,trace_server_count,0.0
1776462713.63,product-catalog,otel-demo.product-catalog-784544475c-stwzc.product-catalog,dependency_error_ratio,trace_client_error_ratio,0.0
1776462713.63,product-catalog,otel-demo.product-catalog-784544475c-stwzc.product-catalog,error_ratio,trace_server_error_ratio,0.0
1776462713.63,product-catalog,otel-demo.product-catalog-784544475c-stwzc.product-catalog,request_count,trace_server_count,0.0
1776462713.63,product-catalog,product-catalog-784544475c-7crs7,cpu_usage,container_cpu_usage,0.02367103531476195
1776462713.63,product-catalog,product-catalog-784544475c-7crs7,memory_usage,container_memory_working_set_bytes,15065088.0
1776462713.63,product-catalog,product-catalog-784544475c-8skc7,cpu_usage,container_cpu_usage,0.09855375981176757
1776462713.63,product-catalog,product-catalog-784544475c-8skc7,memory_usage,container_memory_working_set_bytes,14991360.0
1776462713.63,product-catalog,product-catalog-784544475c-stwzc,cpu_usage,container_cpu_usage,0.0005605130387210502
1776462713.63,product-catalog,product-catalog-784544475c-stwzc,memory_usage,container_memory_working_set_bytes,12791808.0
1776462713.63,product-catalog,product-catalog::service,pod_restart_count,k8s_container_restarts,37.0
1776462713.63,product-catalog,product-catalog::service,pod_running_count,k8s_container_ready,3.0
1776462713.63,recommendation,otel-demo.recommendation-5b46f7469c-g2rgb.recommendation,dependency_error_ratio,trace_client_error_ratio,0.0
1776462713.63,recommendation,otel-demo.recommendation-5b46f7469c-rjwxq.recommendation,dependency_error_ratio,trace_client_error_ratio,0.0
1776462713.63,recommendation,otel-demo.recommendation-5b46f7469c-rjwxq.recommendation,error_ratio,trace_server_error_ratio,0.0
1776462713.63,recommendation,otel-demo.recommendation-5b46f7469c-rjwxq.recommendation,request_count,trace_server_count,0.0
1776462713.63,recommendation,otel-demo.recommendation-5b46f7469c-t2fm9.recommendation,dependency_error_ratio,trace_client_error_ratio,0.0
1776462713.63,recommendation,otel-demo.recommendation-5b46f7469c-t2fm9.recommendation,error_ratio,trace_server_error_ratio,0.0
1776462713.63,recommendation,otel-demo.recommendation-5b46f7469c-t2fm9.recommendation,request_count,trace_server_count,0.0
1776462713.63,recommendation,recommendation-5b46f7469c-g2rgb,cpu_usage,container_cpu_usage,0.008174150174752298
1776462713.63,recommendation,recommendation-5b46f7469c-g2rgb,memory_usage,container_memory_working_set_bytes,46891008.0
1776462713.63,recommendation,recommendation-5b46f7469c-rjwxq,cpu_usage,container_cpu_usage,0.0168772880196153
1776462713.63,recommendation,recommendation-5b46f7469c-rjwxq,memory_usage,container_memory_working_set_bytes,47865856.0
1776462713.63,recommendation,recommendation-5b46f7469c-t2fm9,cpu_usage,container_cpu_usage,0.03324296517996877
1776462713.63,recommendation,recommendation-5b46f7469c-t2fm9,memory_usage,container_memory_working_set_bytes,52563968.0
1776462713.63,recommendation,recommendation::service,pod_restart_count,k8s_container_restarts,3.0
1776462713.63,recommendation,recommendation::service,pod_running_count,k8s_container_ready,3.0
1776462723.63,ad,3a8b9295-6ae2-4e8a-b9b0-a607d7fec0a4,dependency_error_ratio,trace_client_error_ratio,0.0
1776462723.63,ad,3a8b9295-6ae2-4e8a-b9b0-a607d7fec0a4,error_ratio,trace_server_error_ratio,0.0
1776462723.63,ad,3a8b9295-6ae2-4e8a-b9b0-a607d7fec0a4,request_count,trace_server_count,0.0
1776462723.63,ad,5680c7ee-584c-4353-b6d2-93bc605a0324,dependency_error_ratio,trace_client_error_ratio,0.0
1776462723.63,ad,5680c7ee-584c-4353-b6d2-93bc605a0324,error_ratio,trace_server_error_ratio,0.0
1776462723.63,ad,5680c7ee-584c-4353-b6d2-93bc605a0324,request_count,trace_server_count,0.0
1776462723.63,ad,9f9a3c1c-bd3f-40ea-8764-b59f1ebd2204,dependency_error_ratio,trace_client_error_ratio,0.0
1776462723.63,ad,ad-7fb5b4f859-52ks9,cpu_usage,container_cpu_usage,0.002335802760406074
1776462723.63,ad,ad-7fb5b4f859-52ks9,memory_usage,container_memory_working_set_bytes,260280320.0
1776462723.63,ad,ad-7fb5b4f859-rd4zw,cpu_usage,container_cpu_usage,0.0012084805653628566
1776462723.63,ad,ad-7fb5b4f859-rd4zw,memory_usage,container_memory_working_set_bytes,238366720.0
1776462723.63,ad,ad-7fb5b4f859-zsstr,cpu_usage,container_cpu_usage,0.003831056475464861
1776462723.63,ad,ad-7fb5b4f859-zsstr,memory_usage,container_memory_working_set_bytes,261701632.0
1776462723.63,ad,ad::service,pod_restart_count,k8s_container_restarts,3.0
1776462723.63,ad,ad::service,pod_running_count,k8s_container_ready,3.0
1776462723.63,cart,cart-7c7496d7f-th7mc,cpu_usage,container_cpu_usage,0.05515440719483011
1776462723.63,cart,cart-7c7496d7f-th7mc,memory_usage,container_memory_working_set_bytes,62636032.0
1776462723.63,cart,cart::service,pod_restart_count,k8s_container_restarts,1.0
1776462723.63,cart,cart::service,pod_running_count,k8s_container_ready,1.0
1776462723.63,cart,f1f3afac-3031-4c18-925a-048232421d89,dependency_error_ratio,trace_client_error_ratio,0.0
1776462723.63,cart,f1f3afac-3031-4c18-925a-048232421d89,error_ratio,trace_server_error_ratio,0.0
1776462723.63,cart,f1f3afac-3031-4c18-925a-048232421d89,request_count,trace_server_count,0.0
1776462723.63,checkout,4755bdbd-5ad9-49fa-acb7-3a7dcb6a9277,dependency_error_ratio,trace_client_error_ratio,0.0
1776462723.63,checkout,4755bdbd-5ad9-49fa-acb7-3a7dcb6a9277,error_ratio,trace_server_error_ratio,0.0
1776462723.63,checkout,4755bdbd-5ad9-49fa-acb7-3a7dcb6a9277,request_count,trace_server_count,0.0
1776462723.63,checkout,bb49e6b9-109a-41b8-be66-ab2a38272474,dependency_error_ratio,trace_client_error_ratio,0.0
1776462723.63,checkout,bb49e6b9-109a-41b8-be66-ab2a38272474,error_ratio,trace_server_error_ratio,0.0
1776462723.63,checkout,bb49e6b9-109a-41b8-be66-ab2a38272474,request_count,trace_server_count,0.0
1776462723.63,checkout,bc5804df-6f63-4261-8788-8ecfe5481366,dependency_error_ratio,trace_client_error_ratio,0.0
1776462723.63,checkout,bc5804df-6f63-4261-8788-8ecfe5481366,error_ratio,trace_server_error_ratio,0.0
1776462723.63,checkout,bc5804df-6f63-4261-8788-8ecfe5481366,request_count,trace_server_count,0.0
1776462723.63,checkout,checkout-7f4ccfc547-6crwh,cpu_usage,container_cpu_usage,0.09778728117184805
1776462723.63,checkout,checkout-7f4ccfc547-6crwh,memory_usage,container_memory_working_set_bytes,14774272.0
1776462723.63,checkout,checkout-7f4ccfc547-ftx2n,cpu_usage,container_cpu_usage,0.0006230102051377507
1776462723.63,checkout,checkout-7f4ccfc547-ftx2n,memory_usage,container_memory_working_set_bytes,12079104.0
1776462723.63,checkout,checkout-7f4ccfc547-qlfgr,cpu_usage,container_cpu_usage,0.04759936962750772
1776462723.63,checkout,checkout-7f4ccfc547-qlfgr,memory_usage,container_memory_working_set_bytes,14680064.0
1776462723.63,checkout,checkout::service,pod_restart_count,k8s_container_restarts,45.0
1776462723.63,checkout,checkout::service,pod_running_count,k8s_container_ready,3.0
1776462723.63,email,email-5dcf48b665-66zvj,cpu_usage,container_cpu_usage,0.012830438876393232
1776462723.63,email,email-5dcf48b665-66zvj,memory_usage,container_memory_working_set_bytes,59768832.0
1776462723.63,email,email-5dcf48b665-9xxmx,cpu_usage,container_cpu_usage,0.0003568164943743576
1776462723.63,email,email-5dcf48b665-9xxmx,memory_usage,container_memory_working_set_bytes,56520704.0
1776462723.63,email,email-5dcf48b665-n4zf2,cpu_usage,container_cpu_usage,0.00460353438340373
1776462723.63,email,email-5dcf48b665-n4zf2,memory_usage,container_memory_working_set_bytes,54538240.0
1776462723.63,email,email::service,pod_restart_count,k8s_container_restarts,9.0
1776462723.63,email,email::service,pod_running_count,k8s_container_ready,3.0
1776462723.63,email,otel-demo.email-5dcf48b665-66zvj.email,error_ratio,trace_server_error_ratio,0.0
1776462723.63,email,otel-demo.email-5dcf48b665-66zvj.email,request_count,trace_server_count,0.0
1776462723.63,email,otel-demo.email-5dcf48b665-9xxmx.email,error_ratio,trace_server_error_ratio,0.0
1776462723.63,email,otel-demo.email-5dcf48b665-9xxmx.email,request_count,trace_server_count,0.0
1776462723.63,email,otel-demo.email-5dcf48b665-n4zf2.email,error_ratio,trace_server_error_ratio,0.0
1776462723.63,email,otel-demo.email-5dcf48b665-n4zf2.email,request_count,trace_server_count,0.0
1776462723.63,frontend,frontend-b78bf7696-6bjdg,cpu_usage,container_cpu_usage,0.0803448698315161
1776462723.63,frontend,frontend-b78bf7696-6bjdg,memory_usage,container_memory_working_set_bytes,117764096.0
1776462723.63,frontend,frontend-b78bf7696-77ldd,cpu_usage,container_cpu_usage,0.09895405615137881
1776462723.63,frontend,frontend-b78bf7696-77ldd,memory_usage,container_memory_working_set_bytes,105725952.0
1776462723.63,frontend,frontend-b78bf7696-p9kqx,cpu_usage,container_cpu_usage,0.059191936496549274
1776462723.63,frontend,frontend-b78bf7696-p9kqx,memory_usage,container_memory_working_set_bytes,117379072.0
1776462723.63,frontend,frontend::service,pod_restart_count,k8s_container_restarts,3.0
1776462723.63,frontend,frontend::service,pod_running_count,k8s_container_ready,3.0
1776462723.63,frontend,otel-demo.frontend-b78bf7696-6bjdg.frontend,dependency_error_ratio,trace_client_error_ratio,0.0
1776462723.63,frontend,otel-demo.frontend-b78bf7696-6bjdg.frontend,error_ratio,trace_server_error_ratio,0.0
1776462723.63,frontend,otel-demo.frontend-b78bf7696-6bjdg.frontend,http_5xx_ratio,http_server_5xx_ratio,0.0
1776462723.63,frontend,otel-demo.frontend-b78bf7696-6bjdg.frontend,request_count,trace_server_count,0.0
1776462723.63,frontend,otel-demo.frontend-b78bf7696-77ldd.frontend,dependency_error_ratio,trace_client_error_ratio,0.0
1776462723.63,frontend,otel-demo.frontend-b78bf7696-77ldd.frontend,error_ratio,trace_server_error_ratio,0.0
1776462723.63,frontend,otel-demo.frontend-b78bf7696-77ldd.frontend,http_5xx_ratio,http_server_5xx_ratio,0.0
1776462723.63,frontend,otel-demo.frontend-b78bf7696-77ldd.frontend,request_count,trace_server_count,0.0
1776462723.63,frontend,otel-demo.frontend-b78bf7696-p9kqx.frontend,dependency_error_ratio,trace_client_error_ratio,0.0
1776462723.63,frontend,otel-demo.frontend-b78bf7696-p9kqx.frontend,error_ratio,trace_server_error_ratio,0.0
1776462723.63,frontend,otel-demo.frontend-b78bf7696-p9kqx.frontend,http_5xx_ratio,http_server_5xx_ratio,0.0
1776462723.63,frontend,otel-demo.frontend-b78bf7696-p9kqx.frontend,request_count,trace_server_count,0.0
1776462723.63,kafka,kafka-66df8bdf76-zjcbb,cpu_usage,container_cpu_usage,0.01329384761798169
1776462723.63,kafka,kafka-66df8bdf76-zjcbb,memory_usage,container_memory_working_set_bytes,666431488.0
1776462723.63,kafka,kafka::service,pod_restart_count,k8s_container_restarts,9.0
1776462723.63,kafka,kafka::service,pod_running_count,k8s_container_ready,1.0
1776462723.63,kafka,kafka::service,queue_lag,queue_size_ratio,0.0
1776462723.63,payment,otel-demo.payment-f9f8d647b-74h8z.payment,dependency_error_ratio,trace_client_error_ratio,0.0
1776462723.63,payment,otel-demo.payment-f9f8d647b-74h8z.payment,error_ratio,trace_server_error_ratio,0.0
1776462723.63,payment,otel-demo.payment-f9f8d647b-74h8z.payment,request_count,trace_server_count,0.0
1776462723.63,payment,otel-demo.payment-f9f8d647b-75hmx.payment,dependency_error_ratio,trace_client_error_ratio,0.0
1776462723.63,payment,otel-demo.payment-f9f8d647b-75hmx.payment,error_ratio,trace_server_error_ratio,0.0
1776462723.63,payment,otel-demo.payment-f9f8d647b-75hmx.payment,request_count,trace_server_count,0.0
1776462723.63,payment,otel-demo.payment-f9f8d647b-tv6l5.payment,dependency_error_ratio,trace_client_error_ratio,0.0
1776462723.63,payment,otel-demo.payment-f9f8d647b-tv6l5.payment,error_ratio,trace_server_error_ratio,0.0
1776462723.63,payment,otel-demo.payment-f9f8d647b-tv6l5.payment,request_count,trace_server_count,0.0
1776462723.63,payment,payment-f9f8d647b-74h8z,cpu_usage,container_cpu_usage,0.008470698124041923
1776462723.63,payment,payment-f9f8d647b-74h8z,memory_usage,container_memory_working_set_bytes,109322240.0
1776462723.63,payment,payment-f9f8d647b-75hmx,cpu_usage,container_cpu_usage,0.010576307806463976
1776462723.63,payment,payment-f9f8d647b-75hmx,memory_usage,container_memory_working_set_bytes,109158400.0
1776462723.63,payment,payment-f9f8d647b-tv6l5,cpu_usage,container_cpu_usage,0.005292050393619093
1776462723.63,payment,payment-f9f8d647b-tv6l5,memory_usage,container_memory_working_set_bytes,101023744.0
1776462723.63,payment,payment::service,pod_restart_count,k8s_container_restarts,39.0
1776462723.63,payment,payment::service,pod_running_count,k8s_container_ready,3.0
1776462723.63,product-catalog,otel-demo.product-catalog-784544475c-7crs7.product-catalog,dependency_error_ratio,trace_client_error_ratio,0.0
1776462723.63,product-catalog,otel-demo.product-catalog-784544475c-7crs7.product-catalog,error_ratio,trace_server_error_ratio,0.0
1776462723.63,product-catalog,otel-demo.product-catalog-784544475c-7crs7.product-catalog,request_count,trace_server_count,0.0
1776462723.63,product-catalog,otel-demo.product-catalog-784544475c-8skc7.product-catalog,dependency_error_ratio,trace_client_error_ratio,0.0
1776462723.63,product-catalog,otel-demo.product-catalog-784544475c-8skc7.product-catalog,error_ratio,trace_server_error_ratio,0.0
1776462723.63,product-catalog,otel-demo.product-catalog-784544475c-8skc7.product-catalog,request_count,trace_server_count,0.0
1776462723.63,product-catalog,otel-demo.product-catalog-784544475c-stwzc.product-catalog,dependency_error_ratio,trace_client_error_ratio,0.0
1776462723.63,product-catalog,otel-demo.product-catalog-784544475c-stwzc.product-catalog,error_ratio,trace_server_error_ratio,0.0
1776462723.63,product-catalog,otel-demo.product-catalog-784544475c-stwzc.product-catalog,request_count,trace_server_count,0.0
1776462723.63,product-catalog,product-catalog-784544475c-7crs7,cpu_usage,container_cpu_usage,0.02793824279200027
1776462723.63,product-catalog,product-catalog-784544475c-7crs7,memory_usage,container_memory_working_set_bytes,14917632.0
1776462723.63,product-catalog,product-catalog-784544475c-8skc7,cpu_usage,container_cpu_usage,0.0859964743784599
1776462723.63,product-catalog,product-catalog-784544475c-8skc7,memory_usage,container_memory_working_set_bytes,14749696.0
1776462723.63,product-catalog,product-catalog-784544475c-stwzc,cpu_usage,container_cpu_usage,0.000434096561186863
1776462723.63,product-catalog,product-catalog-784544475c-stwzc,memory_usage,container_memory_working_set_bytes,12595200.0
1776462723.63,product-catalog,product-catalog::service,pod_restart_count,k8s_container_restarts,37.0
1776462723.63,product-catalog,product-catalog::service,pod_running_count,k8s_container_ready,3.0
1776462723.63,recommendation,otel-demo.recommendation-5b46f7469c-g2rgb.recommendation,dependency_error_ratio,trace_client_error_ratio,0.0
1776462723.63,recommendation,otel-demo.recommendation-5b46f7469c-rjwxq.recommendation,dependency_error_ratio,trace_client_error_ratio,0.0
1776462723.63,recommendation,otel-demo.recommendation-5b46f7469c-rjwxq.recommendation,error_ratio,trace_server_error_ratio,0.0
1776462723.63,recommendation,otel-demo.recommendation-5b46f7469c-rjwxq.recommendation,request_count,trace_server_count,0.0
1776462723.63,recommendation,otel-demo.recommendation-5b46f7469c-t2fm9.recommendation,dependency_error_ratio,trace_client_error_ratio,0.0
1776462723.63,recommendation,otel-demo.recommendation-5b46f7469c-t2fm9.recommendation,error_ratio,trace_server_error_ratio,0.0
1776462723.63,recommendation,otel-demo.recommendation-5b46f7469c-t2fm9.recommendation,request_count,trace_server_count,0.0
1776462723.63,recommendation,recommendation-5b46f7469c-g2rgb,cpu_usage,container_cpu_usage,0.009415672993250445
1776462723.63,recommendation,recommendation-5b46f7469c-g2rgb,memory_usage,container_memory_working_set_bytes,46891008.0
1776462723.63,recommendation,recommendation-5b46f7469c-rjwxq,cpu_usage,container_cpu_usage,0.01687813159216442
1776462723.63,recommendation,recommendation-5b46f7469c-rjwxq,memory_usage,container_memory_working_set_bytes,47865856.0
1776462723.63,recommendation,recommendation-5b46f7469c-t2fm9,cpu_usage,container_cpu_usage,0.02681671379496222
1776462723.63,recommendation,recommendation-5b46f7469c-t2fm9,memory_usage,container_memory_working_set_bytes,52563968.0
1776462723.63,recommendation,recommendation::service,pod_restart_count,k8s_container_restarts,3.0
1776462723.63,recommendation,recommendation::service,pod_running_count,k8s_container_ready,3.0
1776462733.63,ad,3a8b9295-6ae2-4e8a-b9b0-a607d7fec0a4,dependency_error_ratio,trace_client_error_ratio,0.0
1776462733.63,ad,3a8b9295-6ae2-4e8a-b9b0-a607d7fec0a4,error_ratio,trace_server_error_ratio,0.0
1776462733.63,ad,3a8b9295-6ae2-4e8a-b9b0-a607d7fec0a4,request_count,trace_server_count,0.0
1776462733.63,ad,5680c7ee-584c-4353-b6d2-93bc605a0324,dependency_error_ratio,trace_client_error_ratio,0.0
1776462733.63,ad,5680c7ee-584c-4353-b6d2-93bc605a0324,error_ratio,trace_server_error_ratio,0.0
1776462733.63,ad,5680c7ee-584c-4353-b6d2-93bc605a0324,request_count,trace_server_count,0.0
1776462733.63,ad,9f9a3c1c-bd3f-40ea-8764-b59f1ebd2204,dependency_error_ratio,trace_client_error_ratio,0.0
1776462733.63,ad,ad-7fb5b4f859-52ks9,cpu_usage,container_cpu_usage,0.002614203337149913
1776462733.63,ad,ad-7fb5b4f859-52ks9,memory_usage,container_memory_working_set_bytes,260280320.0
1776462733.63,ad,ad-7fb5b4f859-rd4zw,cpu_usage,container_cpu_usage,0.001219997545807394
1776462733.63,ad,ad-7fb5b4f859-rd4zw,memory_usage,container_memory_working_set_bytes,238366720.0
1776462733.63,ad,ad-7fb5b4f859-zsstr,cpu_usage,container_cpu_usage,0.003967124908444132
1776462733.63,ad,ad-7fb5b4f859-zsstr,memory_usage,container_memory_working_set_bytes,261701632.0
1776462733.63,ad,ad::service,pod_restart_count,k8s_container_restarts,3.0
1776462733.63,ad,ad::service,pod_running_count,k8s_container_ready,3.0
1776462733.63,cart,cart-7c7496d7f-th7mc,cpu_usage,container_cpu_usage,0.05448825379208638
1776462733.63,cart,cart-7c7496d7f-th7mc,memory_usage,container_memory_working_set_bytes,62636032.0
1776462733.63,cart,cart::service,pod_restart_count,k8s_container_restarts,1.0
1776462733.63,cart,cart::service,pod_running_count,k8s_container_ready,1.0
1776462733.63,cart,f1f3afac-3031-4c18-925a-048232421d89,dependency_error_ratio,trace_client_error_ratio,0.0
1776462733.63,cart,f1f3afac-3031-4c18-925a-048232421d89,error_ratio,trace_server_error_ratio,0.0
1776462733.63,cart,f1f3afac-3031-4c18-925a-048232421d89,request_count,trace_server_count,0.0
1776462733.63,checkout,4755bdbd-5ad9-49fa-acb7-3a7dcb6a9277,dependency_error_ratio,trace_client_error_ratio,0.0
1776462733.63,checkout,4755bdbd-5ad9-49fa-acb7-3a7dcb6a9277,error_ratio,trace_server_error_ratio,0.0
1776462733.63,checkout,4755bdbd-5ad9-49fa-acb7-3a7dcb6a9277,request_count,trace_server_count,0.0
1776462733.63,checkout,bb49e6b9-109a-41b8-be66-ab2a38272474,dependency_error_ratio,trace_client_error_ratio,0.0
1776462733.63,checkout,bb49e6b9-109a-41b8-be66-ab2a38272474,error_ratio,trace_server_error_ratio,0.0
1776462733.63,checkout,bb49e6b9-109a-41b8-be66-ab2a38272474,request_count,trace_server_count,0.0
1776462733.63,checkout,bc5804df-6f63-4261-8788-8ecfe5481366,dependency_error_ratio,trace_client_error_ratio,0.0
1776462733.63,checkout,bc5804df-6f63-4261-8788-8ecfe5481366,error_ratio,trace_server_error_ratio,0.0
1776462733.63,checkout,bc5804df-6f63-4261-8788-8ecfe5481366,request_count,trace_server_count,0.0
1776462733.63,checkout,checkout-7f4ccfc547-6crwh,cpu_usage,container_cpu_usage,0.09949926106640905
1776462733.63,checkout,checkout-7f4ccfc547-6crwh,memory_usage,container_memory_working_set_bytes,14774272.0
1776462733.63,checkout,checkout-7f4ccfc547-ftx2n,cpu_usage,container_cpu_usage,0.0004946973830933002
1776462733.63,checkout,checkout-7f4ccfc547-ftx2n,memory_usage,container_memory_working_set_bytes,12075008.0
1776462733.63,checkout,checkout-7f4ccfc547-qlfgr,cpu_usage,container_cpu_usage,0.04548004635329953
1776462733.63,checkout,checkout-7f4ccfc547-qlfgr,memory_usage,container_memory_working_set_bytes,14680064.0
1776462733.63,checkout,checkout::service,pod_restart_count,k8s_container_restarts,45.0
1776462733.63,checkout,checkout::service,pod_running_count,k8s_container_ready,3.0
1776462733.63,email,email-5dcf48b665-66zvj,cpu_usage,container_cpu_usage,0.011012354651162848
1776462733.63,email,email-5dcf48b665-66zvj,memory_usage,container_memory_working_set_bytes,59723776.0
1776462733.63,email,email-5dcf48b665-9xxmx,cpu_usage,container_cpu_usage,0.0003669611374804729
1776462733.63,email,email-5dcf48b665-9xxmx,memory_usage,container_memory_working_set_bytes,56467456.0
1776462733.63,email,email-5dcf48b665-n4zf2,cpu_usage,container_cpu_usage,0.005032615761807763
1776462733.63,email,email-5dcf48b665-n4zf2,memory_usage,container_memory_working_set_bytes,54583296.0
1776462733.63,email,email::service,pod_restart_count,k8s_container_restarts,9.0
1776462733.63,email,email::service,pod_running_count,k8s_container_ready,3.0
1776462733.63,email,otel-demo.email-5dcf48b665-66zvj.email,error_ratio,trace_server_error_ratio,0.0
1776462733.63,email,otel-demo.email-5dcf48b665-66zvj.email,request_count,trace_server_count,0.0
1776462733.63,email,otel-demo.email-5dcf48b665-9xxmx.email,error_ratio,trace_server_error_ratio,0.0
1776462733.63,email,otel-demo.email-5dcf48b665-9xxmx.email,request_count,trace_server_count,0.0
1776462733.63,email,otel-demo.email-5dcf48b665-n4zf2.email,error_ratio,trace_server_error_ratio,0.0
1776462733.63,email,otel-demo.email-5dcf48b665-n4zf2.email,request_count,trace_server_count,0.0
1776462733.63,frontend,frontend-b78bf7696-6bjdg,cpu_usage,container_cpu_usage,0.04632017499998256
1776462733.63,frontend,frontend-b78bf7696-6bjdg,memory_usage,container_memory_working_set_bytes,117764096.0
1776462733.63,frontend,frontend-b78bf7696-77ldd,cpu_usage,container_cpu_usage,0.09209629557796883
1776462733.63,frontend,frontend-b78bf7696-77ldd,memory_usage,container_memory_working_set_bytes,105725952.0
1776462733.63,frontend,frontend-b78bf7696-p9kqx,cpu_usage,container_cpu_usage,0.07484096005817986
1776462733.63,frontend,frontend-b78bf7696-p9kqx,memory_usage,container_memory_working_set_bytes,118157312.0
1776462733.63,frontend,frontend::service,pod_restart_count,k8s_container_restarts,3.0
1776462733.63,frontend,frontend::service,pod_running_count,k8s_container_ready,3.0
1776462733.63,frontend,otel-demo.frontend-b78bf7696-6bjdg.frontend,dependency_error_ratio,trace_client_error_ratio,0.0
1776462733.63,frontend,otel-demo.frontend-b78bf7696-6bjdg.frontend,error_ratio,trace_server_error_ratio,0.0
1776462733.63,frontend,otel-demo.frontend-b78bf7696-6bjdg.frontend,http_5xx_ratio,http_server_5xx_ratio,0.0
1776462733.63,frontend,otel-demo.frontend-b78bf7696-6bjdg.frontend,request_count,trace_server_count,0.0
1776462733.63,frontend,otel-demo.frontend-b78bf7696-77ldd.frontend,dependency_error_ratio,trace_client_error_ratio,0.0
1776462733.63,frontend,otel-demo.frontend-b78bf7696-77ldd.frontend,error_ratio,trace_server_error_ratio,0.0
1776462733.63,frontend,otel-demo.frontend-b78bf7696-77ldd.frontend,http_5xx_ratio,http_server_5xx_ratio,0.0
1776462733.63,frontend,otel-demo.frontend-b78bf7696-77ldd.frontend,request_count,trace_server_count,0.0
1776462733.63,frontend,otel-demo.frontend-b78bf7696-p9kqx.frontend,dependency_error_ratio,trace_client_error_ratio,0.0
1776462733.63,frontend,otel-demo.frontend-b78bf7696-p9kqx.frontend,error_ratio,trace_server_error_ratio,0.0
1776462733.63,frontend,otel-demo.frontend-b78bf7696-p9kqx.frontend,http_5xx_ratio,http_server_5xx_ratio,0.0
1776462733.63,frontend,otel-demo.frontend-b78bf7696-p9kqx.frontend,request_count,trace_server_count,0.0
1776462733.63,kafka,kafka-66df8bdf76-zjcbb,cpu_usage,container_cpu_usage,0.013716817574589011
1776462733.63,kafka,kafka-66df8bdf76-zjcbb,memory_usage,container_memory_working_set_bytes,666443776.0
1776462733.63,kafka,kafka::service,pod_restart_count,k8s_container_restarts,9.0
1776462733.63,kafka,kafka::service,pod_running_count,k8s_container_ready,1.0
1776462733.63,kafka,kafka::service,queue_lag,queue_size_ratio,0.0
1776462733.63,payment,otel-demo.payment-f9f8d647b-74h8z.payment,dependency_error_ratio,trace_client_error_ratio,0.0
1776462733.63,payment,otel-demo.payment-f9f8d647b-74h8z.payment,error_ratio,trace_server_error_ratio,0.0
1776462733.63,payment,otel-demo.payment-f9f8d647b-74h8z.payment,request_count,trace_server_count,0.0
1776462733.63,payment,otel-demo.payment-f9f8d647b-75hmx.payment,dependency_error_ratio,trace_client_error_ratio,0.0
1776462733.63,payment,otel-demo.payment-f9f8d647b-75hmx.payment,error_ratio,trace_server_error_ratio,0.0
1776462733.63,payment,otel-demo.payment-f9f8d647b-75hmx.payment,request_count,trace_server_count,0.0
1776462733.63,payment,otel-demo.payment-f9f8d647b-tv6l5.payment,dependency_error_ratio,trace_client_error_ratio,0.0
1776462733.63,payment,otel-demo.payment-f9f8d647b-tv6l5.payment,error_ratio,trace_server_error_ratio,0.0
1776462733.63,payment,otel-demo.payment-f9f8d647b-tv6l5.payment,request_count,trace_server_count,0.0
1776462733.63,payment,payment-f9f8d647b-74h8z,cpu_usage,container_cpu_usage,0.010273981680907145
1776462733.63,payment,payment-f9f8d647b-74h8z,memory_usage,container_memory_working_set_bytes,109322240.0
1776462733.63,payment,payment-f9f8d647b-75hmx,cpu_usage,container_cpu_usage,0.011296957983193221
1776462733.63,payment,payment-f9f8d647b-75hmx,memory_usage,container_memory_working_set_bytes,109154304.0
1776462733.63,payment,payment-f9f8d647b-tv6l5,cpu_usage,container_cpu_usage,0.006895730027548093
1776462733.63,payment,payment-f9f8d647b-tv6l5,memory_usage,container_memory_working_set_bytes,101027840.0
1776462733.63,payment,payment::service,pod_restart_count,k8s_container_restarts,39.0
1776462733.63,payment,payment::service,pod_running_count,k8s_container_ready,3.0
1776462733.63,product-catalog,otel-demo.product-catalog-784544475c-7crs7.product-catalog,dependency_error_ratio,trace_client_error_ratio,0.0
1776462733.63,product-catalog,otel-demo.product-catalog-784544475c-7crs7.product-catalog,error_ratio,trace_server_error_ratio,0.0
1776462733.63,product-catalog,otel-demo.product-catalog-784544475c-7crs7.product-catalog,request_count,trace_server_count,0.0
1776462733.63,product-catalog,otel-demo.product-catalog-784544475c-8skc7.product-catalog,dependency_error_ratio,trace_client_error_ratio,0.0
1776462733.63,product-catalog,otel-demo.product-catalog-784544475c-8skc7.product-catalog,error_ratio,trace_server_error_ratio,0.0
1776462733.63,product-catalog,otel-demo.product-catalog-784544475c-8skc7.product-catalog,request_count,trace_server_count,0.0
1776462733.63,product-catalog,otel-demo.product-catalog-784544475c-stwzc.product-catalog,dependency_error_ratio,trace_client_error_ratio,0.0
1776462733.63,product-catalog,otel-demo.product-catalog-784544475c-stwzc.product-catalog,error_ratio,trace_server_error_ratio,0.0
1776462733.63,product-catalog,otel-demo.product-catalog-784544475c-stwzc.product-catalog,request_count,trace_server_count,0.0
1776462733.63,product-catalog,product-catalog-784544475c-7crs7,cpu_usage,container_cpu_usage,0.03062494576452877
1776462733.63,product-catalog,product-catalog-784544475c-7crs7,memory_usage,container_memory_working_set_bytes,14917632.0
1776462733.63,product-catalog,product-catalog-784544475c-8skc7,cpu_usage,container_cpu_usage,0.06879957730212546
1776462733.63,product-catalog,product-catalog-784544475c-8skc7,memory_usage,container_memory_working_set_bytes,15462400.0
1776462733.63,product-catalog,product-catalog-784544475c-stwzc,cpu_usage,container_cpu_usage,0.000434096561186863
1776462733.63,product-catalog,product-catalog-784544475c-stwzc,memory_usage,container_memory_working_set_bytes,12595200.0
1776462733.63,product-catalog,product-catalog::service,pod_restart_count,k8s_container_restarts,37.0
1776462733.63,product-catalog,product-catalog::service,pod_running_count,k8s_container_ready,3.0
1776462733.63,recommendation,otel-demo.recommendation-5b46f7469c-g2rgb.recommendation,dependency_error_ratio,trace_client_error_ratio,0.0
1776462733.63,recommendation,otel-demo.recommendation-5b46f7469c-rjwxq.recommendation,dependency_error_ratio,trace_client_error_ratio,0.0
1776462733.63,recommendation,otel-demo.recommendation-5b46f7469c-rjwxq.recommendation,error_ratio,trace_server_error_ratio,0.0
1776462733.63,recommendation,otel-demo.recommendation-5b46f7469c-rjwxq.recommendation,request_count,trace_server_count,0.0
1776462733.63,recommendation,otel-demo.recommendation-5b46f7469c-t2fm9.recommendation,dependency_error_ratio,trace_client_error_ratio,0.0
1776462733.63,recommendation,otel-demo.recommendation-5b46f7469c-t2fm9.recommendation,error_ratio,trace_server_error_ratio,0.0
1776462733.63,recommendation,otel-demo.recommendation-5b46f7469c-t2fm9.recommendation,request_count,trace_server_count,0.0
1776462733.63,recommendation,recommendation-5b46f7469c-g2rgb,cpu_usage,container_cpu_usage,0.00925787135749802
1776462733.63,recommendation,recommendation-5b46f7469c-g2rgb,memory_usage,container_memory_working_set_bytes,46891008.0
1776462733.63,recommendation,recommendation-5b46f7469c-rjwxq,cpu_usage,container_cpu_usage,0.016378934702737713
1776462733.63,recommendation,recommendation-5b46f7469c-rjwxq,memory_usage,container_memory_working_set_bytes,47865856.0
1776462733.63,recommendation,recommendation-5b46f7469c-t2fm9,cpu_usage,container_cpu_usage,0.022328982220147984
1776462733.63,recommendation,recommendation-5b46f7469c-t2fm9,memory_usage,container_memory_working_set_bytes,52596736.0
1776462733.63,recommendation,recommendation::service,pod_restart_count,k8s_container_restarts,3.0
1776462733.63,recommendation,recommendation::service,pod_running_count,k8s_container_ready,3.0
1776462743.63,ad,3a8b9295-6ae2-4e8a-b9b0-a607d7fec0a4,dependency_error_ratio,trace_client_error_ratio,0.0
1776462743.63,ad,3a8b9295-6ae2-4e8a-b9b0-a607d7fec0a4,error_ratio,trace_server_error_ratio,0.0
1776462743.63,ad,3a8b9295-6ae2-4e8a-b9b0-a607d7fec0a4,request_count,trace_server_count,0.0
1776462743.63,ad,5680c7ee-584c-4353-b6d2-93bc605a0324,dependency_error_ratio,trace_client_error_ratio,0.0
1776462743.63,ad,5680c7ee-584c-4353-b6d2-93bc605a0324,error_ratio,trace_server_error_ratio,0.0
1776462743.63,ad,5680c7ee-584c-4353-b6d2-93bc605a0324,request_count,trace_server_count,0.0
1776462743.63,ad,9f9a3c1c-bd3f-40ea-8764-b59f1ebd2204,dependency_error_ratio,trace_client_error_ratio,0.0
1776462743.63,ad,ad-7fb5b4f859-52ks9,cpu_usage,container_cpu_usage,0.0028033791618382073
1776462743.63,ad,ad-7fb5b4f859-52ks9,memory_usage,container_memory_working_set_bytes,260280320.0
1776462743.63,ad,ad-7fb5b4f859-rd4zw,cpu_usage,container_cpu_usage,0.0011557139974472319
1776462743.63,ad,ad-7fb5b4f859-rd4zw,memory_usage,container_memory_working_set_bytes,238366720.0
1776462743.63,ad,ad-7fb5b4f859-zsstr,cpu_usage,container_cpu_usage,0.0031768405673078233
1776462743.63,ad,ad-7fb5b4f859-zsstr,memory_usage,container_memory_working_set_bytes,261701632.0
1776462743.63,ad,ad::service,pod_restart_count,k8s_container_restarts,3.0
1776462743.63,ad,ad::service,pod_running_count,k8s_container_ready,3.0
1776462743.63,cart,cart-7c7496d7f-th7mc,cpu_usage,container_cpu_usage,0.058842715198416565
1776462743.63,cart,cart-7c7496d7f-th7mc,memory_usage,container_memory_working_set_bytes,63016960.0
1776462743.63,cart,cart::service,pod_restart_count,k8s_container_restarts,1.0
1776462743.63,cart,cart::service,pod_running_count,k8s_container_ready,1.0
1776462743.63,cart,f1f3afac-3031-4c18-925a-048232421d89,dependency_error_ratio,trace_client_error_ratio,0.0
1776462743.63,cart,f1f3afac-3031-4c18-925a-048232421d89,error_ratio,trace_server_error_ratio,0.0
1776462743.63,cart,f1f3afac-3031-4c18-925a-048232421d89,request_count,trace_server_count,0.0
1776462743.63,checkout,4755bdbd-5ad9-49fa-acb7-3a7dcb6a9277,dependency_error_ratio,trace_client_error_ratio,0.0
1776462743.63,checkout,4755bdbd-5ad9-49fa-acb7-3a7dcb6a9277,error_ratio,trace_server_error_ratio,0.0
1776462743.63,checkout,4755bdbd-5ad9-49fa-acb7-3a7dcb6a9277,request_count,trace_server_count,0.0
1776462743.63,checkout,bb49e6b9-109a-41b8-be66-ab2a38272474,dependency_error_ratio,trace_client_error_ratio,0.0
1776462743.63,checkout,bb49e6b9-109a-41b8-be66-ab2a38272474,error_ratio,trace_server_error_ratio,0.0
1776462743.63,checkout,bb49e6b9-109a-41b8-be66-ab2a38272474,request_count,trace_server_count,0.0
1776462743.63,checkout,bc5804df-6f63-4261-8788-8ecfe5481366,dependency_error_ratio,trace_client_error_ratio,0.0
1776462743.63,checkout,bc5804df-6f63-4261-8788-8ecfe5481366,error_ratio,trace_server_error_ratio,0.0
1776462743.63,checkout,bc5804df-6f63-4261-8788-8ecfe5481366,request_count,trace_server_count,0.0
1776462743.63,checkout,checkout-7f4ccfc547-6crwh,cpu_usage,container_cpu_usage,0.11480889357218096
1776462743.63,checkout,checkout-7f4ccfc547-6crwh,memory_usage,container_memory_working_set_bytes,16269312.0
1776462743.63,checkout,checkout-7f4ccfc547-ftx2n,cpu_usage,container_cpu_usage,0.0005689945073422303
1776462743.63,checkout,checkout-7f4ccfc547-ftx2n,memory_usage,container_memory_working_set_bytes,12075008.0
1776462743.63,checkout,checkout-7f4ccfc547-qlfgr,cpu_usage,container_cpu_usage,0.04548004635329953
1776462743.63,checkout,checkout-7f4ccfc547-qlfgr,memory_usage,container_memory_working_set_bytes,14680064.0
1776462743.63,checkout,checkout::service,pod_restart_count,k8s_container_restarts,45.0
1776462743.63,checkout,checkout::service,pod_running_count,k8s_container_ready,3.0
1776462743.63,email,email-5dcf48b665-66zvj,cpu_usage,container_cpu_usage,0.011012354651162848
1776462743.63,email,email-5dcf48b665-66zvj,memory_usage,container_memory_working_set_bytes,59723776.0
1776462743.63,email,email-5dcf48b665-9xxmx,cpu_usage,container_cpu_usage,0.0006759123457856353
1776462743.63,email,email-5dcf48b665-9xxmx,memory_usage,container_memory_working_set_bytes,56598528.0
1776462743.63,email,email-5dcf48b665-n4zf2,cpu_usage,container_cpu_usage,0.0071529629052710965
1776462743.63,email,email-5dcf48b665-n4zf2,memory_usage,container_memory_working_set_bytes,54616064.0
1776462743.63,email,email::service,pod_restart_count,k8s_container_restarts,9.0
1776462743.63,email,email::service,pod_running_count,k8s_container_ready,3.0
1776462743.63,email,otel-demo.email-5dcf48b665-66zvj.email,error_ratio,trace_server_error_ratio,0.0
1776462743.63,email,otel-demo.email-5dcf48b665-66zvj.email,request_count,trace_server_count,0.0
1776462743.63,email,otel-demo.email-5dcf48b665-9xxmx.email,error_ratio,trace_server_error_ratio,0.0
1776462743.63,email,otel-demo.email-5dcf48b665-9xxmx.email,request_count,trace_server_count,0.0
1776462743.63,email,otel-demo.email-5dcf48b665-n4zf2.email,error_ratio,trace_server_error_ratio,0.0
1776462743.63,email,otel-demo.email-5dcf48b665-n4zf2.email,request_count,trace_server_count,0.0
1776462743.63,frontend,frontend-b78bf7696-6bjdg,cpu_usage,container_cpu_usage,0.07557710395169266
1776462743.63,frontend,frontend-b78bf7696-6bjdg,memory_usage,container_memory_working_set_bytes,118939648.0
1776462743.63,frontend,frontend-b78bf7696-77ldd,cpu_usage,container_cpu_usage,0.10135257197161583
1776462743.63,frontend,frontend-b78bf7696-77ldd,memory_usage,container_memory_working_set_bytes,106266624.0
1776462743.63,frontend,frontend-b78bf7696-p9kqx,cpu_usage,container_cpu_usage,0.08744492368944477
1776462743.63,frontend,frontend-b78bf7696-p9kqx,memory_usage,container_memory_working_set_bytes,118157312.0
1776462743.63,frontend,frontend::service,pod_restart_count,k8s_container_restarts,3.0
1776462743.63,frontend,frontend::service,pod_running_count,k8s_container_ready,3.0
1776462743.63,frontend,otel-demo.frontend-b78bf7696-6bjdg.frontend,dependency_error_ratio,trace_client_error_ratio,0.0
1776462743.63,frontend,otel-demo.frontend-b78bf7696-6bjdg.frontend,error_ratio,trace_server_error_ratio,0.0
1776462743.63,frontend,otel-demo.frontend-b78bf7696-6bjdg.frontend,http_5xx_ratio,http_server_5xx_ratio,0.0
1776462743.63,frontend,otel-demo.frontend-b78bf7696-6bjdg.frontend,request_count,trace_server_count,0.0
1776462743.63,frontend,otel-demo.frontend-b78bf7696-77ldd.frontend,dependency_error_ratio,trace_client_error_ratio,0.0
1776462743.63,frontend,otel-demo.frontend-b78bf7696-77ldd.frontend,error_ratio,trace_server_error_ratio,0.0
1776462743.63,frontend,otel-demo.frontend-b78bf7696-77ldd.frontend,http_5xx_ratio,http_server_5xx_ratio,0.0
1776462743.63,frontend,otel-demo.frontend-b78bf7696-77ldd.frontend,request_count,trace_server_count,0.0
1776462743.63,frontend,otel-demo.frontend-b78bf7696-p9kqx.frontend,dependency_error_ratio,trace_client_error_ratio,0.0
1776462743.63,frontend,otel-demo.frontend-b78bf7696-p9kqx.frontend,error_ratio,trace_server_error_ratio,0.0
1776462743.63,frontend,otel-demo.frontend-b78bf7696-p9kqx.frontend,http_5xx_ratio,http_server_5xx_ratio,0.0
1776462743.63,frontend,otel-demo.frontend-b78bf7696-p9kqx.frontend,request_count,trace_server_count,0.0
1776462743.63,kafka,kafka-66df8bdf76-zjcbb,cpu_usage,container_cpu_usage,0.013962592660382456
1776462743.63,kafka,kafka-66df8bdf76-zjcbb,memory_usage,container_memory_working_set_bytes,666480640.0
1776462743.63,kafka,kafka::service,pod_restart_count,k8s_container_restarts,9.0
1776462743.63,kafka,kafka::service,pod_running_count,k8s_container_ready,1.0
1776462743.63,kafka,kafka::service,queue_lag,queue_size_ratio,0.0
1776462743.63,payment,otel-demo.payment-f9f8d647b-74h8z.payment,dependency_error_ratio,trace_client_error_ratio,0.0
1776462743.63,payment,otel-demo.payment-f9f8d647b-74h8z.payment,error_ratio,trace_server_error_ratio,0.0
1776462743.63,payment,otel-demo.payment-f9f8d647b-74h8z.payment,request_count,trace_server_count,0.0
1776462743.63,payment,otel-demo.payment-f9f8d647b-75hmx.payment,dependency_error_ratio,trace_client_error_ratio,0.0
1776462743.63,payment,otel-demo.payment-f9f8d647b-75hmx.payment,error_ratio,trace_server_error_ratio,0.0
1776462743.63,payment,otel-demo.payment-f9f8d647b-75hmx.payment,request_count,trace_server_count,0.0
1776462743.63,payment,otel-demo.payment-f9f8d647b-tv6l5.payment,dependency_error_ratio,trace_client_error_ratio,0.0
1776462743.63,payment,otel-demo.payment-f9f8d647b-tv6l5.payment,error_ratio,trace_server_error_ratio,0.0
1776462743.63,payment,otel-demo.payment-f9f8d647b-tv6l5.payment,request_count,trace_server_count,0.0
1776462743.63,payment,payment-f9f8d647b-74h8z,cpu_usage,container_cpu_usage,0.010243675861083185
1776462743.63,payment,payment-f9f8d647b-74h8z,memory_usage,container_memory_working_set_bytes,109326336.0
1776462743.63,payment,payment-f9f8d647b-75hmx,cpu_usage,container_cpu_usage,0.011954638180262508
1776462743.63,payment,payment-f9f8d647b-75hmx,memory_usage,container_memory_working_set_bytes,109154304.0
1776462743.63,payment,payment-f9f8d647b-tv6l5,cpu_usage,container_cpu_usage,0.0068280903316006916
1776462743.63,payment,payment-f9f8d647b-tv6l5,memory_usage,container_memory_working_set_bytes,101027840.0
1776462743.63,payment,payment::service,pod_restart_count,k8s_container_restarts,39.0
1776462743.63,payment,payment::service,pod_running_count,k8s_container_ready,3.0
1776462743.63,product-catalog,otel-demo.product-catalog-784544475c-7crs7.product-catalog,dependency_error_ratio,trace_client_error_ratio,0.0
1776462743.63,product-catalog,otel-demo.product-catalog-784544475c-7crs7.product-catalog,error_ratio,trace_server_error_ratio,0.0
1776462743.63,product-catalog,otel-demo.product-catalog-784544475c-7crs7.product-catalog,request_count,trace_server_count,0.0
1776462743.63,product-catalog,otel-demo.product-catalog-784544475c-8skc7.product-catalog,dependency_error_ratio,trace_client_error_ratio,0.0
1776462743.63,product-catalog,otel-demo.product-catalog-784544475c-8skc7.product-catalog,error_ratio,trace_server_error_ratio,0.0
1776462743.63,product-catalog,otel-demo.product-catalog-784544475c-8skc7.product-catalog,request_count,trace_server_count,0.0
1776462743.63,product-catalog,otel-demo.product-catalog-784544475c-stwzc.product-catalog,dependency_error_ratio,trace_client_error_ratio,0.0
1776462743.63,product-catalog,otel-demo.product-catalog-784544475c-stwzc.product-catalog,error_ratio,trace_server_error_ratio,0.0
1776462743.63,product-catalog,otel-demo.product-catalog-784544475c-stwzc.product-catalog,request_count,trace_server_count,0.0
1776462743.63,product-catalog,product-catalog-784544475c-7crs7,cpu_usage,container_cpu_usage,0.03018661039178103
1776462743.63,product-catalog,product-catalog-784544475c-7crs7,memory_usage,container_memory_working_set_bytes,15400960.0
1776462743.63,product-catalog,product-catalog-784544475c-8skc7,cpu_usage,container_cpu_usage,0.08470681040635157
1776462743.63,product-catalog,product-catalog-784544475c-8skc7,memory_usage,container_memory_working_set_bytes,15462400.0
1776462743.63,product-catalog,product-catalog-784544475c-stwzc,cpu_usage,container_cpu_usage,0.00044550226321269916
1776462743.63,product-catalog,product-catalog-784544475c-stwzc,memory_usage,container_memory_working_set_bytes,12595200.0
1776462743.63,product-catalog,product-catalog::service,pod_restart_count,k8s_container_restarts,37.0
1776462743.63,product-catalog,product-catalog::service,pod_running_count,k8s_container_ready,3.0
1776462743.63,recommendation,otel-demo.recommendation-5b46f7469c-g2rgb.recommendation,dependency_error_ratio,trace_client_error_ratio,0.0
1776462743.63,recommendation,otel-demo.recommendation-5b46f7469c-rjwxq.recommendation,dependency_error_ratio,trace_client_error_ratio,0.0
1776462743.63,recommendation,otel-demo.recommendation-5b46f7469c-rjwxq.recommendation,error_ratio,trace_server_error_ratio,0.0
1776462743.63,recommendation,otel-demo.recommendation-5b46f7469c-rjwxq.recommendation,request_count,trace_server_count,0.0
1776462743.63,recommendation,otel-demo.recommendation-5b46f7469c-t2fm9.recommendation,dependency_error_ratio,trace_client_error_ratio,0.0
1776462743.63,recommendation,otel-demo.recommendation-5b46f7469c-t2fm9.recommendation,error_ratio,trace_server_error_ratio,0.0
1776462743.63,recommendation,otel-demo.recommendation-5b46f7469c-t2fm9.recommendation,request_count,trace_server_count,0.0
1776462743.63,recommendation,recommendation-5b46f7469c-g2rgb,cpu_usage,container_cpu_usage,0.010035066225930735
1776462743.63,recommendation,recommendation-5b46f7469c-g2rgb,memory_usage,container_memory_working_set_bytes,46891008.0
1776462743.63,recommendation,recommendation-5b46f7469c-rjwxq,cpu_usage,container_cpu_usage,0.016378934702737713
1776462743.63,recommendation,recommendation-5b46f7469c-rjwxq,memory_usage,container_memory_working_set_bytes,47865856.0
1776462743.63,recommendation,recommendation-5b46f7469c-t2fm9,cpu_usage,container_cpu_usage,0.027765890691098763
1776462743.63,recommendation,recommendation-5b46f7469c-t2fm9,memory_usage,container_memory_working_set_bytes,52596736.0
1776462743.63,recommendation,recommendation::service,pod_restart_count,k8s_container_restarts,3.0
1776462743.63,recommendation,recommendation::service,pod_running_count,k8s_container_ready,3.0
1776462753.63,ad,3a8b9295-6ae2-4e8a-b9b0-a607d7fec0a4,dependency_error_ratio,trace_client_error_ratio,0.0
1776462753.63,ad,3a8b9295-6ae2-4e8a-b9b0-a607d7fec0a4,error_ratio,trace_server_error_ratio,0.0
1776462753.63,ad,3a8b9295-6ae2-4e8a-b9b0-a607d7fec0a4,latency_p95,trace_server_latency_p95,1.9612903225806448
1776462753.63,ad,3a8b9295-6ae2-4e8a-b9b0-a607d7fec0a4,request_count,trace_server_count,9.6
1776462753.63,ad,5680c7ee-584c-4353-b6d2-93bc605a0324,dependency_error_ratio,trace_client_error_ratio,0.0
1776462753.63,ad,5680c7ee-584c-4353-b6d2-93bc605a0324,error_ratio,trace_server_error_ratio,0.0
1776462753.63,ad,5680c7ee-584c-4353-b6d2-93bc605a0324,latency_p95,trace_server_latency_p95,2.2249999999999943
1776462753.63,ad,5680c7ee-584c-4353-b6d2-93bc605a0324,request_count,trace_server_count,20.2
1776462753.63,ad,9f9a3c1c-bd3f-40ea-8764-b59f1ebd2204,dependency_error_ratio,trace_client_error_ratio,0.0
1776462753.63,ad,ad-7fb5b4f859-52ks9,cpu_usage,container_cpu_usage,0.0027505984126383254
1776462753.63,ad,ad-7fb5b4f859-52ks9,memory_usage,container_memory_working_set_bytes,260313088.0
1776462753.63,ad,ad-7fb5b4f859-rd4zw,cpu_usage,container_cpu_usage,0.0011343919442272
1776462753.63,ad,ad-7fb5b4f859-rd4zw,memory_usage,container_memory_working_set_bytes,238366720.0
1776462753.63,ad,ad-7fb5b4f859-zsstr,cpu_usage,container_cpu_usage,0.0034991372310180725
1776462753.63,ad,ad-7fb5b4f859-zsstr,memory_usage,container_memory_working_set_bytes,261701632.0
1776462753.63,ad,ad::service,pod_restart_count,k8s_container_restarts,3.0
1776462753.63,ad,ad::service,pod_running_count,k8s_container_ready,3.0
1776462753.63,cart,cart-7c7496d7f-th7mc,cpu_usage,container_cpu_usage,0.05788788666631162
1776462753.63,cart,cart-7c7496d7f-th7mc,memory_usage,container_memory_working_set_bytes,63016960.0
1776462753.63,cart,cart::service,pod_restart_count,k8s_container_restarts,1.0
1776462753.63,cart,cart::service,pod_running_count,k8s_container_ready,1.0
1776462753.63,cart,f1f3afac-3031-4c18-925a-048232421d89,dependency_error_ratio,trace_client_error_ratio,0.0
1776462753.63,cart,f1f3afac-3031-4c18-925a-048232421d89,error_ratio,trace_server_error_ratio,0.0
1776462753.63,cart,f1f3afac-3031-4c18-925a-048232421d89,latency_p95,trace_server_latency_p95,2.2481927710843363
1776462753.63,cart,f1f3afac-3031-4c18-925a-048232421d89,request_count,trace_server_count,175.4
1776462753.63,checkout,4755bdbd-5ad9-49fa-acb7-3a7dcb6a9277,dependency_error_ratio,trace_client_error_ratio,0.0
1776462753.63,checkout,4755bdbd-5ad9-49fa-acb7-3a7dcb6a9277,error_ratio,trace_server_error_ratio,0.0
1776462753.63,checkout,4755bdbd-5ad9-49fa-acb7-3a7dcb6a9277,latency_p95,trace_server_latency_p95,439.9999999999994
1776462753.63,checkout,4755bdbd-5ad9-49fa-acb7-3a7dcb6a9277,request_count,trace_server_count,12.6
1776462753.63,checkout,bb49e6b9-109a-41b8-be66-ab2a38272474,dependency_error_ratio,trace_client_error_ratio,0.0
1776462753.63,checkout,bb49e6b9-109a-41b8-be66-ab2a38272474,error_ratio,trace_server_error_ratio,0.0
1776462753.63,checkout,bb49e6b9-109a-41b8-be66-ab2a38272474,request_count,trace_server_count,0.0
1776462753.63,checkout,bc5804df-6f63-4261-8788-8ecfe5481366,dependency_error_ratio,trace_client_error_ratio,0.0
1776462753.63,checkout,bc5804df-6f63-4261-8788-8ecfe5481366,error_ratio,trace_server_error_ratio,0.0
1776462753.63,checkout,bc5804df-6f63-4261-8788-8ecfe5481366,latency_p95,trace_server_latency_p95,49.6764705882353
1776462753.63,checkout,bc5804df-6f63-4261-8788-8ecfe5481366,request_count,trace_server_count,7.1
1776462753.63,checkout,checkout-7f4ccfc547-6crwh,cpu_usage,container_cpu_usage,0.11214976809405604
1776462753.63,checkout,checkout-7f4ccfc547-6crwh,memory_usage,container_memory_working_set_bytes,16269312.0
1776462753.63,checkout,checkout-7f4ccfc547-ftx2n,cpu_usage,container_cpu_usage,0.0004913206902443141
1776462753.63,checkout,checkout-7f4ccfc547-ftx2n,memory_usage,container_memory_working_set_bytes,12075008.0
1776462753.63,checkout,checkout-7f4ccfc547-qlfgr,cpu_usage,container_cpu_usage,0.048598366707685206
1776462753.63,checkout,checkout-7f4ccfc547-qlfgr,memory_usage,container_memory_working_set_bytes,14696448.0
1776462753.63,checkout,checkout::service,pod_restart_count,k8s_container_restarts,45.0
1776462753.63,checkout,checkout::service,pod_running_count,k8s_container_ready,3.0
1776462753.63,email,email-5dcf48b665-66zvj,cpu_usage,container_cpu_usage,0.011390094350294795
1776462753.63,email,email-5dcf48b665-66zvj,memory_usage,container_memory_working_set_bytes,59740160.0
1776462753.63,email,email-5dcf48b665-9xxmx,cpu_usage,container_cpu_usage,0.0006759123457856353
1776462753.63,email,email-5dcf48b665-9xxmx,memory_usage,container_memory_working_set_bytes,56598528.0
1776462753.63,email,email-5dcf48b665-n4zf2,cpu_usage,container_cpu_usage,0.0071529629052710965
1776462753.63,email,email-5dcf48b665-n4zf2,memory_usage,container_memory_working_set_bytes,54616064.0
1776462753.63,email,email::service,pod_restart_count,k8s_container_restarts,9.0
1776462753.63,email,email::service,pod_running_count,k8s_container_ready,3.0
1776462753.63,email,otel-demo.email-5dcf48b665-66zvj.email,error_ratio,trace_server_error_ratio,0.0
1776462753.63,email,otel-demo.email-5dcf48b665-66zvj.email,latency_p95,trace_server_latency_p95,5.933333333333334
1776462753.63,email,otel-demo.email-5dcf48b665-66zvj.email,request_count,trace_server_count,15.2
1776462753.63,email,otel-demo.email-5dcf48b665-9xxmx.email,error_ratio,trace_server_error_ratio,0.0
1776462753.63,email,otel-demo.email-5dcf48b665-9xxmx.email,latency_p95,trace_server_latency_p95,3.9
1776462753.63,email,otel-demo.email-5dcf48b665-9xxmx.email,request_count,trace_server_count,0.1
1776462753.63,email,otel-demo.email-5dcf48b665-n4zf2.email,error_ratio,trace_server_error_ratio,0.0
1776462753.63,email,otel-demo.email-5dcf48b665-n4zf2.email,latency_p95,trace_server_latency_p95,4.859999999999999
1776462753.63,email,otel-demo.email-5dcf48b665-n4zf2.email,request_count,trace_server_count,5.7
1776462753.63,frontend,frontend-b78bf7696-6bjdg,cpu_usage,container_cpu_usage,0.056753471219421626
1776462753.63,frontend,frontend-b78bf7696-6bjdg,memory_usage,container_memory_working_set_bytes,118935552.0
1776462753.63,frontend,frontend-b78bf7696-77ldd,cpu_usage,container_cpu_usage,0.10185205219718979
1776462753.63,frontend,frontend-b78bf7696-77ldd,memory_usage,container_memory_working_set_bytes,106266624.0
1776462753.63,frontend,frontend-b78bf7696-p9kqx,cpu_usage,container_cpu_usage,0.09098810397724319
1776462753.63,frontend,frontend-b78bf7696-p9kqx,memory_usage,container_memory_working_set_bytes,116666368.0
1776462753.63,frontend,frontend::service,pod_restart_count,k8s_container_restarts,3.0
1776462753.63,frontend,frontend::service,pod_running_count,k8s_container_ready,3.0
1776462753.63,frontend,otel-demo.frontend-b78bf7696-6bjdg.frontend,dependency_error_ratio,trace_client_error_ratio,0.0
1776462753.63,frontend,otel-demo.frontend-b78bf7696-6bjdg.frontend,error_ratio,trace_server_error_ratio,0.0
1776462753.63,frontend,otel-demo.frontend-b78bf7696-6bjdg.frontend,http_5xx_ratio,http_server_5xx_ratio,0.0
1776462753.63,frontend,otel-demo.frontend-b78bf7696-6bjdg.frontend,latency_p95,trace_server_latency_p95,41.7655860349127
1776462753.63,frontend,otel-demo.frontend-b78bf7696-6bjdg.frontend,request_count,trace_server_count,209.1
1776462753.63,frontend,otel-demo.frontend-b78bf7696-77ldd.frontend,dependency_error_ratio,trace_client_error_ratio,0.0
1776462753.63,frontend,otel-demo.frontend-b78bf7696-77ldd.frontend,error_ratio,trace_server_error_ratio,0.0
1776462753.63,frontend,otel-demo.frontend-b78bf7696-77ldd.frontend,http_5xx_ratio,http_server_5xx_ratio,0.0
1776462753.63,frontend,otel-demo.frontend-b78bf7696-77ldd.frontend,latency_p95,trace_server_latency_p95,43.023923444976084
1776462753.63,frontend,otel-demo.frontend-b78bf7696-77ldd.frontend,request_count,trace_server_count,266.7
1776462753.63,frontend,otel-demo.frontend-b78bf7696-p9kqx.frontend,dependency_error_ratio,trace_client_error_ratio,0.0
1776462753.63,frontend,otel-demo.frontend-b78bf7696-p9kqx.frontend,error_ratio,trace_server_error_ratio,0.0
1776462753.63,frontend,otel-demo.frontend-b78bf7696-p9kqx.frontend,http_5xx_ratio,http_server_5xx_ratio,0.0
1776462753.63,frontend,otel-demo.frontend-b78bf7696-p9kqx.frontend,latency_p95,trace_server_latency_p95,42.4387351778656
1776462753.63,frontend,otel-demo.frontend-b78bf7696-p9kqx.frontend,request_count,trace_server_count,239.3
1776462753.63,kafka,kafka-66df8bdf76-zjcbb,cpu_usage,container_cpu_usage,0.013108205853944174
1776462753.63,kafka,kafka-66df8bdf76-zjcbb,memory_usage,container_memory_working_set_bytes,666509312.0
1776462753.63,kafka,kafka::service,pod_restart_count,k8s_container_restarts,9.0
1776462753.63,kafka,kafka::service,pod_running_count,k8s_container_ready,1.0
1776462753.63,kafka,kafka::service,queue_lag,queue_size_ratio,0.0
1776462753.63,payment,otel-demo.payment-f9f8d647b-74h8z.payment,dependency_error_ratio,trace_client_error_ratio,0.0
1776462753.63,payment,otel-demo.payment-f9f8d647b-74h8z.payment,error_ratio,trace_server_error_ratio,0.0
1776462753.63,payment,otel-demo.payment-f9f8d647b-74h8z.payment,request_count,trace_server_count,0.0
1776462753.63,payment,otel-demo.payment-f9f8d647b-75hmx.payment,dependency_error_ratio,trace_client_error_ratio,0.0
1776462753.63,payment,otel-demo.payment-f9f8d647b-75hmx.payment,error_ratio,trace_server_error_ratio,0.0
1776462753.63,payment,otel-demo.payment-f9f8d647b-75hmx.payment,request_count,trace_server_count,0.0
1776462753.63,payment,otel-demo.payment-f9f8d647b-tv6l5.payment,dependency_error_ratio,trace_client_error_ratio,0.0
1776462753.63,payment,otel-demo.payment-f9f8d647b-tv6l5.payment,error_ratio,trace_server_error_ratio,0.0
1776462753.63,payment,otel-demo.payment-f9f8d647b-tv6l5.payment,request_count,trace_server_count,0.0
1776462753.63,payment,payment-f9f8d647b-74h8z,cpu_usage,container_cpu_usage,0.008025149151281233
1776462753.63,payment,payment-f9f8d647b-74h8z,memory_usage,container_memory_working_set_bytes,109326336.0
1776462753.63,payment,payment-f9f8d647b-75hmx,cpu_usage,container_cpu_usage,0.009593886185457447
1776462753.63,payment,payment-f9f8d647b-75hmx,memory_usage,container_memory_working_set_bytes,109154304.0
1776462753.63,payment,payment-f9f8d647b-tv6l5,cpu_usage,container_cpu_usage,0.006409955296134091
1776462753.63,payment,payment-f9f8d647b-tv6l5,memory_usage,container_memory_working_set_bytes,101027840.0
1776462753.63,payment,payment::service,pod_restart_count,k8s_container_restarts,39.0
1776462753.63,payment,payment::service,pod_running_count,k8s_container_ready,3.0
1776462753.63,product-catalog,otel-demo.product-catalog-784544475c-7crs7.product-catalog,dependency_error_ratio,trace_client_error_ratio,0.0
1776462753.63,product-catalog,otel-demo.product-catalog-784544475c-7crs7.product-catalog,error_ratio,trace_server_error_ratio,0.0
1776462753.63,product-catalog,otel-demo.product-catalog-784544475c-7crs7.product-catalog,request_count,trace_server_count,0.0
1776462753.63,product-catalog,otel-demo.product-catalog-784544475c-8skc7.product-catalog,dependency_error_ratio,trace_client_error_ratio,0.0
1776462753.63,product-catalog,otel-demo.product-catalog-784544475c-8skc7.product-catalog,error_ratio,trace_server_error_ratio,0.0
1776462753.63,product-catalog,otel-demo.product-catalog-784544475c-8skc7.product-catalog,request_count,trace_server_count,0.0
1776462753.63,product-catalog,otel-demo.product-catalog-784544475c-stwzc.product-catalog,dependency_error_ratio,trace_client_error_ratio,0.0
1776462753.63,product-catalog,otel-demo.product-catalog-784544475c-stwzc.product-catalog,error_ratio,trace_server_error_ratio,0.0
1776462753.63,product-catalog,otel-demo.product-catalog-784544475c-stwzc.product-catalog,request_count,trace_server_count,0.0
1776462753.63,product-catalog,product-catalog-784544475c-7crs7,cpu_usage,container_cpu_usage,0.04021630934899661
1776462753.63,product-catalog,product-catalog-784544475c-7crs7,memory_usage,container_memory_working_set_bytes,14659584.0
1776462753.63,product-catalog,product-catalog-784544475c-8skc7,cpu_usage,container_cpu_usage,0.08264700109549551
1776462753.63,product-catalog,product-catalog-784544475c-8skc7,memory_usage,container_memory_working_set_bytes,14729216.0
1776462753.63,product-catalog,product-catalog-784544475c-stwzc,cpu_usage,container_cpu_usage,0.00036017916843839926
1776462753.63,product-catalog,product-catalog-784544475c-stwzc,memory_usage,container_memory_working_set_bytes,12595200.0
1776462753.63,product-catalog,product-catalog::service,pod_restart_count,k8s_container_restarts,37.0
1776462753.63,product-catalog,product-catalog::service,pod_running_count,k8s_container_ready,3.0
1776462753.63,recommendation,otel-demo.recommendation-5b46f7469c-g2rgb.recommendation,dependency_error_ratio,trace_client_error_ratio,0.0
1776462753.63,recommendation,otel-demo.recommendation-5b46f7469c-rjwxq.recommendation,dependency_error_ratio,trace_client_error_ratio,0.0
1776462753.63,recommendation,otel-demo.recommendation-5b46f7469c-rjwxq.recommendation,error_ratio,trace_server_error_ratio,0.0
1776462753.63,recommendation,otel-demo.recommendation-5b46f7469c-rjwxq.recommendation,latency_p95,trace_server_latency_p95,3.8461538461538463
1776462753.63,recommendation,otel-demo.recommendation-5b46f7469c-rjwxq.recommendation,request_count,trace_server_count,10.0
1776462753.63,recommendation,otel-demo.recommendation-5b46f7469c-t2fm9.recommendation,dependency_error_ratio,trace_client_error_ratio,0.0
1776462753.63,recommendation,otel-demo.recommendation-5b46f7469c-t2fm9.recommendation,error_ratio,trace_server_error_ratio,0.0
1776462753.63,recommendation,otel-demo.recommendation-5b46f7469c-t2fm9.recommendation,latency_p95,trace_server_latency_p95,4.099999999999994
1776462753.63,recommendation,otel-demo.recommendation-5b46f7469c-t2fm9.recommendation,request_count,trace_server_count,21.4
1776462753.63,recommendation,recommendation-5b46f7469c-g2rgb,cpu_usage,container_cpu_usage,0.00943043582115354
1776462753.63,recommendation,recommendation-5b46f7469c-g2rgb,memory_usage,container_memory_working_set_bytes,46891008.0
1776462753.63,recommendation,recommendation-5b46f7469c-rjwxq,cpu_usage,container_cpu_usage,0.02087150132671415
1776462753.63,recommendation,recommendation-5b46f7469c-rjwxq,memory_usage,container_memory_working_set_bytes,47865856.0
1776462753.63,recommendation,recommendation-5b46f7469c-t2fm9,cpu_usage,container_cpu_usage,0.028743709554802918
1776462753.63,recommendation,recommendation-5b46f7469c-t2fm9,memory_usage,container_memory_working_set_bytes,52604928.0
1776462753.63,recommendation,recommendation::service,pod_restart_count,k8s_container_restarts,3.0
1776462753.63,recommendation,recommendation::service,pod_running_count,k8s_container_ready,3.0
1776462763.63,ad,3a8b9295-6ae2-4e8a-b9b0-a607d7fec0a4,dependency_error_ratio,trace_client_error_ratio,0.0
1776462763.63,ad,3a8b9295-6ae2-4e8a-b9b0-a607d7fec0a4,error_ratio,trace_server_error_ratio,0.0
1776462763.63,ad,3a8b9295-6ae2-4e8a-b9b0-a607d7fec0a4,request_count,trace_server_count,0.0
1776462763.63,ad,5680c7ee-584c-4353-b6d2-93bc605a0324,dependency_error_ratio,trace_client_error_ratio,0.0
1776462763.63,ad,5680c7ee-584c-4353-b6d2-93bc605a0324,error_ratio,trace_server_error_ratio,0.0
1776462763.63,ad,5680c7ee-584c-4353-b6d2-93bc605a0324,request_count,trace_server_count,0.0
1776462763.63,ad,9f9a3c1c-bd3f-40ea-8764-b59f1ebd2204,dependency_error_ratio,trace_client_error_ratio,0.0
1776462763.63,ad,ad-7fb5b4f859-52ks9,cpu_usage,container_cpu_usage,0.002929560252012584
1776462763.63,ad,ad-7fb5b4f859-52ks9,memory_usage,container_memory_working_set_bytes,260313088.0
1776462763.63,ad,ad-7fb5b4f859-rd4zw,cpu_usage,container_cpu_usage,0.0012182954756465758
1776462763.63,ad,ad-7fb5b4f859-rd4zw,memory_usage,container_memory_working_set_bytes,238366720.0
1776462763.63,ad,ad-7fb5b4f859-zsstr,cpu_usage,container_cpu_usage,0.0034367529402712983
1776462763.63,ad,ad-7fb5b4f859-zsstr,memory_usage,container_memory_working_set_bytes,261701632.0
1776462763.63,ad,ad::service,pod_restart_count,k8s_container_restarts,3.0
1776462763.63,ad,ad::service,pod_running_count,k8s_container_ready,3.0
1776462763.63,cart,cart-7c7496d7f-th7mc,cpu_usage,container_cpu_usage,0.060719080907282674
1776462763.63,cart,cart-7c7496d7f-th7mc,memory_usage,container_memory_working_set_bytes,62820352.0
1776462763.63,cart,cart::service,pod_restart_count,k8s_container_restarts,1.0
1776462763.63,cart,cart::service,pod_running_count,k8s_container_ready,1.0
1776462763.63,cart,f1f3afac-3031-4c18-925a-048232421d89,dependency_error_ratio,trace_client_error_ratio,0.0
1776462763.63,cart,f1f3afac-3031-4c18-925a-048232421d89,error_ratio,trace_server_error_ratio,0.0
1776462763.63,cart,f1f3afac-3031-4c18-925a-048232421d89,request_count,trace_server_count,0.0
1776462763.63,checkout,4755bdbd-5ad9-49fa-acb7-3a7dcb6a9277,dependency_error_ratio,trace_client_error_ratio,0.0
1776462763.63,checkout,4755bdbd-5ad9-49fa-acb7-3a7dcb6a9277,error_ratio,trace_server_error_ratio,0.0
1776462763.63,checkout,4755bdbd-5ad9-49fa-acb7-3a7dcb6a9277,request_count,trace_server_count,0.0
1776462763.63,checkout,bb49e6b9-109a-41b8-be66-ab2a38272474,dependency_error_ratio,trace_client_error_ratio,0.0
1776462763.63,checkout,bb49e6b9-109a-41b8-be66-ab2a38272474,error_ratio,trace_server_error_ratio,0.0
1776462763.63,checkout,bb49e6b9-109a-41b8-be66-ab2a38272474,request_count,trace_server_count,0.0
1776462763.63,checkout,bc5804df-6f63-4261-8788-8ecfe5481366,dependency_error_ratio,trace_client_error_ratio,0.0
1776462763.63,checkout,bc5804df-6f63-4261-8788-8ecfe5481366,error_ratio,trace_server_error_ratio,0.0
1776462763.63,checkout,bc5804df-6f63-4261-8788-8ecfe5481366,request_count,trace_server_count,0.0
1776462763.63,checkout,checkout-7f4ccfc547-6crwh,cpu_usage,container_cpu_usage,0.12015709421112328
1776462763.63,checkout,checkout-7f4ccfc547-6crwh,memory_usage,container_memory_working_set_bytes,15945728.0
1776462763.63,checkout,checkout-7f4ccfc547-ftx2n,cpu_usage,container_cpu_usage,0.0004323237871713557
1776462763.63,checkout,checkout-7f4ccfc547-ftx2n,memory_usage,container_memory_working_set_bytes,12075008.0
1776462763.63,checkout,checkout-7f4ccfc547-qlfgr,cpu_usage,container_cpu_usage,0.048598366707685206
1776462763.63,checkout,checkout-7f4ccfc547-qlfgr,memory_usage,container_memory_working_set_bytes,14696448.0
1776462763.63,checkout,checkout::service,pod_restart_count,k8s_container_restarts,45.0
1776462763.63,checkout,checkout::service,pod_running_count,k8s_container_ready,3.0
1776462763.63,email,email-5dcf48b665-66zvj,cpu_usage,container_cpu_usage,0.011390094350294795
1776462763.63,email,email-5dcf48b665-66zvj,memory_usage,container_memory_working_set_bytes,59740160.0
1776462763.63,email,email-5dcf48b665-9xxmx,cpu_usage,container_cpu_usage,0.0006664662429142052
1776462763.63,email,email-5dcf48b665-9xxmx,memory_usage,container_memory_working_set_bytes,56598528.0
1776462763.63,email,email-5dcf48b665-n4zf2,cpu_usage,container_cpu_usage,0.006548106097679672
1776462763.63,email,email-5dcf48b665-n4zf2,memory_usage,container_memory_working_set_bytes,54538240.0
1776462763.63,email,email::service,pod_restart_count,k8s_container_restarts,9.0
1776462763.63,email,email::service,pod_running_count,k8s_container_ready,3.0
1776462763.63,email,otel-demo.email-5dcf48b665-66zvj.email,error_ratio,trace_server_error_ratio,0.0
1776462763.63,email,otel-demo.email-5dcf48b665-66zvj.email,request_count,trace_server_count,0.0
1776462763.63,email,otel-demo.email-5dcf48b665-9xxmx.email,error_ratio,trace_server_error_ratio,0.0
1776462763.63,email,otel-demo.email-5dcf48b665-9xxmx.email,request_count,trace_server_count,0.0
1776462763.63,email,otel-demo.email-5dcf48b665-n4zf2.email,error_ratio,trace_server_error_ratio,0.0
1776462763.63,email,otel-demo.email-5dcf48b665-n4zf2.email,request_count,trace_server_count,0.0
1776462763.63,frontend,frontend-b78bf7696-6bjdg,cpu_usage,container_cpu_usage,0.06251725324576717
1776462763.63,frontend,frontend-b78bf7696-6bjdg,memory_usage,container_memory_working_set_bytes,118935552.0
1776462763.63,frontend,frontend-b78bf7696-77ldd,cpu_usage,container_cpu_usage,0.09116269690150845
1776462763.63,frontend,frontend-b78bf7696-77ldd,memory_usage,container_memory_working_set_bytes,105918464.0
1776462763.63,frontend,frontend-b78bf7696-p9kqx,cpu_usage,container_cpu_usage,0.10025146440634326
1776462763.63,frontend,frontend-b78bf7696-p9kqx,memory_usage,container_memory_working_set_bytes,117190656.0
1776462763.63,frontend,frontend::service,pod_restart_count,k8s_container_restarts,3.0
1776462763.63,frontend,frontend::service,pod_running_count,k8s_container_ready,3.0
1776462763.63,frontend,otel-demo.frontend-b78bf7696-6bjdg.frontend,dependency_error_ratio,trace_client_error_ratio,0.0
1776462763.63,frontend,otel-demo.frontend-b78bf7696-6bjdg.frontend,error_ratio,trace_server_error_ratio,0.0
1776462763.63,frontend,otel-demo.frontend-b78bf7696-6bjdg.frontend,http_5xx_ratio,http_server_5xx_ratio,0.0
1776462763.63,frontend,otel-demo.frontend-b78bf7696-6bjdg.frontend,request_count,trace_server_count,0.0
1776462763.63,frontend,otel-demo.frontend-b78bf7696-77ldd.frontend,dependency_error_ratio,trace_client_error_ratio,0.0
1776462763.63,frontend,otel-demo.frontend-b78bf7696-77ldd.frontend,error_ratio,trace_server_error_ratio,0.0
1776462763.63,frontend,otel-demo.frontend-b78bf7696-77ldd.frontend,http_5xx_ratio,http_server_5xx_ratio,0.0
1776462763.63,frontend,otel-demo.frontend-b78bf7696-77ldd.frontend,request_count,trace_server_count,0.0
1776462763.63,frontend,otel-demo.frontend-b78bf7696-p9kqx.frontend,dependency_error_ratio,trace_client_error_ratio,0.0
1776462763.63,frontend,otel-demo.frontend-b78bf7696-p9kqx.frontend,error_ratio,trace_server_error_ratio,0.0
1776462763.63,frontend,otel-demo.frontend-b78bf7696-p9kqx.frontend,http_5xx_ratio,http_server_5xx_ratio,0.0
1776462763.63,frontend,otel-demo.frontend-b78bf7696-p9kqx.frontend,request_count,trace_server_count,0.0
1776462763.63,kafka,kafka-66df8bdf76-zjcbb,cpu_usage,container_cpu_usage,0.013312986038682171
1776462763.63,kafka,kafka-66df8bdf76-zjcbb,memory_usage,container_memory_working_set_bytes,666537984.0
1776462763.63,kafka,kafka::service,pod_restart_count,k8s_container_restarts,9.0
1776462763.63,kafka,kafka::service,pod_running_count,k8s_container_ready,1.0
1776462763.63,kafka,kafka::service,queue_lag,queue_size_ratio,0.0
1776462763.63,payment,otel-demo.payment-f9f8d647b-74h8z.payment,dependency_error_ratio,trace_client_error_ratio,0.0
1776462763.63,payment,otel-demo.payment-f9f8d647b-74h8z.payment,error_ratio,trace_server_error_ratio,0.0
1776462763.63,payment,otel-demo.payment-f9f8d647b-74h8z.payment,request_count,trace_server_count,0.0
1776462763.63,payment,otel-demo.payment-f9f8d647b-75hmx.payment,dependency_error_ratio,trace_client_error_ratio,0.0
1776462763.63,payment,otel-demo.payment-f9f8d647b-75hmx.payment,error_ratio,trace_server_error_ratio,0.0
1776462763.63,payment,otel-demo.payment-f9f8d647b-75hmx.payment,request_count,trace_server_count,0.0
1776462763.63,payment,otel-demo.payment-f9f8d647b-tv6l5.payment,dependency_error_ratio,trace_client_error_ratio,0.0
1776462763.63,payment,otel-demo.payment-f9f8d647b-tv6l5.payment,error_ratio,trace_server_error_ratio,0.0
1776462763.63,payment,otel-demo.payment-f9f8d647b-tv6l5.payment,request_count,trace_server_count,0.0
1776462763.63,payment,payment-f9f8d647b-74h8z,cpu_usage,container_cpu_usage,0.00982368640873642
1776462763.63,payment,payment-f9f8d647b-74h8z,memory_usage,container_memory_working_set_bytes,109322240.0
1776462763.63,payment,payment-f9f8d647b-75hmx,cpu_usage,container_cpu_usage,0.012077899343545037
1776462763.63,payment,payment-f9f8d647b-75hmx,memory_usage,container_memory_working_set_bytes,109182976.0
1776462763.63,payment,payment-f9f8d647b-tv6l5,cpu_usage,container_cpu_usage,0.0066054307915634726
1776462763.63,payment,payment-f9f8d647b-tv6l5,memory_usage,container_memory_working_set_bytes,101027840.0
1776462763.63,payment,payment::service,pod_restart_count,k8s_container_restarts,39.0
1776462763.63,payment,payment::service,pod_running_count,k8s_container_ready,3.0
1776462763.63,product-catalog,otel-demo.product-catalog-784544475c-7crs7.product-catalog,dependency_error_ratio,trace_client_error_ratio,0.0
1776462763.63,product-catalog,otel-demo.product-catalog-784544475c-7crs7.product-catalog,error_ratio,trace_server_error_ratio,0.0
1776462763.63,product-catalog,otel-demo.product-catalog-784544475c-7crs7.product-catalog,request_count,trace_server_count,0.0
1776462763.63,product-catalog,otel-demo.product-catalog-784544475c-8skc7.product-catalog,dependency_error_ratio,trace_client_error_ratio,0.0
1776462763.63,product-catalog,otel-demo.product-catalog-784544475c-8skc7.product-catalog,error_ratio,trace_server_error_ratio,0.0
1776462763.63,product-catalog,otel-demo.product-catalog-784544475c-8skc7.product-catalog,request_count,trace_server_count,0.0
1776462763.63,product-catalog,otel-demo.product-catalog-784544475c-stwzc.product-catalog,dependency_error_ratio,trace_client_error_ratio,0.0
1776462763.63,product-catalog,otel-demo.product-catalog-784544475c-stwzc.product-catalog,error_ratio,trace_server_error_ratio,0.0
1776462763.63,product-catalog,otel-demo.product-catalog-784544475c-stwzc.product-catalog,request_count,trace_server_count,0.0
1776462763.63,product-catalog,product-catalog-784544475c-7crs7,cpu_usage,container_cpu_usage,0.03558829181059298
1776462763.63,product-catalog,product-catalog-784544475c-7crs7,memory_usage,container_memory_working_set_bytes,14659584.0
1776462763.63,product-catalog,product-catalog-784544475c-8skc7,cpu_usage,container_cpu_usage,0.08264700109549551
1776462763.63,product-catalog,product-catalog-784544475c-8skc7,memory_usage,container_memory_working_set_bytes,14729216.0
1776462763.63,product-catalog,product-catalog-784544475c-stwzc,cpu_usage,container_cpu_usage,0.0004025147158931649
1776462763.63,product-catalog,product-catalog-784544475c-stwzc,memory_usage,container_memory_working_set_bytes,12824576.0
1776462763.63,product-catalog,product-catalog::service,pod_restart_count,k8s_container_restarts,37.0
1776462763.63,product-catalog,product-catalog::service,pod_running_count,k8s_container_ready,3.0
1776462763.63,recommendation,otel-demo.recommendation-5b46f7469c-g2rgb.recommendation,dependency_error_ratio,trace_client_error_ratio,0.0
1776462763.63,recommendation,otel-demo.recommendation-5b46f7469c-rjwxq.recommendation,dependency_error_ratio,trace_client_error_ratio,0.0
1776462763.63,recommendation,otel-demo.recommendation-5b46f7469c-rjwxq.recommendation,error_ratio,trace_server_error_ratio,0.0
1776462763.63,recommendation,otel-demo.recommendation-5b46f7469c-rjwxq.recommendation,request_count,trace_server_count,0.0
1776462763.63,recommendation,otel-demo.recommendation-5b46f7469c-t2fm9.recommendation,dependency_error_ratio,trace_client_error_ratio,0.0
1776462763.63,recommendation,otel-demo.recommendation-5b46f7469c-t2fm9.recommendation,error_ratio,trace_server_error_ratio,0.0
1776462763.63,recommendation,otel-demo.recommendation-5b46f7469c-t2fm9.recommendation,request_count,trace_server_count,0.0
1776462763.63,recommendation,recommendation-5b46f7469c-g2rgb,cpu_usage,container_cpu_usage,0.006777193671659224
1776462763.63,recommendation,recommendation-5b46f7469c-g2rgb,memory_usage,container_memory_working_set_bytes,46891008.0
1776462763.63,recommendation,recommendation-5b46f7469c-rjwxq,cpu_usage,container_cpu_usage,0.02270338109956007
1776462763.63,recommendation,recommendation-5b46f7469c-rjwxq,memory_usage,container_memory_working_set_bytes,47865856.0
1776462763.63,recommendation,recommendation-5b46f7469c-t2fm9,cpu_usage,container_cpu_usage,0.029716060237155218
1776462763.63,recommendation,recommendation-5b46f7469c-t2fm9,memory_usage,container_memory_working_set_bytes,52563968.0
1776462763.63,recommendation,recommendation::service,pod_restart_count,k8s_container_restarts,3.0
1776462763.63,recommendation,recommendation::service,pod_running_count,k8s_container_ready,3.0
1776462773.63,ad,3a8b9295-6ae2-4e8a-b9b0-a607d7fec0a4,dependency_error_ratio,trace_client_error_ratio,0.0
1776462773.63,ad,3a8b9295-6ae2-4e8a-b9b0-a607d7fec0a4,error_ratio,trace_server_error_ratio,0.0
1776462773.63,ad,3a8b9295-6ae2-4e8a-b9b0-a607d7fec0a4,request_count,trace_server_count,0.0
1776462773.63,ad,5680c7ee-584c-4353-b6d2-93bc605a0324,dependency_error_ratio,trace_client_error_ratio,0.0
1776462773.63,ad,5680c7ee-584c-4353-b6d2-93bc605a0324,error_ratio,trace_server_error_ratio,0.0
1776462773.63,ad,5680c7ee-584c-4353-b6d2-93bc605a0324,request_count,trace_server_count,0.0
1776462773.63,ad,9f9a3c1c-bd3f-40ea-8764-b59f1ebd2204,dependency_error_ratio,trace_client_error_ratio,0.0
1776462773.63,ad,ad-7fb5b4f859-52ks9,cpu_usage,container_cpu_usage,0.003123040011633094
1776462773.63,ad,ad-7fb5b4f859-52ks9,memory_usage,container_memory_working_set_bytes,260313088.0
1776462773.63,ad,ad-7fb5b4f859-rd4zw,cpu_usage,container_cpu_usage,0.0012182954756465758
1776462773.63,ad,ad-7fb5b4f859-rd4zw,memory_usage,container_memory_working_set_bytes,238366720.0
1776462773.63,ad,ad-7fb5b4f859-zsstr,cpu_usage,container_cpu_usage,0.0034487264539739214
1776462773.63,ad,ad-7fb5b4f859-zsstr,memory_usage,container_memory_working_set_bytes,261705728.0
1776462773.63,ad,ad::service,pod_restart_count,k8s_container_restarts,3.0
1776462773.63,ad,ad::service,pod_running_count,k8s_container_ready,3.0
1776462773.63,cart,cart-7c7496d7f-th7mc,cpu_usage,container_cpu_usage,0.057463972131112144
1776462773.63,cart,cart-7c7496d7f-th7mc,memory_usage,container_memory_working_set_bytes,62754816.0
1776462773.63,cart,cart::service,pod_restart_count,k8s_container_restarts,1.0
1776462773.63,cart,cart::service,pod_running_count,k8s_container_ready,1.0
1776462773.63,cart,f1f3afac-3031-4c18-925a-048232421d89,dependency_error_ratio,trace_client_error_ratio,0.0
1776462773.63,cart,f1f3afac-3031-4c18-925a-048232421d89,error_ratio,trace_server_error_ratio,0.0
1776462773.63,cart,f1f3afac-3031-4c18-925a-048232421d89,request_count,trace_server_count,0.0
1776462773.63,checkout,4755bdbd-5ad9-49fa-acb7-3a7dcb6a9277,dependency_error_ratio,trace_client_error_ratio,0.0
1776462773.63,checkout,4755bdbd-5ad9-49fa-acb7-3a7dcb6a9277,error_ratio,trace_server_error_ratio,0.0
1776462773.63,checkout,4755bdbd-5ad9-49fa-acb7-3a7dcb6a9277,request_count,trace_server_count,0.0
1776462773.63,checkout,bb49e6b9-109a-41b8-be66-ab2a38272474,dependency_error_ratio,trace_client_error_ratio,0.0
1776462773.63,checkout,bb49e6b9-109a-41b8-be66-ab2a38272474,error_ratio,trace_server_error_ratio,0.0
1776462773.63,checkout,bb49e6b9-109a-41b8-be66-ab2a38272474,request_count,trace_server_count,0.0
1776462773.63,checkout,bc5804df-6f63-4261-8788-8ecfe5481366,dependency_error_ratio,trace_client_error_ratio,0.0
1776462773.63,checkout,bc5804df-6f63-4261-8788-8ecfe5481366,error_ratio,trace_server_error_ratio,0.0
1776462773.63,checkout,bc5804df-6f63-4261-8788-8ecfe5481366,request_count,trace_server_count,0.0
1776462773.63,checkout,checkout-7f4ccfc547-6crwh,cpu_usage,container_cpu_usage,0.12304242461488037
1776462773.63,checkout,checkout-7f4ccfc547-6crwh,memory_usage,container_memory_working_set_bytes,15134720.0
1776462773.63,checkout,checkout-7f4ccfc547-ftx2n,cpu_usage,container_cpu_usage,0.00046783334088951206
1776462773.63,checkout,checkout-7f4ccfc547-ftx2n,memory_usage,container_memory_working_set_bytes,12075008.0
1776462773.63,checkout,checkout-7f4ccfc547-qlfgr,cpu_usage,container_cpu_usage,0.03959862834748482
1776462773.63,checkout,checkout-7f4ccfc547-qlfgr,memory_usage,container_memory_working_set_bytes,14635008.0
1776462773.63,checkout,checkout::service,pod_restart_count,k8s_container_restarts,45.0
1776462773.63,checkout,checkout::service,pod_running_count,k8s_container_ready,3.0
1776462773.63,email,email-5dcf48b665-66zvj,cpu_usage,container_cpu_usage,0.009779649546827548
1776462773.63,email,email-5dcf48b665-66zvj,memory_usage,container_memory_working_set_bytes,59858944.0
1776462773.63,email,email-5dcf48b665-9xxmx,cpu_usage,container_cpu_usage,0.000570361465252517
1776462773.63,email,email-5dcf48b665-9xxmx,memory_usage,container_memory_working_set_bytes,56541184.0
1776462773.63,email,email-5dcf48b665-n4zf2,cpu_usage,container_cpu_usage,0.005246450916250608
1776462773.63,email,email-5dcf48b665-n4zf2,memory_usage,container_memory_working_set_bytes,54538240.0
1776462773.63,email,email::service,pod_restart_count,k8s_container_restarts,9.0
1776462773.63,email,email::service,pod_running_count,k8s_container_ready,3.0
1776462773.63,email,otel-demo.email-5dcf48b665-66zvj.email,error_ratio,trace_server_error_ratio,0.0
1776462773.63,email,otel-demo.email-5dcf48b665-66zvj.email,request_count,trace_server_count,0.0
1776462773.63,email,otel-demo.email-5dcf48b665-9xxmx.email,error_ratio,trace_server_error_ratio,0.0
1776462773.63,email,otel-demo.email-5dcf48b665-9xxmx.email,request_count,trace_server_count,0.0
1776462773.63,email,otel-demo.email-5dcf48b665-n4zf2.email,error_ratio,trace_server_error_ratio,0.0
1776462773.63,email,otel-demo.email-5dcf48b665-n4zf2.email,request_count,trace_server_count,0.0
1776462773.63,frontend,frontend-b78bf7696-6bjdg,cpu_usage,container_cpu_usage,0.06353555275890548
1776462773.63,frontend,frontend-b78bf7696-6bjdg,memory_usage,container_memory_working_set_bytes,118398976.0
1776462773.63,frontend,frontend-b78bf7696-77ldd,cpu_usage,container_cpu_usage,0.09363171472655303
1776462773.63,frontend,frontend-b78bf7696-77ldd,memory_usage,container_memory_working_set_bytes,105918464.0
1776462773.63,frontend,frontend-b78bf7696-p9kqx,cpu_usage,container_cpu_usage,0.2529794190783658
1776462773.63,frontend,frontend-b78bf7696-p9kqx,memory_usage,container_memory_working_set_bytes,122884096.0
1776462773.63,frontend,frontend::service,pod_restart_count,k8s_container_restarts,3.0
1776462773.63,frontend,frontend::service,pod_running_count,k8s_container_ready,3.0
1776462773.63,frontend,otel-demo.frontend-b78bf7696-6bjdg.frontend,dependency_error_ratio,trace_client_error_ratio,0.0
1776462773.63,frontend,otel-demo.frontend-b78bf7696-6bjdg.frontend,error_ratio,trace_server_error_ratio,0.0
1776462773.63,frontend,otel-demo.frontend-b78bf7696-6bjdg.frontend,http_5xx_ratio,http_server_5xx_ratio,0.0
1776462773.63,frontend,otel-demo.frontend-b78bf7696-6bjdg.frontend,request_count,trace_server_count,0.0
1776462773.63,frontend,otel-demo.frontend-b78bf7696-77ldd.frontend,dependency_error_ratio,trace_client_error_ratio,0.0
1776462773.63,frontend,otel-demo.frontend-b78bf7696-77ldd.frontend,error_ratio,trace_server_error_ratio,0.0
1776462773.63,frontend,otel-demo.frontend-b78bf7696-77ldd.frontend,http_5xx_ratio,http_server_5xx_ratio,0.0
1776462773.63,frontend,otel-demo.frontend-b78bf7696-77ldd.frontend,request_count,trace_server_count,0.0
1776462773.63,frontend,otel-demo.frontend-b78bf7696-p9kqx.frontend,dependency_error_ratio,trace_client_error_ratio,0.0
1776462773.63,frontend,otel-demo.frontend-b78bf7696-p9kqx.frontend,error_ratio,trace_server_error_ratio,0.0
1776462773.63,frontend,otel-demo.frontend-b78bf7696-p9kqx.frontend,http_5xx_ratio,http_server_5xx_ratio,0.0
1776462773.63,frontend,otel-demo.frontend-b78bf7696-p9kqx.frontend,request_count,trace_server_count,0.0
1776462773.63,kafka,kafka-66df8bdf76-zjcbb,cpu_usage,container_cpu_usage,0.011726779672832246
1776462773.63,kafka,kafka-66df8bdf76-zjcbb,memory_usage,container_memory_working_set_bytes,666537984.0
1776462773.63,kafka,kafka::service,pod_restart_count,k8s_container_restarts,9.0
1776462773.63,kafka,kafka::service,pod_running_count,k8s_container_ready,1.0
1776462773.63,kafka,kafka::service,queue_lag,queue_size_ratio,0.0
1776462773.63,payment,otel-demo.payment-f9f8d647b-74h8z.payment,dependency_error_ratio,trace_client_error_ratio,0.0
1776462773.63,payment,otel-demo.payment-f9f8d647b-74h8z.payment,error_ratio,trace_server_error_ratio,0.0
1776462773.63,payment,otel-demo.payment-f9f8d647b-74h8z.payment,request_count,trace_server_count,0.0
1776462773.63,payment,otel-demo.payment-f9f8d647b-75hmx.payment,dependency_error_ratio,trace_client_error_ratio,0.0
1776462773.63,payment,otel-demo.payment-f9f8d647b-75hmx.payment,error_ratio,trace_server_error_ratio,0.0
1776462773.63,payment,otel-demo.payment-f9f8d647b-75hmx.payment,request_count,trace_server_count,0.0
1776462773.63,payment,otel-demo.payment-f9f8d647b-tv6l5.payment,dependency_error_ratio,trace_client_error_ratio,0.0
1776462773.63,payment,otel-demo.payment-f9f8d647b-tv6l5.payment,error_ratio,trace_server_error_ratio,0.0
1776462773.63,payment,otel-demo.payment-f9f8d647b-tv6l5.payment,request_count,trace_server_count,0.0
1776462773.63,payment,payment-f9f8d647b-74h8z,cpu_usage,container_cpu_usage,0.0100791150764753
1776462773.63,payment,payment-f9f8d647b-74h8z,memory_usage,container_memory_working_set_bytes,109322240.0
1776462773.63,payment,payment-f9f8d647b-75hmx,cpu_usage,container_cpu_usage,0.011824602554078856
1776462773.63,payment,payment-f9f8d647b-75hmx,memory_usage,container_memory_working_set_bytes,109178880.0
1776462773.63,payment,payment-f9f8d647b-tv6l5,cpu_usage,container_cpu_usage,0.0065846728766522245
1776462773.63,payment,payment-f9f8d647b-tv6l5,memory_usage,container_memory_working_set_bytes,101027840.0
1776462773.63,payment,payment::service,pod_restart_count,k8s_container_restarts,39.0
1776462773.63,payment,payment::service,pod_running_count,k8s_container_ready,3.0
1776462773.63,product-catalog,otel-demo.product-catalog-784544475c-7crs7.product-catalog,dependency_error_ratio,trace_client_error_ratio,0.0
1776462773.63,product-catalog,otel-demo.product-catalog-784544475c-7crs7.product-catalog,error_ratio,trace_server_error_ratio,0.0
1776462773.63,product-catalog,otel-demo.product-catalog-784544475c-7crs7.product-catalog,request_count,trace_server_count,0.0
1776462773.63,product-catalog,otel-demo.product-catalog-784544475c-8skc7.product-catalog,dependency_error_ratio,trace_client_error_ratio,0.0
1776462773.63,product-catalog,otel-demo.product-catalog-784544475c-8skc7.product-catalog,error_ratio,trace_server_error_ratio,0.0
1776462773.63,product-catalog,otel-demo.product-catalog-784544475c-8skc7.product-catalog,request_count,trace_server_count,0.0
1776462773.63,product-catalog,otel-demo.product-catalog-784544475c-stwzc.product-catalog,dependency_error_ratio,trace_client_error_ratio,0.0
1776462773.63,product-catalog,otel-demo.product-catalog-784544475c-stwzc.product-catalog,error_ratio,trace_server_error_ratio,0.0
1776462773.63,product-catalog,otel-demo.product-catalog-784544475c-stwzc.product-catalog,request_count,trace_server_count,0.0
1776462773.63,product-catalog,product-catalog-784544475c-7crs7,cpu_usage,container_cpu_usage,0.0440745332041571
1776462773.63,product-catalog,product-catalog-784544475c-7crs7,memory_usage,container_memory_working_set_bytes,14860288.0
1776462773.63,product-catalog,product-catalog-784544475c-8skc7,cpu_usage,container_cpu_usage,0.0815943874004456
1776462773.63,product-catalog,product-catalog-784544475c-8skc7,memory_usage,container_memory_working_set_bytes,14942208.0
1776462773.63,product-catalog,product-catalog-784544475c-stwzc,cpu_usage,container_cpu_usage,0.00040101337657073307
1776462773.63,product-catalog,product-catalog-784544475c-stwzc,memory_usage,container_memory_working_set_bytes,12828672.0
1776462773.63,product-catalog,product-catalog::service,pod_restart_count,k8s_container_restarts,37.0
1776462773.63,product-catalog,product-catalog::service,pod_running_count,k8s_container_ready,3.0
1776462773.63,recommendation,otel-demo.recommendation-5b46f7469c-g2rgb.recommendation,dependency_error_ratio,trace_client_error_ratio,0.0
1776462773.63,recommendation,otel-demo.recommendation-5b46f7469c-rjwxq.recommendation,dependency_error_ratio,trace_client_error_ratio,0.0
1776462773.63,recommendation,otel-demo.recommendation-5b46f7469c-rjwxq.recommendation,error_ratio,trace_server_error_ratio,0.0
1776462773.63,recommendation,otel-demo.recommendation-5b46f7469c-rjwxq.recommendation,request_count,trace_server_count,0.0
1776462773.63,recommendation,otel-demo.recommendation-5b46f7469c-t2fm9.recommendation,dependency_error_ratio,trace_client_error_ratio,0.0
1776462773.63,recommendation,otel-demo.recommendation-5b46f7469c-t2fm9.recommendation,error_ratio,trace_server_error_ratio,0.0
1776462773.63,recommendation,otel-demo.recommendation-5b46f7469c-t2fm9.recommendation,request_count,trace_server_count,0.0
1776462773.63,recommendation,recommendation-5b46f7469c-g2rgb,cpu_usage,container_cpu_usage,0.008323726637179705
1776462773.63,recommendation,recommendation-5b46f7469c-g2rgb,memory_usage,container_memory_working_set_bytes,46891008.0
1776462773.63,recommendation,recommendation-5b46f7469c-rjwxq,cpu_usage,container_cpu_usage,0.022424688385818303
1776462773.63,recommendation,recommendation-5b46f7469c-rjwxq,memory_usage,container_memory_working_set_bytes,47865856.0
1776462773.63,recommendation,recommendation-5b46f7469c-t2fm9,cpu_usage,container_cpu_usage,0.029739112606993464
1776462773.63,recommendation,recommendation-5b46f7469c-t2fm9,memory_usage,container_memory_working_set_bytes,52563968.0
1776462773.63,recommendation,recommendation::service,pod_restart_count,k8s_container_restarts,3.0
1776462773.63,recommendation,recommendation::service,pod_running_count,k8s_container_ready,3.0
1776462783.63,ad,3a8b9295-6ae2-4e8a-b9b0-a607d7fec0a4,dependency_error_ratio,trace_client_error_ratio,0.0
1776462783.63,ad,3a8b9295-6ae2-4e8a-b9b0-a607d7fec0a4,error_ratio,trace_server_error_ratio,0.0
1776462783.63,ad,3a8b9295-6ae2-4e8a-b9b0-a607d7fec0a4,request_count,trace_server_count,0.0
1776462783.63,ad,5680c7ee-584c-4353-b6d2-93bc605a0324,dependency_error_ratio,trace_client_error_ratio,0.0
1776462783.63,ad,5680c7ee-584c-4353-b6d2-93bc605a0324,error_ratio,trace_server_error_ratio,0.0
1776462783.63,ad,5680c7ee-584c-4353-b6d2-93bc605a0324,request_count,trace_server_count,0.0
1776462783.63,ad,9f9a3c1c-bd3f-40ea-8764-b59f1ebd2204,dependency_error_ratio,trace_client_error_ratio,0.0
1776462783.63,ad,ad-7fb5b4f859-52ks9,cpu_usage,container_cpu_usage,0.003123040011633094
1776462783.63,ad,ad-7fb5b4f859-52ks9,memory_usage,container_memory_working_set_bytes,260313088.0
1776462783.63,ad,ad-7fb5b4f859-rd4zw,cpu_usage,container_cpu_usage,0.0011211410248879931
1776462783.63,ad,ad-7fb5b4f859-rd4zw,memory_usage,container_memory_working_set_bytes,238366720.0
1776462783.63,ad,ad-7fb5b4f859-zsstr,cpu_usage,container_cpu_usage,0.002512580115661733
1776462783.63,ad,ad-7fb5b4f859-zsstr,memory_usage,container_memory_working_set_bytes,261705728.0
1776462783.63,ad,ad::service,pod_restart_count,k8s_container_restarts,3.0
1776462783.63,ad,ad::service,pod_running_count,k8s_container_ready,3.0
1776462783.63,cart,cart-7c7496d7f-th7mc,cpu_usage,container_cpu_usage,0.052294740801108935
1776462783.63,cart,cart-7c7496d7f-th7mc,memory_usage,container_memory_working_set_bytes,62754816.0
1776462783.63,cart,cart::service,pod_restart_count,k8s_container_restarts,1.0
1776462783.63,cart,cart::service,pod_running_count,k8s_container_ready,1.0
1776462783.63,cart,f1f3afac-3031-4c18-925a-048232421d89,dependency_error_ratio,trace_client_error_ratio,0.0
1776462783.63,cart,f1f3afac-3031-4c18-925a-048232421d89,error_ratio,trace_server_error_ratio,0.0
1776462783.63,cart,f1f3afac-3031-4c18-925a-048232421d89,request_count,trace_server_count,0.0
1776462783.63,checkout,4755bdbd-5ad9-49fa-acb7-3a7dcb6a9277,dependency_error_ratio,trace_client_error_ratio,0.0
1776462783.63,checkout,4755bdbd-5ad9-49fa-acb7-3a7dcb6a9277,error_ratio,trace_server_error_ratio,0.0
1776462783.63,checkout,4755bdbd-5ad9-49fa-acb7-3a7dcb6a9277,request_count,trace_server_count,0.0
1776462783.63,checkout,bb49e6b9-109a-41b8-be66-ab2a38272474,dependency_error_ratio,trace_client_error_ratio,0.0
1776462783.63,checkout,bb49e6b9-109a-41b8-be66-ab2a38272474,error_ratio,trace_server_error_ratio,0.0
1776462783.63,checkout,bb49e6b9-109a-41b8-be66-ab2a38272474,request_count,trace_server_count,0.0
1776462783.63,checkout,bc5804df-6f63-4261-8788-8ecfe5481366,dependency_error_ratio,trace_client_error_ratio,0.0
1776462783.63,checkout,bc5804df-6f63-4261-8788-8ecfe5481366,error_ratio,trace_server_error_ratio,0.0
1776462783.63,checkout,bc5804df-6f63-4261-8788-8ecfe5481366,request_count,trace_server_count,0.0
1776462783.63,checkout,checkout-7f4ccfc547-6crwh,cpu_usage,container_cpu_usage,0.11636684757034878
1776462783.63,checkout,checkout-7f4ccfc547-6crwh,memory_usage,container_memory_working_set_bytes,15134720.0
1776462783.63,checkout,checkout-7f4ccfc547-ftx2n,cpu_usage,container_cpu_usage,0.00046783334088951206
1776462783.63,checkout,checkout-7f4ccfc547-ftx2n,memory_usage,container_memory_working_set_bytes,12075008.0
1776462783.63,checkout,checkout-7f4ccfc547-qlfgr,cpu_usage,container_cpu_usage,0.037512624029865126
1776462783.63,checkout,checkout-7f4ccfc547-qlfgr,memory_usage,container_memory_working_set_bytes,14655488.0
1776462783.63,checkout,checkout::service,pod_restart_count,k8s_container_restarts,45.0
1776462783.63,checkout,checkout::service,pod_running_count,k8s_container_ready,3.0
1776462783.63,email,email-5dcf48b665-66zvj,cpu_usage,container_cpu_usage,0.009779649546827548
1776462783.63,email,email-5dcf48b665-66zvj,memory_usage,container_memory_working_set_bytes,59858944.0
1776462783.63,email,email-5dcf48b665-9xxmx,cpu_usage,container_cpu_usage,0.0006789927629624811
1776462783.63,email,email-5dcf48b665-9xxmx,memory_usage,container_memory_working_set_bytes,56541184.0
1776462783.63,email,email-5dcf48b665-n4zf2,cpu_usage,container_cpu_usage,0.006493982138065797
1776462783.63,email,email-5dcf48b665-n4zf2,memory_usage,container_memory_working_set_bytes,54669312.0
1776462783.63,email,email::service,pod_restart_count,k8s_container_restarts,9.0
1776462783.63,email,email::service,pod_running_count,k8s_container_ready,3.0
1776462783.63,email,otel-demo.email-5dcf48b665-66zvj.email,error_ratio,trace_server_error_ratio,0.0
1776462783.63,email,otel-demo.email-5dcf48b665-66zvj.email,request_count,trace_server_count,0.0
1776462783.63,email,otel-demo.email-5dcf48b665-9xxmx.email,error_ratio,trace_server_error_ratio,0.0
1776462783.63,email,otel-demo.email-5dcf48b665-9xxmx.email,request_count,trace_server_count,0.0
1776462783.63,email,otel-demo.email-5dcf48b665-n4zf2.email,error_ratio,trace_server_error_ratio,0.0
1776462783.63,email,otel-demo.email-5dcf48b665-n4zf2.email,request_count,trace_server_count,0.0
1776462783.63,frontend,frontend-b78bf7696-6bjdg,cpu_usage,container_cpu_usage,0.05628577067901692
1776462783.63,frontend,frontend-b78bf7696-6bjdg,memory_usage,container_memory_working_set_bytes,118398976.0
1776462783.63,frontend,frontend-b78bf7696-77ldd,cpu_usage,container_cpu_usage,0.07366232995526925
1776462783.63,frontend,frontend-b78bf7696-77ldd,memory_usage,container_memory_working_set_bytes,105918464.0
1776462783.63,frontend,frontend-b78bf7696-p9kqx,cpu_usage,container_cpu_usage,0.32211302193036256
1776462783.63,frontend,frontend-b78bf7696-p9kqx,memory_usage,container_memory_working_set_bytes,122884096.0
1776462783.63,frontend,frontend::service,pod_restart_count,k8s_container_restarts,3.0
1776462783.63,frontend,frontend::service,pod_running_count,k8s_container_ready,3.0
1776462783.63,frontend,otel-demo.frontend-b78bf7696-6bjdg.frontend,dependency_error_ratio,trace_client_error_ratio,0.0
1776462783.63,frontend,otel-demo.frontend-b78bf7696-6bjdg.frontend,error_ratio,trace_server_error_ratio,0.0
1776462783.63,frontend,otel-demo.frontend-b78bf7696-6bjdg.frontend,http_5xx_ratio,http_server_5xx_ratio,0.0
1776462783.63,frontend,otel-demo.frontend-b78bf7696-6bjdg.frontend,request_count,trace_server_count,0.0
1776462783.63,frontend,otel-demo.frontend-b78bf7696-77ldd.frontend,dependency_error_ratio,trace_client_error_ratio,0.0
1776462783.63,frontend,otel-demo.frontend-b78bf7696-77ldd.frontend,error_ratio,trace_server_error_ratio,0.0
1776462783.63,frontend,otel-demo.frontend-b78bf7696-77ldd.frontend,http_5xx_ratio,http_server_5xx_ratio,0.0
1776462783.63,frontend,otel-demo.frontend-b78bf7696-77ldd.frontend,request_count,trace_server_count,0.0
1776462783.63,frontend,otel-demo.frontend-b78bf7696-p9kqx.frontend,dependency_error_ratio,trace_client_error_ratio,0.0
1776462783.63,frontend,otel-demo.frontend-b78bf7696-p9kqx.frontend,error_ratio,trace_server_error_ratio,0.0
1776462783.63,frontend,otel-demo.frontend-b78bf7696-p9kqx.frontend,http_5xx_ratio,http_server_5xx_ratio,0.0
1776462783.63,frontend,otel-demo.frontend-b78bf7696-p9kqx.frontend,request_count,trace_server_count,0.0
1776462783.63,kafka,kafka-66df8bdf76-zjcbb,cpu_usage,container_cpu_usage,0.012894242909639237
1776462783.63,kafka,kafka-66df8bdf76-zjcbb,memory_usage,container_memory_working_set_bytes,666578944.0
1776462783.63,kafka,kafka::service,pod_restart_count,k8s_container_restarts,9.0
1776462783.63,kafka,kafka::service,pod_running_count,k8s_container_ready,1.0
1776462783.63,kafka,kafka::service,queue_lag,queue_size_ratio,0.0
1776462783.63,payment,otel-demo.payment-f9f8d647b-74h8z.payment,dependency_error_ratio,trace_client_error_ratio,0.0
1776462783.63,payment,otel-demo.payment-f9f8d647b-74h8z.payment,error_ratio,trace_server_error_ratio,0.0
1776462783.63,payment,otel-demo.payment-f9f8d647b-74h8z.payment,request_count,trace_server_count,0.0
1776462783.63,payment,otel-demo.payment-f9f8d647b-75hmx.payment,dependency_error_ratio,trace_client_error_ratio,0.0
1776462783.63,payment,otel-demo.payment-f9f8d647b-75hmx.payment,error_ratio,trace_server_error_ratio,0.0
1776462783.63,payment,otel-demo.payment-f9f8d647b-75hmx.payment,request_count,trace_server_count,0.0
1776462783.63,payment,otel-demo.payment-f9f8d647b-tv6l5.payment,dependency_error_ratio,trace_client_error_ratio,0.0
1776462783.63,payment,otel-demo.payment-f9f8d647b-tv6l5.payment,error_ratio,trace_server_error_ratio,0.0
1776462783.63,payment,otel-demo.payment-f9f8d647b-tv6l5.payment,request_count,trace_server_count,0.0
1776462783.63,payment,payment-f9f8d647b-74h8z,cpu_usage,container_cpu_usage,0.009554666110401443
1776462783.63,payment,payment-f9f8d647b-74h8z,memory_usage,container_memory_working_set_bytes,109326336.0
1776462783.63,payment,payment-f9f8d647b-75hmx,cpu_usage,container_cpu_usage,0.011136188328521198
1776462783.63,payment,payment-f9f8d647b-75hmx,memory_usage,container_memory_working_set_bytes,109178880.0
1776462783.63,payment,payment-f9f8d647b-tv6l5,cpu_usage,container_cpu_usage,0.006526395363487471
1776462783.63,payment,payment-f9f8d647b-tv6l5,memory_usage,container_memory_working_set_bytes,101027840.0
1776462783.63,payment,payment::service,pod_restart_count,k8s_container_restarts,39.0
1776462783.63,payment,payment::service,pod_running_count,k8s_container_ready,3.0
1776462783.63,product-catalog,otel-demo.product-catalog-784544475c-7crs7.product-catalog,dependency_error_ratio,trace_client_error_ratio,0.0
1776462783.63,product-catalog,otel-demo.product-catalog-784544475c-7crs7.product-catalog,error_ratio,trace_server_error_ratio,0.0
1776462783.63,product-catalog,otel-demo.product-catalog-784544475c-7crs7.product-catalog,request_count,trace_server_count,0.0
1776462783.63,product-catalog,otel-demo.product-catalog-784544475c-8skc7.product-catalog,dependency_error_ratio,trace_client_error_ratio,0.0
1776462783.63,product-catalog,otel-demo.product-catalog-784544475c-8skc7.product-catalog,error_ratio,trace_server_error_ratio,0.0
1776462783.63,product-catalog,otel-demo.product-catalog-784544475c-8skc7.product-catalog,request_count,trace_server_count,0.0
1776462783.63,product-catalog,otel-demo.product-catalog-784544475c-stwzc.product-catalog,dependency_error_ratio,trace_client_error_ratio,0.0
1776462783.63,product-catalog,otel-demo.product-catalog-784544475c-stwzc.product-catalog,error_ratio,trace_server_error_ratio,0.0
1776462783.63,product-catalog,otel-demo.product-catalog-784544475c-stwzc.product-catalog,request_count,trace_server_count,0.0
1776462783.63,product-catalog,product-catalog-784544475c-7crs7,cpu_usage,container_cpu_usage,0.04626619313888467
1776462783.63,product-catalog,product-catalog-784544475c-7crs7,memory_usage,container_memory_working_set_bytes,14860288.0
1776462783.63,product-catalog,product-catalog-784544475c-8skc7,cpu_usage,container_cpu_usage,0.0764708612158085
1776462783.63,product-catalog,product-catalog-784544475c-8skc7,memory_usage,container_memory_working_set_bytes,14942208.0
1776462783.63,product-catalog,product-catalog-784544475c-stwzc,cpu_usage,container_cpu_usage,0.0004027030122551817
1776462783.63,product-catalog,product-catalog-784544475c-stwzc,memory_usage,container_memory_working_set_bytes,12828672.0
1776462783.63,product-catalog,product-catalog::service,pod_restart_count,k8s_container_restarts,37.0
1776462783.63,product-catalog,product-catalog::service,pod_running_count,k8s_container_ready,3.0
1776462783.63,recommendation,otel-demo.recommendation-5b46f7469c-g2rgb.recommendation,dependency_error_ratio,trace_client_error_ratio,0.0
1776462783.63,recommendation,otel-demo.recommendation-5b46f7469c-rjwxq.recommendation,dependency_error_ratio,trace_client_error_ratio,0.0
1776462783.63,recommendation,otel-demo.recommendation-5b46f7469c-rjwxq.recommendation,error_ratio,trace_server_error_ratio,0.0
1776462783.63,recommendation,otel-demo.recommendation-5b46f7469c-rjwxq.recommendation,request_count,trace_server_count,0.0
1776462783.63,recommendation,otel-demo.recommendation-5b46f7469c-t2fm9.recommendation,dependency_error_ratio,trace_client_error_ratio,0.0
1776462783.63,recommendation,otel-demo.recommendation-5b46f7469c-t2fm9.recommendation,error_ratio,trace_server_error_ratio,0.0
1776462783.63,recommendation,otel-demo.recommendation-5b46f7469c-t2fm9.recommendation,request_count,trace_server_count,0.0
1776462783.63,recommendation,recommendation-5b46f7469c-g2rgb,cpu_usage,container_cpu_usage,0.00814965157781358
1776462783.63,recommendation,recommendation-5b46f7469c-g2rgb,memory_usage,container_memory_working_set_bytes,46891008.0
1776462783.63,recommendation,recommendation-5b46f7469c-rjwxq,cpu_usage,container_cpu_usage,0.023735882904554945
1776462783.63,recommendation,recommendation-5b46f7469c-rjwxq,memory_usage,container_memory_working_set_bytes,47849472.0
1776462783.63,recommendation,recommendation-5b46f7469c-t2fm9,cpu_usage,container_cpu_usage,0.02790257144837529
1776462783.63,recommendation,recommendation-5b46f7469c-t2fm9,memory_usage,container_memory_working_set_bytes,52563968.0
1776462783.63,recommendation,recommendation::service,pod_restart_count,k8s_container_restarts,3.0
1776462783.63,recommendation,recommendation::service,pod_running_count,k8s_container_ready,3.0
1776462793.63,ad,3a8b9295-6ae2-4e8a-b9b0-a607d7fec0a4,dependency_error_ratio,trace_client_error_ratio,0.0
1776462793.63,ad,3a8b9295-6ae2-4e8a-b9b0-a607d7fec0a4,error_ratio,trace_server_error_ratio,0.0
1776462793.63,ad,3a8b9295-6ae2-4e8a-b9b0-a607d7fec0a4,request_count,trace_server_count,0.0
1776462793.63,ad,5680c7ee-584c-4353-b6d2-93bc605a0324,dependency_error_ratio,trace_client_error_ratio,0.0
1776462793.63,ad,5680c7ee-584c-4353-b6d2-93bc605a0324,error_ratio,trace_server_error_ratio,0.0
1776462793.63,ad,5680c7ee-584c-4353-b6d2-93bc605a0324,request_count,trace_server_count,0.0
1776462793.63,ad,9f9a3c1c-bd3f-40ea-8764-b59f1ebd2204,dependency_error_ratio,trace_client_error_ratio,0.0
1776462793.63,ad,ad-7fb5b4f859-52ks9,cpu_usage,container_cpu_usage,0.0029727420488473186
1776462793.63,ad,ad-7fb5b4f859-52ks9,memory_usage,container_memory_working_set_bytes,260313088.0
1776462793.63,ad,ad-7fb5b4f859-rd4zw,cpu_usage,container_cpu_usage,0.0011328955918111405
1776462793.63,ad,ad-7fb5b4f859-rd4zw,memory_usage,container_memory_working_set_bytes,238366720.0
1776462793.63,ad,ad-7fb5b4f859-zsstr,cpu_usage,container_cpu_usage,0.0032321759814910754
1776462793.63,ad,ad-7fb5b4f859-zsstr,memory_usage,container_memory_working_set_bytes,261713920.0
1776462793.63,ad,ad::service,pod_restart_count,k8s_container_restarts,3.0
1776462793.63,ad,ad::service,pod_running_count,k8s_container_ready,3.0
1776462793.63,cart,cart-7c7496d7f-th7mc,cpu_usage,container_cpu_usage,0.049354725550655974
1776462793.63,cart,cart-7c7496d7f-th7mc,memory_usage,container_memory_working_set_bytes,62877696.0
1776462793.63,cart,cart::service,pod_restart_count,k8s_container_restarts,1.0
1776462793.63,cart,cart::service,pod_running_count,k8s_container_ready,1.0
1776462793.63,cart,f1f3afac-3031-4c18-925a-048232421d89,dependency_error_ratio,trace_client_error_ratio,0.0
1776462793.63,cart,f1f3afac-3031-4c18-925a-048232421d89,error_ratio,trace_server_error_ratio,0.0
1776462793.63,cart,f1f3afac-3031-4c18-925a-048232421d89,request_count,trace_server_count,0.0
1776462793.63,checkout,4755bdbd-5ad9-49fa-acb7-3a7dcb6a9277,dependency_error_ratio,trace_client_error_ratio,0.0
1776462793.63,checkout,4755bdbd-5ad9-49fa-acb7-3a7dcb6a9277,error_ratio,trace_server_error_ratio,0.0
1776462793.63,checkout,4755bdbd-5ad9-49fa-acb7-3a7dcb6a9277,request_count,trace_server_count,0.0
1776462793.63,checkout,bb49e6b9-109a-41b8-be66-ab2a38272474,dependency_error_ratio,trace_client_error_ratio,0.0
1776462793.63,checkout,bb49e6b9-109a-41b8-be66-ab2a38272474,error_ratio,trace_server_error_ratio,0.0
1776462793.63,checkout,bb49e6b9-109a-41b8-be66-ab2a38272474,request_count,trace_server_count,0.0
1776462793.63,checkout,bc5804df-6f63-4261-8788-8ecfe5481366,dependency_error_ratio,trace_client_error_ratio,0.0
1776462793.63,checkout,bc5804df-6f63-4261-8788-8ecfe5481366,error_ratio,trace_server_error_ratio,0.0
1776462793.63,checkout,bc5804df-6f63-4261-8788-8ecfe5481366,request_count,trace_server_count,0.0
1776462793.63,checkout,checkout-7f4ccfc547-6crwh,cpu_usage,container_cpu_usage,0.11360470455552485
1776462793.63,checkout,checkout-7f4ccfc547-6crwh,memory_usage,container_memory_working_set_bytes,15065088.0
1776462793.63,checkout,checkout-7f4ccfc547-ftx2n,cpu_usage,container_cpu_usage,0.00040858392779726546
1776462793.63,checkout,checkout-7f4ccfc547-ftx2n,memory_usage,container_memory_working_set_bytes,12009472.0
1776462793.63,checkout,checkout-7f4ccfc547-qlfgr,cpu_usage,container_cpu_usage,0.019590138060838362
1776462793.63,checkout,checkout-7f4ccfc547-qlfgr,memory_usage,container_memory_working_set_bytes,14655488.0
1776462793.63,checkout,checkout::service,pod_restart_count,k8s_container_restarts,45.0
1776462793.63,checkout,checkout::service,pod_running_count,k8s_container_ready,3.0
1776462793.63,email,email-5dcf48b665-66zvj,cpu_usage,container_cpu_usage,0.008656094324981472
1776462793.63,email,email-5dcf48b665-66zvj,memory_usage,container_memory_working_set_bytes,59781120.0
1776462793.63,email,email-5dcf48b665-9xxmx,cpu_usage,container_cpu_usage,0.0004067731954399026
1776462793.63,email,email-5dcf48b665-9xxmx,memory_usage,container_memory_working_set_bytes,56578048.0
1776462793.63,email,email-5dcf48b665-n4zf2,cpu_usage,container_cpu_usage,0.005822552588996879
1776462793.63,email,email-5dcf48b665-n4zf2,memory_usage,container_memory_working_set_bytes,54624256.0
1776462793.63,email,email::service,pod_restart_count,k8s_container_restarts,9.0
1776462793.63,email,email::service,pod_running_count,k8s_container_ready,3.0
1776462793.63,email,otel-demo.email-5dcf48b665-66zvj.email,error_ratio,trace_server_error_ratio,0.0
1776462793.63,email,otel-demo.email-5dcf48b665-66zvj.email,request_count,trace_server_count,0.0
1776462793.63,email,otel-demo.email-5dcf48b665-9xxmx.email,error_ratio,trace_server_error_ratio,0.0
1776462793.63,email,otel-demo.email-5dcf48b665-9xxmx.email,request_count,trace_server_count,0.0
1776462793.63,email,otel-demo.email-5dcf48b665-n4zf2.email,error_ratio,trace_server_error_ratio,0.0
1776462793.63,email,otel-demo.email-5dcf48b665-n4zf2.email,request_count,trace_server_count,0.0
1776462793.63,frontend,frontend-b78bf7696-6bjdg,cpu_usage,container_cpu_usage,0.8106601814041172
1776462793.63,frontend,frontend-b78bf7696-6bjdg,memory_usage,container_memory_working_set_bytes,123248640.0
1776462793.63,frontend,frontend-b78bf7696-77ldd,cpu_usage,container_cpu_usage,0.8715594049129396
1776462793.63,frontend,frontend-b78bf7696-77ldd,memory_usage,container_memory_working_set_bytes,110960640.0
1776462793.63,frontend,frontend-b78bf7696-p9kqx,cpu_usage,container_cpu_usage,1.4994369156798288
1776462793.63,frontend,frontend-b78bf7696-p9kqx,memory_usage,container_memory_working_set_bytes,123432960.0
1776462793.63,frontend,frontend::service,pod_restart_count,k8s_container_restarts,3.0
1776462793.63,frontend,frontend::service,pod_running_count,k8s_container_ready,3.0
1776462793.63,frontend,otel-demo.frontend-b78bf7696-6bjdg.frontend,dependency_error_ratio,trace_client_error_ratio,0.0
1776462793.63,frontend,otel-demo.frontend-b78bf7696-6bjdg.frontend,error_ratio,trace_server_error_ratio,0.0
1776462793.63,frontend,otel-demo.frontend-b78bf7696-6bjdg.frontend,http_5xx_ratio,http_server_5xx_ratio,0.0
1776462793.63,frontend,otel-demo.frontend-b78bf7696-6bjdg.frontend,request_count,trace_server_count,0.0
1776462793.63,frontend,otel-demo.frontend-b78bf7696-77ldd.frontend,dependency_error_ratio,trace_client_error_ratio,0.0
1776462793.63,frontend,otel-demo.frontend-b78bf7696-77ldd.frontend,error_ratio,trace_server_error_ratio,0.0
1776462793.63,frontend,otel-demo.frontend-b78bf7696-77ldd.frontend,http_5xx_ratio,http_server_5xx_ratio,0.0
1776462793.63,frontend,otel-demo.frontend-b78bf7696-77ldd.frontend,request_count,trace_server_count,0.0
1776462793.63,frontend,otel-demo.frontend-b78bf7696-p9kqx.frontend,dependency_error_ratio,trace_client_error_ratio,0.0
1776462793.63,frontend,otel-demo.frontend-b78bf7696-p9kqx.frontend,error_ratio,trace_server_error_ratio,0.0
1776462793.63,frontend,otel-demo.frontend-b78bf7696-p9kqx.frontend,http_5xx_ratio,http_server_5xx_ratio,0.0
1776462793.63,frontend,otel-demo.frontend-b78bf7696-p9kqx.frontend,request_count,trace_server_count,0.0
1776462793.63,kafka,kafka-66df8bdf76-zjcbb,cpu_usage,container_cpu_usage,0.01056183322762343
1776462793.63,kafka,kafka-66df8bdf76-zjcbb,memory_usage,container_memory_working_set_bytes,666578944.0
1776462793.63,kafka,kafka::service,pod_restart_count,k8s_container_restarts,9.0
1776462793.63,kafka,kafka::service,pod_running_count,k8s_container_ready,1.0
1776462793.63,kafka,kafka::service,queue_lag,queue_size_ratio,0.0
1776462793.63,payment,otel-demo.payment-f9f8d647b-74h8z.payment,dependency_error_ratio,trace_client_error_ratio,0.0
1776462793.63,payment,otel-demo.payment-f9f8d647b-74h8z.payment,error_ratio,trace_server_error_ratio,0.0
1776462793.63,payment,otel-demo.payment-f9f8d647b-74h8z.payment,request_count,trace_server_count,0.0
1776462793.63,payment,otel-demo.payment-f9f8d647b-75hmx.payment,dependency_error_ratio,trace_client_error_ratio,0.0
1776462793.63,payment,otel-demo.payment-f9f8d647b-75hmx.payment,error_ratio,trace_server_error_ratio,0.0
1776462793.63,payment,otel-demo.payment-f9f8d647b-75hmx.payment,request_count,trace_server_count,0.0
1776462793.63,payment,otel-demo.payment-f9f8d647b-tv6l5.payment,dependency_error_ratio,trace_client_error_ratio,0.0
1776462793.63,payment,otel-demo.payment-f9f8d647b-tv6l5.payment,error_ratio,trace_server_error_ratio,0.0
1776462793.63,payment,otel-demo.payment-f9f8d647b-tv6l5.payment,request_count,trace_server_count,0.0
1776462793.63,payment,payment-f9f8d647b-74h8z,cpu_usage,container_cpu_usage,0.009554666110401443
1776462793.63,payment,payment-f9f8d647b-74h8z,memory_usage,container_memory_working_set_bytes,109326336.0
1776462793.63,payment,payment-f9f8d647b-75hmx,cpu_usage,container_cpu_usage,0.008653489133895855
1776462793.63,payment,payment-f9f8d647b-75hmx,memory_usage,container_memory_working_set_bytes,109178880.0
1776462793.63,payment,payment-f9f8d647b-tv6l5,cpu_usage,container_cpu_usage,0.0067444714599976295
1776462793.63,payment,payment-f9f8d647b-tv6l5,memory_usage,container_memory_working_set_bytes,101027840.0
1776462793.63,payment,payment::service,pod_restart_count,k8s_container_restarts,39.0
1776462793.63,payment,payment::service,pod_running_count,k8s_container_ready,3.0
1776462793.63,product-catalog,otel-demo.product-catalog-784544475c-7crs7.product-catalog,dependency_error_ratio,trace_client_error_ratio,0.0
1776462793.63,product-catalog,otel-demo.product-catalog-784544475c-7crs7.product-catalog,error_ratio,trace_server_error_ratio,0.0
1776462793.63,product-catalog,otel-demo.product-catalog-784544475c-7crs7.product-catalog,request_count,trace_server_count,0.0
1776462793.63,product-catalog,otel-demo.product-catalog-784544475c-8skc7.product-catalog,dependency_error_ratio,trace_client_error_ratio,0.0
1776462793.63,product-catalog,otel-demo.product-catalog-784544475c-8skc7.product-catalog,error_ratio,trace_server_error_ratio,0.0
1776462793.63,product-catalog,otel-demo.product-catalog-784544475c-8skc7.product-catalog,request_count,trace_server_count,0.0
1776462793.63,product-catalog,otel-demo.product-catalog-784544475c-stwzc.product-catalog,dependency_error_ratio,trace_client_error_ratio,0.0
1776462793.63,product-catalog,otel-demo.product-catalog-784544475c-stwzc.product-catalog,error_ratio,trace_server_error_ratio,0.0
1776462793.63,product-catalog,otel-demo.product-catalog-784544475c-stwzc.product-catalog,request_count,trace_server_count,0.0
1776462793.63,product-catalog,product-catalog-784544475c-7crs7,cpu_usage,container_cpu_usage,0.04320549173758734
1776462793.63,product-catalog,product-catalog-784544475c-7crs7,memory_usage,container_memory_working_set_bytes,15073280.0
1776462793.63,product-catalog,product-catalog-784544475c-8skc7,cpu_usage,container_cpu_usage,0.06334039964307729
1776462793.63,product-catalog,product-catalog-784544475c-8skc7,memory_usage,container_memory_working_set_bytes,15376384.0
1776462793.63,product-catalog,product-catalog-784544475c-stwzc,cpu_usage,container_cpu_usage,0.00039830281006751487
1776462793.63,product-catalog,product-catalog-784544475c-stwzc,memory_usage,container_memory_working_set_bytes,12828672.0
1776462793.63,product-catalog,product-catalog::service,pod_restart_count,k8s_container_restarts,37.0
1776462793.63,product-catalog,product-catalog::service,pod_running_count,k8s_container_ready,3.0
1776462793.63,recommendation,otel-demo.recommendation-5b46f7469c-g2rgb.recommendation,dependency_error_ratio,trace_client_error_ratio,0.0
1776462793.63,recommendation,otel-demo.recommendation-5b46f7469c-rjwxq.recommendation,dependency_error_ratio,trace_client_error_ratio,0.0
1776462793.63,recommendation,otel-demo.recommendation-5b46f7469c-rjwxq.recommendation,error_ratio,trace_server_error_ratio,0.0
1776462793.63,recommendation,otel-demo.recommendation-5b46f7469c-rjwxq.recommendation,request_count,trace_server_count,0.0
1776462793.63,recommendation,otel-demo.recommendation-5b46f7469c-t2fm9.recommendation,dependency_error_ratio,trace_client_error_ratio,0.0
1776462793.63,recommendation,otel-demo.recommendation-5b46f7469c-t2fm9.recommendation,error_ratio,trace_server_error_ratio,0.0
1776462793.63,recommendation,otel-demo.recommendation-5b46f7469c-t2fm9.recommendation,request_count,trace_server_count,0.0
1776462793.63,recommendation,recommendation-5b46f7469c-g2rgb,cpu_usage,container_cpu_usage,0.011017743022785392
1776462793.63,recommendation,recommendation-5b46f7469c-g2rgb,memory_usage,container_memory_working_set_bytes,46891008.0
1776462793.63,recommendation,recommendation-5b46f7469c-rjwxq,cpu_usage,container_cpu_usage,0.021720649505662055
1776462793.63,recommendation,recommendation-5b46f7469c-rjwxq,memory_usage,container_memory_working_set_bytes,47865856.0
1776462793.63,recommendation,recommendation-5b46f7469c-t2fm9,cpu_usage,container_cpu_usage,0.016217225000002604
1776462793.63,recommendation,recommendation-5b46f7469c-t2fm9,memory_usage,container_memory_working_set_bytes,52563968.0
1776462793.63,recommendation,recommendation::service,pod_restart_count,k8s_container_restarts,3.0
1776462793.63,recommendation,recommendation::service,pod_running_count,k8s_container_ready,3.0
1776462803.63,ad,3a8b9295-6ae2-4e8a-b9b0-a607d7fec0a4,dependency_error_ratio,trace_client_error_ratio,0.0
1776462803.63,ad,3a8b9295-6ae2-4e8a-b9b0-a607d7fec0a4,error_ratio,trace_server_error_ratio,0.0
1776462803.63,ad,3a8b9295-6ae2-4e8a-b9b0-a607d7fec0a4,request_count,trace_server_count,0.0
1776462803.63,ad,5680c7ee-584c-4353-b6d2-93bc605a0324,dependency_error_ratio,trace_client_error_ratio,0.0
1776462803.63,ad,5680c7ee-584c-4353-b6d2-93bc605a0324,error_ratio,trace_server_error_ratio,0.0
1776462803.63,ad,5680c7ee-584c-4353-b6d2-93bc605a0324,request_count,trace_server_count,0.0
1776462803.63,ad,9f9a3c1c-bd3f-40ea-8764-b59f1ebd2204,dependency_error_ratio,trace_client_error_ratio,0.0
1776462803.63,ad,ad-7fb5b4f859-52ks9,cpu_usage,container_cpu_usage,0.0028823300145248373
1776462803.63,ad,ad-7fb5b4f859-52ks9,memory_usage,container_memory_working_set_bytes,260313088.0
1776462803.63,ad,ad-7fb5b4f859-rd4zw,cpu_usage,container_cpu_usage,0.0011393662271404125
1776462803.63,ad,ad-7fb5b4f859-rd4zw,memory_usage,container_memory_working_set_bytes,238366720.0
1776462803.63,ad,ad-7fb5b4f859-zsstr,cpu_usage,container_cpu_usage,0.0032321759814910754
1776462803.63,ad,ad-7fb5b4f859-zsstr,memory_usage,container_memory_working_set_bytes,261713920.0
1776462803.63,ad,ad::service,pod_restart_count,k8s_container_restarts,3.0
1776462803.63,ad,ad::service,pod_running_count,k8s_container_ready,3.0
1776462803.63,cart,cart-7c7496d7f-th7mc,cpu_usage,container_cpu_usage,0.04719048636522248
1776462803.63,cart,cart-7c7496d7f-th7mc,memory_usage,container_memory_working_set_bytes,62877696.0
1776462803.63,cart,cart::service,pod_restart_count,k8s_container_restarts,1.0
1776462803.63,cart,cart::service,pod_running_count,k8s_container_ready,1.0
1776462803.63,cart,f1f3afac-3031-4c18-925a-048232421d89,dependency_error_ratio,trace_client_error_ratio,0.0
1776462803.63,cart,f1f3afac-3031-4c18-925a-048232421d89,error_ratio,trace_server_error_ratio,0.0
1776462803.63,cart,f1f3afac-3031-4c18-925a-048232421d89,request_count,trace_server_count,0.0
1776462803.63,checkout,4755bdbd-5ad9-49fa-acb7-3a7dcb6a9277,dependency_error_ratio,trace_client_error_ratio,0.0
1776462803.63,checkout,4755bdbd-5ad9-49fa-acb7-3a7dcb6a9277,error_ratio,trace_server_error_ratio,0.0
1776462803.63,checkout,4755bdbd-5ad9-49fa-acb7-3a7dcb6a9277,request_count,trace_server_count,0.0
1776462803.63,checkout,bb49e6b9-109a-41b8-be66-ab2a38272474,dependency_error_ratio,trace_client_error_ratio,0.0
1776462803.63,checkout,bb49e6b9-109a-41b8-be66-ab2a38272474,error_ratio,trace_server_error_ratio,0.0
1776462803.63,checkout,bb49e6b9-109a-41b8-be66-ab2a38272474,request_count,trace_server_count,0.0
1776462803.63,checkout,bc5804df-6f63-4261-8788-8ecfe5481366,dependency_error_ratio,trace_client_error_ratio,0.0
1776462803.63,checkout,bc5804df-6f63-4261-8788-8ecfe5481366,error_ratio,trace_server_error_ratio,0.0
1776462803.63,checkout,bc5804df-6f63-4261-8788-8ecfe5481366,request_count,trace_server_count,0.0
1776462803.63,checkout,checkout-7f4ccfc547-6crwh,cpu_usage,container_cpu_usage,0.11925774848984107
1776462803.63,checkout,checkout-7f4ccfc547-6crwh,memory_usage,container_memory_working_set_bytes,15163392.0
1776462803.63,checkout,checkout-7f4ccfc547-ftx2n,cpu_usage,container_cpu_usage,0.00045249000062172576
1776462803.63,checkout,checkout-7f4ccfc547-ftx2n,memory_usage,container_memory_working_set_bytes,12009472.0
1776462803.63,checkout,checkout-7f4ccfc547-qlfgr,cpu_usage,container_cpu_usage,0.030969179737269585
1776462803.63,checkout,checkout-7f4ccfc547-qlfgr,memory_usage,container_memory_working_set_bytes,14680064.0
1776462803.63,checkout,checkout::service,pod_restart_count,k8s_container_restarts,45.0
1776462803.63,checkout,checkout::service,pod_running_count,k8s_container_ready,3.0
1776462803.63,email,email-5dcf48b665-66zvj,cpu_usage,container_cpu_usage,0.008656094324981472
1776462803.63,email,email-5dcf48b665-66zvj,memory_usage,container_memory_working_set_bytes,59781120.0
1776462803.63,email,email-5dcf48b665-9xxmx,cpu_usage,container_cpu_usage,0.00041342887822415163
1776462803.63,email,email-5dcf48b665-9xxmx,memory_usage,container_memory_working_set_bytes,56578048.0
1776462803.63,email,email-5dcf48b665-n4zf2,cpu_usage,container_cpu_usage,0.006060654531495636
1776462803.63,email,email-5dcf48b665-n4zf2,memory_usage,container_memory_working_set_bytes,54624256.0
1776462803.63,email,email::service,pod_restart_count,k8s_container_restarts,9.0
1776462803.63,email,email::service,pod_running_count,k8s_container_ready,3.0
1776462803.63,email,otel-demo.email-5dcf48b665-66zvj.email,error_ratio,trace_server_error_ratio,0.0
1776462803.63,email,otel-demo.email-5dcf48b665-66zvj.email,request_count,trace_server_count,0.0
1776462803.63,email,otel-demo.email-5dcf48b665-9xxmx.email,error_ratio,trace_server_error_ratio,0.0
1776462803.63,email,otel-demo.email-5dcf48b665-9xxmx.email,request_count,trace_server_count,0.0
1776462803.63,email,otel-demo.email-5dcf48b665-n4zf2.email,error_ratio,trace_server_error_ratio,0.0
1776462803.63,email,otel-demo.email-5dcf48b665-n4zf2.email,request_count,trace_server_count,0.0
1776462803.63,frontend,frontend-b78bf7696-6bjdg,cpu_usage,container_cpu_usage,1.5841187123143579
1776462803.63,frontend,frontend-b78bf7696-6bjdg,memory_usage,container_memory_working_set_bytes,123666432.0
1776462803.63,frontend,frontend-b78bf7696-77ldd,cpu_usage,container_cpu_usage,2.228808142451134
1776462803.63,frontend,frontend-b78bf7696-77ldd,memory_usage,container_memory_working_set_bytes,112480256.0
1776462803.63,frontend,frontend-b78bf7696-p9kqx,cpu_usage,container_cpu_usage,1.4994369156798288
1776462803.63,frontend,frontend-b78bf7696-p9kqx,memory_usage,container_memory_working_set_bytes,123432960.0
1776462803.63,frontend,frontend::service,pod_restart_count,k8s_container_restarts,3.0
1776462803.63,frontend,frontend::service,pod_running_count,k8s_container_ready,3.0
1776462803.63,frontend,otel-demo.frontend-b78bf7696-6bjdg.frontend,dependency_error_ratio,trace_client_error_ratio,0.0
1776462803.63,frontend,otel-demo.frontend-b78bf7696-6bjdg.frontend,error_ratio,trace_server_error_ratio,0.0
1776462803.63,frontend,otel-demo.frontend-b78bf7696-6bjdg.frontend,http_5xx_ratio,http_server_5xx_ratio,0.0
1776462803.63,frontend,otel-demo.frontend-b78bf7696-6bjdg.frontend,request_count,trace_server_count,0.0
1776462803.63,frontend,otel-demo.frontend-b78bf7696-77ldd.frontend,dependency_error_ratio,trace_client_error_ratio,0.0
1776462803.63,frontend,otel-demo.frontend-b78bf7696-77ldd.frontend,error_ratio,trace_server_error_ratio,0.0
1776462803.63,frontend,otel-demo.frontend-b78bf7696-77ldd.frontend,http_5xx_ratio,http_server_5xx_ratio,0.0
1776462803.63,frontend,otel-demo.frontend-b78bf7696-77ldd.frontend,request_count,trace_server_count,0.0
1776462803.63,frontend,otel-demo.frontend-b78bf7696-p9kqx.frontend,dependency_error_ratio,trace_client_error_ratio,0.0
1776462803.63,frontend,otel-demo.frontend-b78bf7696-p9kqx.frontend,error_ratio,trace_server_error_ratio,0.0
1776462803.63,frontend,otel-demo.frontend-b78bf7696-p9kqx.frontend,http_5xx_ratio,http_server_5xx_ratio,0.0
1776462803.63,frontend,otel-demo.frontend-b78bf7696-p9kqx.frontend,request_count,trace_server_count,0.0
1776462803.63,kafka,kafka-66df8bdf76-zjcbb,cpu_usage,container_cpu_usage,0.012917060717060206
1776462803.63,kafka,kafka-66df8bdf76-zjcbb,memory_usage,container_memory_working_set_bytes,666599424.0
1776462803.63,kafka,kafka::service,pod_restart_count,k8s_container_restarts,9.0
1776462803.63,kafka,kafka::service,pod_running_count,k8s_container_ready,1.0
1776462803.63,kafka,kafka::service,queue_lag,queue_size_ratio,0.0
1776462803.63,payment,otel-demo.payment-f9f8d647b-74h8z.payment,dependency_error_ratio,trace_client_error_ratio,0.0
1776462803.63,payment,otel-demo.payment-f9f8d647b-74h8z.payment,error_ratio,trace_server_error_ratio,0.0
1776462803.63,payment,otel-demo.payment-f9f8d647b-74h8z.payment,request_count,trace_server_count,0.0
1776462803.63,payment,otel-demo.payment-f9f8d647b-75hmx.payment,dependency_error_ratio,trace_client_error_ratio,0.0
1776462803.63,payment,otel-demo.payment-f9f8d647b-75hmx.payment,error_ratio,trace_server_error_ratio,0.0
1776462803.63,payment,otel-demo.payment-f9f8d647b-75hmx.payment,request_count,trace_server_count,0.0
1776462803.63,payment,otel-demo.payment-f9f8d647b-tv6l5.payment,dependency_error_ratio,trace_client_error_ratio,0.0
1776462803.63,payment,otel-demo.payment-f9f8d647b-tv6l5.payment,error_ratio,trace_server_error_ratio,0.0
1776462803.63,payment,otel-demo.payment-f9f8d647b-tv6l5.payment,request_count,trace_server_count,0.0
1776462803.63,payment,payment-f9f8d647b-74h8z,cpu_usage,container_cpu_usage,0.009529122503057423
1776462803.63,payment,payment-f9f8d647b-74h8z,memory_usage,container_memory_working_set_bytes,109326336.0
1776462803.63,payment,payment-f9f8d647b-75hmx,cpu_usage,container_cpu_usage,0.01155714213505845
1776462803.63,payment,payment-f9f8d647b-75hmx,memory_usage,container_memory_working_set_bytes,109559808.0
1776462803.63,payment,payment-f9f8d647b-tv6l5,cpu_usage,container_cpu_usage,0.007108830194428037
1776462803.63,payment,payment-f9f8d647b-tv6l5,memory_usage,container_memory_working_set_bytes,101027840.0
1776462803.63,payment,payment::service,pod_restart_count,k8s_container_restarts,39.0
1776462803.63,payment,payment::service,pod_running_count,k8s_container_ready,3.0
1776462803.63,product-catalog,otel-demo.product-catalog-784544475c-7crs7.product-catalog,dependency_error_ratio,trace_client_error_ratio,0.0
1776462803.63,product-catalog,otel-demo.product-catalog-784544475c-7crs7.product-catalog,error_ratio,trace_server_error_ratio,0.0
1776462803.63,product-catalog,otel-demo.product-catalog-784544475c-7crs7.product-catalog,request_count,trace_server_count,0.0
1776462803.63,product-catalog,otel-demo.product-catalog-784544475c-8skc7.product-catalog,dependency_error_ratio,trace_client_error_ratio,0.0
1776462803.63,product-catalog,otel-demo.product-catalog-784544475c-8skc7.product-catalog,error_ratio,trace_server_error_ratio,0.0
1776462803.63,product-catalog,otel-demo.product-catalog-784544475c-8skc7.product-catalog,request_count,trace_server_count,0.0
1776462803.63,product-catalog,otel-demo.product-catalog-784544475c-stwzc.product-catalog,dependency_error_ratio,trace_client_error_ratio,0.0
1776462803.63,product-catalog,otel-demo.product-catalog-784544475c-stwzc.product-catalog,error_ratio,trace_server_error_ratio,0.0
1776462803.63,product-catalog,otel-demo.product-catalog-784544475c-stwzc.product-catalog,request_count,trace_server_count,0.0
1776462803.63,product-catalog,product-catalog-784544475c-7crs7,cpu_usage,container_cpu_usage,0.03784694086817821
1776462803.63,product-catalog,product-catalog-784544475c-7crs7,memory_usage,container_memory_working_set_bytes,14880768.0
1776462803.63,product-catalog,product-catalog-784544475c-8skc7,cpu_usage,container_cpu_usage,0.06334039964307729
1776462803.63,product-catalog,product-catalog-784544475c-8skc7,memory_usage,container_memory_working_set_bytes,15376384.0
1776462803.63,product-catalog,product-catalog-784544475c-stwzc,cpu_usage,container_cpu_usage,0.00034140476261794266
1776462803.63,product-catalog,product-catalog-784544475c-stwzc,memory_usage,container_memory_working_set_bytes,12828672.0
1776462803.63,product-catalog,product-catalog::service,pod_restart_count,k8s_container_restarts,37.0
1776462803.63,product-catalog,product-catalog::service,pod_running_count,k8s_container_ready,3.0
1776462803.63,recommendation,otel-demo.recommendation-5b46f7469c-g2rgb.recommendation,dependency_error_ratio,trace_client_error_ratio,0.0
1776462803.63,recommendation,otel-demo.recommendation-5b46f7469c-rjwxq.recommendation,dependency_error_ratio,trace_client_error_ratio,0.0
1776462803.63,recommendation,otel-demo.recommendation-5b46f7469c-rjwxq.recommendation,error_ratio,trace_server_error_ratio,0.0
1776462803.63,recommendation,otel-demo.recommendation-5b46f7469c-rjwxq.recommendation,request_count,trace_server_count,0.0
1776462803.63,recommendation,otel-demo.recommendation-5b46f7469c-t2fm9.recommendation,dependency_error_ratio,trace_client_error_ratio,0.0
1776462803.63,recommendation,otel-demo.recommendation-5b46f7469c-t2fm9.recommendation,error_ratio,trace_server_error_ratio,0.0
1776462803.63,recommendation,otel-demo.recommendation-5b46f7469c-t2fm9.recommendation,request_count,trace_server_count,0.0
1776462803.63,recommendation,recommendation-5b46f7469c-g2rgb,cpu_usage,container_cpu_usage,0.010242321899736178
1776462803.63,recommendation,recommendation-5b46f7469c-g2rgb,memory_usage,container_memory_working_set_bytes,46891008.0
1776462803.63,recommendation,recommendation-5b46f7469c-rjwxq,cpu_usage,container_cpu_usage,0.021720649505662055
1776462803.63,recommendation,recommendation-5b46f7469c-rjwxq,memory_usage,container_memory_working_set_bytes,47865856.0
1776462803.63,recommendation,recommendation-5b46f7469c-t2fm9,cpu_usage,container_cpu_usage,0.027546089921161296
1776462803.63,recommendation,recommendation-5b46f7469c-t2fm9,memory_usage,container_memory_working_set_bytes,52588544.0
1776462803.63,recommendation,recommendation::service,pod_restart_count,k8s_container_restarts,3.0
1776462803.63,recommendation,recommendation::service,pod_running_count,k8s_container_ready,3.0
1776462813.63,ad,3a8b9295-6ae2-4e8a-b9b0-a607d7fec0a4,dependency_error_ratio,trace_client_error_ratio,0.0
1776462813.63,ad,3a8b9295-6ae2-4e8a-b9b0-a607d7fec0a4,error_ratio,trace_server_error_ratio,0.0
1776462813.63,ad,3a8b9295-6ae2-4e8a-b9b0-a607d7fec0a4,request_count,trace_server_count,0.0
1776462813.63,ad,5680c7ee-584c-4353-b6d2-93bc605a0324,dependency_error_ratio,trace_client_error_ratio,0.0
1776462813.63,ad,5680c7ee-584c-4353-b6d2-93bc605a0324,error_ratio,trace_server_error_ratio,0.0
1776462813.63,ad,5680c7ee-584c-4353-b6d2-93bc605a0324,request_count,trace_server_count,0.0
1776462813.63,ad,9f9a3c1c-bd3f-40ea-8764-b59f1ebd2204,dependency_error_ratio,trace_client_error_ratio,0.0
1776462813.63,ad,ad-7fb5b4f859-52ks9,cpu_usage,container_cpu_usage,0.002628154539933173
1776462813.63,ad,ad-7fb5b4f859-52ks9,memory_usage,container_memory_working_set_bytes,260313088.0
1776462813.63,ad,ad-7fb5b4f859-rd4zw,cpu_usage,container_cpu_usage,0.001046273570786159
1776462813.63,ad,ad-7fb5b4f859-rd4zw,memory_usage,container_memory_working_set_bytes,238366720.0
1776462813.63,ad,ad-7fb5b4f859-zsstr,cpu_usage,container_cpu_usage,0.0034255094370302407
1776462813.63,ad,ad-7fb5b4f859-zsstr,memory_usage,container_memory_working_set_bytes,261709824.0
1776462813.63,ad,ad::service,pod_restart_count,k8s_container_restarts,3.0
1776462813.63,ad,ad::service,pod_running_count,k8s_container_ready,3.0
1776462813.63,cart,cart-7c7496d7f-th7mc,cpu_usage,container_cpu_usage,0.0474350724428287
1776462813.63,cart,cart-7c7496d7f-th7mc,memory_usage,container_memory_working_set_bytes,62701568.0
1776462813.63,cart,cart::service,pod_restart_count,k8s_container_restarts,1.0
1776462813.63,cart,cart::service,pod_running_count,k8s_container_ready,1.0
1776462813.63,cart,f1f3afac-3031-4c18-925a-048232421d89,dependency_error_ratio,trace_client_error_ratio,0.0
1776462813.63,cart,f1f3afac-3031-4c18-925a-048232421d89,error_ratio,trace_server_error_ratio,0.0
1776462813.63,cart,f1f3afac-3031-4c18-925a-048232421d89,request_count,trace_server_count,0.0
1776462813.63,checkout,4755bdbd-5ad9-49fa-acb7-3a7dcb6a9277,dependency_error_ratio,trace_client_error_ratio,0.0
1776462813.63,checkout,4755bdbd-5ad9-49fa-acb7-3a7dcb6a9277,error_ratio,trace_server_error_ratio,0.0
1776462813.63,checkout,4755bdbd-5ad9-49fa-acb7-3a7dcb6a9277,request_count,trace_server_count,0.0
1776462813.63,checkout,bb49e6b9-109a-41b8-be66-ab2a38272474,dependency_error_ratio,trace_client_error_ratio,0.0
1776462813.63,checkout,bb49e6b9-109a-41b8-be66-ab2a38272474,error_ratio,trace_server_error_ratio,0.0
1776462813.63,checkout,bb49e6b9-109a-41b8-be66-ab2a38272474,request_count,trace_server_count,0.0
1776462813.63,checkout,bc5804df-6f63-4261-8788-8ecfe5481366,dependency_error_ratio,trace_client_error_ratio,0.0
1776462813.63,checkout,bc5804df-6f63-4261-8788-8ecfe5481366,error_ratio,trace_server_error_ratio,0.0
1776462813.63,checkout,bc5804df-6f63-4261-8788-8ecfe5481366,request_count,trace_server_count,0.0
1776462813.63,checkout,checkout-7f4ccfc547-6crwh,cpu_usage,container_cpu_usage,0.11925774848984107
1776462813.63,checkout,checkout-7f4ccfc547-6crwh,memory_usage,container_memory_working_set_bytes,15163392.0
1776462813.63,checkout,checkout-7f4ccfc547-ftx2n,cpu_usage,container_cpu_usage,0.00038465218639364523
1776462813.63,checkout,checkout-7f4ccfc547-ftx2n,memory_usage,container_memory_working_set_bytes,12009472.0
1776462813.63,checkout,checkout-7f4ccfc547-qlfgr,cpu_usage,container_cpu_usage,0.037941064553675276
1776462813.63,checkout,checkout-7f4ccfc547-qlfgr,memory_usage,container_memory_working_set_bytes,14696448.0
1776462813.63,checkout,checkout::service,pod_restart_count,k8s_container_restarts,45.0
1776462813.63,checkout,checkout::service,pod_running_count,k8s_container_ready,3.0
1776462813.63,email,email-5dcf48b665-66zvj,cpu_usage,container_cpu_usage,0.010135211334343409
1776462813.63,email,email-5dcf48b665-66zvj,memory_usage,container_memory_working_set_bytes,59793408.0
1776462813.63,email,email-5dcf48b665-9xxmx,cpu_usage,container_cpu_usage,0.00041342887822415163
1776462813.63,email,email-5dcf48b665-9xxmx,memory_usage,container_memory_working_set_bytes,56578048.0
1776462813.63,email,email-5dcf48b665-n4zf2,cpu_usage,container_cpu_usage,0.007016699934782031
1776462813.63,email,email-5dcf48b665-n4zf2,memory_usage,container_memory_working_set_bytes,54607872.0
1776462813.63,email,email::service,pod_restart_count,k8s_container_restarts,9.0
1776462813.63,email,email::service,pod_running_count,k8s_container_ready,3.0
1776462813.63,email,otel-demo.email-5dcf48b665-66zvj.email,error_ratio,trace_server_error_ratio,0.0
1776462813.63,email,otel-demo.email-5dcf48b665-66zvj.email,request_count,trace_server_count,0.0
1776462813.63,email,otel-demo.email-5dcf48b665-9xxmx.email,error_ratio,trace_server_error_ratio,0.0
1776462813.63,email,otel-demo.email-5dcf48b665-9xxmx.email,request_count,trace_server_count,0.0
1776462813.63,email,otel-demo.email-5dcf48b665-n4zf2.email,error_ratio,trace_server_error_ratio,0.0
1776462813.63,email,otel-demo.email-5dcf48b665-n4zf2.email,request_count,trace_server_count,0.0
1776462813.63,frontend,frontend-b78bf7696-6bjdg,cpu_usage,container_cpu_usage,2.4957578444135216
1776462813.63,frontend,frontend-b78bf7696-6bjdg,memory_usage,container_memory_working_set_bytes,123596800.0
1776462813.63,frontend,frontend-b78bf7696-77ldd,cpu_usage,container_cpu_usage,2.228808142451134
1776462813.63,frontend,frontend-b78bf7696-77ldd,memory_usage,container_memory_working_set_bytes,112480256.0
1776462813.63,frontend,frontend-b78bf7696-p9kqx,cpu_usage,container_cpu_usage,1.535536397687409
1776462813.63,frontend,frontend-b78bf7696-p9kqx,memory_usage,container_memory_working_set_bytes,123432960.0
1776462813.63,frontend,frontend::service,pod_restart_count,k8s_container_restarts,3.0
1776462813.63,frontend,frontend::service,pod_running_count,k8s_container_ready,3.0
1776462813.63,frontend,otel-demo.frontend-b78bf7696-6bjdg.frontend,dependency_error_ratio,trace_client_error_ratio,0.0
1776462813.63,frontend,otel-demo.frontend-b78bf7696-6bjdg.frontend,error_ratio,trace_server_error_ratio,0.0
1776462813.63,frontend,otel-demo.frontend-b78bf7696-6bjdg.frontend,http_5xx_ratio,http_server_5xx_ratio,0.0
1776462813.63,frontend,otel-demo.frontend-b78bf7696-6bjdg.frontend,request_count,trace_server_count,0.0
1776462813.63,frontend,otel-demo.frontend-b78bf7696-77ldd.frontend,dependency_error_ratio,trace_client_error_ratio,0.0
1776462813.63,frontend,otel-demo.frontend-b78bf7696-77ldd.frontend,error_ratio,trace_server_error_ratio,0.0
1776462813.63,frontend,otel-demo.frontend-b78bf7696-77ldd.frontend,http_5xx_ratio,http_server_5xx_ratio,0.0
1776462813.63,frontend,otel-demo.frontend-b78bf7696-77ldd.frontend,request_count,trace_server_count,0.0
1776462813.63,frontend,otel-demo.frontend-b78bf7696-p9kqx.frontend,dependency_error_ratio,trace_client_error_ratio,0.0
1776462813.63,frontend,otel-demo.frontend-b78bf7696-p9kqx.frontend,error_ratio,trace_server_error_ratio,0.0
1776462813.63,frontend,otel-demo.frontend-b78bf7696-p9kqx.frontend,http_5xx_ratio,http_server_5xx_ratio,0.0
1776462813.63,frontend,otel-demo.frontend-b78bf7696-p9kqx.frontend,request_count,trace_server_count,0.0
1776462813.63,kafka,kafka-66df8bdf76-zjcbb,cpu_usage,container_cpu_usage,0.01233550223668193
1776462813.63,kafka,kafka-66df8bdf76-zjcbb,memory_usage,container_memory_working_set_bytes,666632192.0
1776462813.63,kafka,kafka::service,pod_restart_count,k8s_container_restarts,9.0
1776462813.63,kafka,kafka::service,pod_running_count,k8s_container_ready,1.0
1776462813.63,kafka,kafka::service,queue_lag,queue_size_ratio,0.0
1776462813.63,payment,otel-demo.payment-f9f8d647b-74h8z.payment,dependency_error_ratio,trace_client_error_ratio,0.0
1776462813.63,payment,otel-demo.payment-f9f8d647b-74h8z.payment,error_ratio,trace_server_error_ratio,0.0
1776462813.63,payment,otel-demo.payment-f9f8d647b-74h8z.payment,request_count,trace_server_count,0.0
1776462813.63,payment,otel-demo.payment-f9f8d647b-75hmx.payment,dependency_error_ratio,trace_client_error_ratio,0.0
1776462813.63,payment,otel-demo.payment-f9f8d647b-75hmx.payment,error_ratio,trace_server_error_ratio,0.0
1776462813.63,payment,otel-demo.payment-f9f8d647b-75hmx.payment,request_count,trace_server_count,0.0
1776462813.63,payment,otel-demo.payment-f9f8d647b-tv6l5.payment,dependency_error_ratio,trace_client_error_ratio,0.0
1776462813.63,payment,otel-demo.payment-f9f8d647b-tv6l5.payment,error_ratio,trace_server_error_ratio,0.0
1776462813.63,payment,otel-demo.payment-f9f8d647b-tv6l5.payment,request_count,trace_server_count,0.0
1776462813.63,payment,payment-f9f8d647b-74h8z,cpu_usage,container_cpu_usage,0.009529122503057423
1776462813.63,payment,payment-f9f8d647b-74h8z,memory_usage,container_memory_working_set_bytes,109326336.0
1776462813.63,payment,payment-f9f8d647b-75hmx,cpu_usage,container_cpu_usage,0.011823955463949522
1776462813.63,payment,payment-f9f8d647b-75hmx,memory_usage,container_memory_working_set_bytes,109559808.0
1776462813.63,payment,payment-f9f8d647b-tv6l5,cpu_usage,container_cpu_usage,0.0070900864506745695
1776462813.63,payment,payment-f9f8d647b-tv6l5,memory_usage,container_memory_working_set_bytes,101027840.0
1776462813.63,payment,payment::service,pod_restart_count,k8s_container_restarts,39.0
1776462813.63,payment,payment::service,pod_running_count,k8s_container_ready,3.0
1776462813.63,product-catalog,otel-demo.product-catalog-784544475c-7crs7.product-catalog,dependency_error_ratio,trace_client_error_ratio,0.0
1776462813.63,product-catalog,otel-demo.product-catalog-784544475c-7crs7.product-catalog,error_ratio,trace_server_error_ratio,0.0
1776462813.63,product-catalog,otel-demo.product-catalog-784544475c-7crs7.product-catalog,request_count,trace_server_count,0.0
1776462813.63,product-catalog,otel-demo.product-catalog-784544475c-8skc7.product-catalog,dependency_error_ratio,trace_client_error_ratio,0.0
1776462813.63,product-catalog,otel-demo.product-catalog-784544475c-8skc7.product-catalog,error_ratio,trace_server_error_ratio,0.0
1776462813.63,product-catalog,otel-demo.product-catalog-784544475c-8skc7.product-catalog,request_count,trace_server_count,0.0
1776462813.63,product-catalog,otel-demo.product-catalog-784544475c-stwzc.product-catalog,dependency_error_ratio,trace_client_error_ratio,0.0
1776462813.63,product-catalog,otel-demo.product-catalog-784544475c-stwzc.product-catalog,error_ratio,trace_server_error_ratio,0.0
1776462813.63,product-catalog,otel-demo.product-catalog-784544475c-stwzc.product-catalog,request_count,trace_server_count,0.0
1776462813.63,product-catalog,product-catalog-784544475c-7crs7,cpu_usage,container_cpu_usage,0.029289256564939668
1776462813.63,product-catalog,product-catalog-784544475c-7crs7,memory_usage,container_memory_working_set_bytes,15982592.0
1776462813.63,product-catalog,product-catalog-784544475c-8skc7,cpu_usage,container_cpu_usage,0.0620695117926343
1776462813.63,product-catalog,product-catalog-784544475c-8skc7,memory_usage,container_memory_working_set_bytes,15024128.0
1776462813.63,product-catalog,product-catalog-784544475c-stwzc,cpu_usage,container_cpu_usage,0.00037875527244555514
1776462813.63,product-catalog,product-catalog-784544475c-stwzc,memory_usage,container_memory_working_set_bytes,12828672.0
1776462813.63,product-catalog,product-catalog::service,pod_restart_count,k8s_container_restarts,37.0
1776462813.63,product-catalog,product-catalog::service,pod_running_count,k8s_container_ready,3.0
1776462813.63,recommendation,otel-demo.recommendation-5b46f7469c-g2rgb.recommendation,dependency_error_ratio,trace_client_error_ratio,0.0
1776462813.63,recommendation,otel-demo.recommendation-5b46f7469c-rjwxq.recommendation,dependency_error_ratio,trace_client_error_ratio,0.0
1776462813.63,recommendation,otel-demo.recommendation-5b46f7469c-rjwxq.recommendation,error_ratio,trace_server_error_ratio,0.0
1776462813.63,recommendation,otel-demo.recommendation-5b46f7469c-rjwxq.recommendation,request_count,trace_server_count,0.0
1776462813.63,recommendation,otel-demo.recommendation-5b46f7469c-t2fm9.recommendation,dependency_error_ratio,trace_client_error_ratio,0.0
1776462813.63,recommendation,otel-demo.recommendation-5b46f7469c-t2fm9.recommendation,error_ratio,trace_server_error_ratio,0.0
1776462813.63,recommendation,otel-demo.recommendation-5b46f7469c-t2fm9.recommendation,request_count,trace_server_count,0.0
1776462813.63,recommendation,recommendation-5b46f7469c-g2rgb,cpu_usage,container_cpu_usage,0.008922616285376404
1776462813.63,recommendation,recommendation-5b46f7469c-g2rgb,memory_usage,container_memory_working_set_bytes,46891008.0
1776462813.63,recommendation,recommendation-5b46f7469c-rjwxq,cpu_usage,container_cpu_usage,0.021832620761082302
1776462813.63,recommendation,recommendation-5b46f7469c-rjwxq,memory_usage,container_memory_working_set_bytes,47865856.0
1776462813.63,recommendation,recommendation-5b46f7469c-t2fm9,cpu_usage,container_cpu_usage,0.028098517725301128
1776462813.63,recommendation,recommendation-5b46f7469c-t2fm9,memory_usage,container_memory_working_set_bytes,53084160.0
1776462813.63,recommendation,recommendation::service,pod_restart_count,k8s_container_restarts,3.0
1776462813.63,recommendation,recommendation::service,pod_running_count,k8s_container_ready,3.0
1776462823.63,ad,3a8b9295-6ae2-4e8a-b9b0-a607d7fec0a4,dependency_error_ratio,trace_client_error_ratio,0.0
1776462823.63,ad,3a8b9295-6ae2-4e8a-b9b0-a607d7fec0a4,error_ratio,trace_server_error_ratio,0.0
1776462823.63,ad,3a8b9295-6ae2-4e8a-b9b0-a607d7fec0a4,latency_p95,trace_server_latency_p95,5.5
1776462823.63,ad,3a8b9295-6ae2-4e8a-b9b0-a607d7fec0a4,request_count,trace_server_count,11.0
1776462823.63,ad,5680c7ee-584c-4353-b6d2-93bc605a0324,dependency_error_ratio,trace_client_error_ratio,0.0
1776462823.63,ad,5680c7ee-584c-4353-b6d2-93bc605a0324,error_ratio,trace_server_error_ratio,0.0
1776462823.63,ad,5680c7ee-584c-4353-b6d2-93bc605a0324,latency_p95,trace_server_latency_p95,6.179999999999995
1776462823.63,ad,5680c7ee-584c-4353-b6d2-93bc605a0324,request_count,trace_server_count,17.1
1776462823.63,ad,9f9a3c1c-bd3f-40ea-8764-b59f1ebd2204,dependency_error_ratio,trace_client_error_ratio,0.0
1776462823.63,ad,ad-7fb5b4f859-52ks9,cpu_usage,container_cpu_usage,0.00218326911377038
1776462823.63,ad,ad-7fb5b4f859-52ks9,memory_usage,container_memory_working_set_bytes,260313088.0
1776462823.63,ad,ad-7fb5b4f859-rd4zw,cpu_usage,container_cpu_usage,0.001081620314389164
1776462823.63,ad,ad-7fb5b4f859-rd4zw,memory_usage,container_memory_working_set_bytes,238366720.0
1776462823.63,ad,ad-7fb5b4f859-zsstr,cpu_usage,container_cpu_usage,0.0034038593188442396
1776462823.63,ad,ad-7fb5b4f859-zsstr,memory_usage,container_memory_working_set_bytes,261709824.0
1776462823.63,ad,ad::service,pod_restart_count,k8s_container_restarts,3.0
1776462823.63,ad,ad::service,pod_running_count,k8s_container_ready,3.0
1776462823.63,cart,cart-7c7496d7f-th7mc,cpu_usage,container_cpu_usage,0.04639148618372024
1776462823.63,cart,cart-7c7496d7f-th7mc,memory_usage,container_memory_working_set_bytes,62701568.0
1776462823.63,cart,cart::service,pod_restart_count,k8s_container_restarts,1.0
1776462823.63,cart,cart::service,pod_running_count,k8s_container_ready,1.0
1776462823.63,cart,f1f3afac-3031-4c18-925a-048232421d89,dependency_error_ratio,trace_client_error_ratio,0.0
1776462823.63,cart,f1f3afac-3031-4c18-925a-048232421d89,error_ratio,trace_server_error_ratio,0.0
1776462823.63,cart,f1f3afac-3031-4c18-925a-048232421d89,latency_p95,trace_server_latency_p95,5.844117647058822
1776462823.63,cart,f1f3afac-3031-4c18-925a-048232421d89,request_count,trace_server_count,187.9
1776462823.63,checkout,4755bdbd-5ad9-49fa-acb7-3a7dcb6a9277,dependency_error_ratio,trace_client_error_ratio,0.0
1776462823.63,checkout,4755bdbd-5ad9-49fa-acb7-3a7dcb6a9277,error_ratio,trace_server_error_ratio,0.0
1776462823.63,checkout,4755bdbd-5ad9-49fa-acb7-3a7dcb6a9277,latency_p95,trace_server_latency_p95,98.57142857142856
1776462823.63,checkout,4755bdbd-5ad9-49fa-acb7-3a7dcb6a9277,request_count,trace_server_count,13.6
1776462823.63,checkout,bb49e6b9-109a-41b8-be66-ab2a38272474,dependency_error_ratio,trace_client_error_ratio,0.0
1776462823.63,checkout,bb49e6b9-109a-41b8-be66-ab2a38272474,error_ratio,trace_server_error_ratio,0.0
1776462823.63,checkout,bb49e6b9-109a-41b8-be66-ab2a38272474,request_count,trace_server_count,0.0
1776462823.63,checkout,bc5804df-6f63-4261-8788-8ecfe5481366,dependency_error_ratio,trace_client_error_ratio,0.0
1776462823.63,checkout,bc5804df-6f63-4261-8788-8ecfe5481366,error_ratio,trace_server_error_ratio,0.0
1776462823.63,checkout,bc5804df-6f63-4261-8788-8ecfe5481366,latency_p95,trace_server_latency_p95,92.22222222222221
1776462823.63,checkout,bc5804df-6f63-4261-8788-8ecfe5481366,request_count,trace_server_count,5.6
1776462823.63,checkout,checkout-7f4ccfc547-6crwh,cpu_usage,container_cpu_usage,0.10979937890934661
1776462823.63,checkout,checkout-7f4ccfc547-6crwh,memory_usage,container_memory_working_set_bytes,14974976.0
1776462823.63,checkout,checkout-7f4ccfc547-ftx2n,cpu_usage,container_cpu_usage,0.00038732610699082816
1776462823.63,checkout,checkout-7f4ccfc547-ftx2n,memory_usage,container_memory_working_set_bytes,12009472.0
1776462823.63,checkout,checkout-7f4ccfc547-qlfgr,cpu_usage,container_cpu_usage,0.037941064553675276
1776462823.63,checkout,checkout-7f4ccfc547-qlfgr,memory_usage,container_memory_working_set_bytes,14696448.0
1776462823.63,checkout,checkout::service,pod_restart_count,k8s_container_restarts,45.0
1776462823.63,checkout,checkout::service,pod_running_count,k8s_container_ready,3.0
1776462823.63,email,email-5dcf48b665-66zvj,cpu_usage,container_cpu_usage,0.010135211334343409
1776462823.63,email,email-5dcf48b665-66zvj,memory_usage,container_memory_working_set_bytes,59793408.0
1776462823.63,email,email-5dcf48b665-9xxmx,cpu_usage,container_cpu_usage,0.0003490551544011086
1776462823.63,email,email-5dcf48b665-9xxmx,memory_usage,container_memory_working_set_bytes,56578048.0
1776462823.63,email,email-5dcf48b665-n4zf2,cpu_usage,container_cpu_usage,0.006064932459543323
1776462823.63,email,email-5dcf48b665-n4zf2,memory_usage,container_memory_working_set_bytes,54607872.0
1776462823.63,email,email::service,pod_restart_count,k8s_container_restarts,9.0
1776462823.63,email,email::service,pod_running_count,k8s_container_ready,3.0
1776462823.63,email,otel-demo.email-5dcf48b665-66zvj.email,error_ratio,trace_server_error_ratio,0.0
1776462823.63,email,otel-demo.email-5dcf48b665-66zvj.email,latency_p95,trace_server_latency_p95,9.649999999999997
1776462823.63,email,otel-demo.email-5dcf48b665-66zvj.email,request_count,trace_server_count,10.1
1776462823.63,email,otel-demo.email-5dcf48b665-9xxmx.email,error_ratio,trace_server_error_ratio,0.0
1776462823.63,email,otel-demo.email-5dcf48b665-9xxmx.email,request_count,trace_server_count,0.0
1776462823.63,email,otel-demo.email-5dcf48b665-n4zf2.email,error_ratio,trace_server_error_ratio,0.0
1776462823.63,email,otel-demo.email-5dcf48b665-n4zf2.email,latency_p95,trace_server_latency_p95,14.799999999999955
1776462823.63,email,otel-demo.email-5dcf48b665-n4zf2.email,request_count,trace_server_count,8.8
1776462823.63,frontend,frontend-b78bf7696-6bjdg,cpu_usage,container_cpu_usage,2.4957578444135216
1776462823.63,frontend,frontend-b78bf7696-6bjdg,memory_usage,container_memory_working_set_bytes,123596800.0
1776462823.63,frontend,frontend-b78bf7696-77ldd,cpu_usage,container_cpu_usage,2.1827170516779253
1776462823.63,frontend,frontend-b78bf7696-77ldd,memory_usage,container_memory_working_set_bytes,110731264.0
1776462823.63,frontend,frontend-b78bf7696-p9kqx,cpu_usage,container_cpu_usage,2.5763978999788355
1776462823.63,frontend,frontend-b78bf7696-p9kqx,memory_usage,container_memory_working_set_bytes,122875904.0
1776462823.63,frontend,frontend::service,pod_restart_count,k8s_container_restarts,3.0
1776462823.63,frontend,frontend::service,pod_running_count,k8s_container_ready,3.0
1776462823.63,frontend,otel-demo.frontend-b78bf7696-6bjdg.frontend,dependency_error_ratio,trace_client_error_ratio,0.0
1776462823.63,frontend,otel-demo.frontend-b78bf7696-6bjdg.frontend,error_ratio,trace_server_error_ratio,0.0
1776462823.63,frontend,otel-demo.frontend-b78bf7696-6bjdg.frontend,http_5xx_ratio,http_server_5xx_ratio,0.0
1776462823.63,frontend,otel-demo.frontend-b78bf7696-6bjdg.frontend,latency_p95,trace_server_latency_p95,64.68978102189782
1776462823.63,frontend,otel-demo.frontend-b78bf7696-6bjdg.frontend,request_count,trace_server_count,249.5
1776462823.63,frontend,otel-demo.frontend-b78bf7696-77ldd.frontend,dependency_error_ratio,trace_client_error_ratio,0.0
1776462823.63,frontend,otel-demo.frontend-b78bf7696-77ldd.frontend,error_ratio,trace_server_error_ratio,0.0
1776462823.63,frontend,otel-demo.frontend-b78bf7696-77ldd.frontend,http_5xx_ratio,http_server_5xx_ratio,0.0
1776462823.63,frontend,otel-demo.frontend-b78bf7696-77ldd.frontend,latency_p95,trace_server_latency_p95,55.529661016949035
1776462823.63,frontend,otel-demo.frontend-b78bf7696-77ldd.frontend,request_count,trace_server_count,249.9
1776462823.63,frontend,otel-demo.frontend-b78bf7696-p9kqx.frontend,dependency_error_ratio,trace_client_error_ratio,0.0
1776462823.63,frontend,otel-demo.frontend-b78bf7696-p9kqx.frontend,error_ratio,trace_server_error_ratio,0.0
1776462823.63,frontend,otel-demo.frontend-b78bf7696-p9kqx.frontend,http_5xx_ratio,http_server_5xx_ratio,0.0
1776462823.63,frontend,otel-demo.frontend-b78bf7696-p9kqx.frontend,latency_p95,trace_server_latency_p95,53.50877192982456
1776462823.63,frontend,otel-demo.frontend-b78bf7696-p9kqx.frontend,request_count,trace_server_count,276.0
1776462823.63,kafka,kafka-66df8bdf76-zjcbb,cpu_usage,container_cpu_usage,0.012645675730934523
1776462823.63,kafka,kafka-66df8bdf76-zjcbb,memory_usage,container_memory_working_set_bytes,666632192.0
1776462823.63,kafka,kafka::service,pod_restart_count,k8s_container_restarts,9.0
1776462823.63,kafka,kafka::service,pod_running_count,k8s_container_ready,1.0
1776462823.63,kafka,kafka::service,queue_lag,queue_size_ratio,0.0
1776462823.63,payment,otel-demo.payment-f9f8d647b-74h8z.payment,dependency_error_ratio,trace_client_error_ratio,0.0
1776462823.63,payment,otel-demo.payment-f9f8d647b-74h8z.payment,error_ratio,trace_server_error_ratio,0.0
1776462823.63,payment,otel-demo.payment-f9f8d647b-74h8z.payment,request_count,trace_server_count,0.0
1776462823.63,payment,otel-demo.payment-f9f8d647b-75hmx.payment,dependency_error_ratio,trace_client_error_ratio,0.0
1776462823.63,payment,otel-demo.payment-f9f8d647b-75hmx.payment,error_ratio,trace_server_error_ratio,0.0
1776462823.63,payment,otel-demo.payment-f9f8d647b-75hmx.payment,request_count,trace_server_count,0.0
1776462823.63,payment,otel-demo.payment-f9f8d647b-tv6l5.payment,dependency_error_ratio,trace_client_error_ratio,0.0
1776462823.63,payment,otel-demo.payment-f9f8d647b-tv6l5.payment,error_ratio,trace_server_error_ratio,0.0
1776462823.63,payment,otel-demo.payment-f9f8d647b-tv6l5.payment,request_count,trace_server_count,0.0
1776462823.63,payment,payment-f9f8d647b-74h8z,cpu_usage,container_cpu_usage,0.009527172827172426
1776462823.63,payment,payment-f9f8d647b-74h8z,memory_usage,container_memory_working_set_bytes,109322240.0
1776462823.63,payment,payment-f9f8d647b-75hmx,cpu_usage,container_cpu_usage,0.011708298755186634
1776462823.63,payment,payment-f9f8d647b-75hmx,memory_usage,container_memory_working_set_bytes,109559808.0
1776462823.63,payment,payment-f9f8d647b-tv6l5,cpu_usage,container_cpu_usage,0.006981591702453749
1776462823.63,payment,payment-f9f8d647b-tv6l5,memory_usage,container_memory_working_set_bytes,101027840.0
1776462823.63,payment,payment::service,pod_restart_count,k8s_container_restarts,39.0
1776462823.63,payment,payment::service,pod_running_count,k8s_container_ready,3.0
1776462823.63,product-catalog,otel-demo.product-catalog-784544475c-7crs7.product-catalog,dependency_error_ratio,trace_client_error_ratio,0.0
1776462823.63,product-catalog,otel-demo.product-catalog-784544475c-7crs7.product-catalog,error_ratio,trace_server_error_ratio,0.0
1776462823.63,product-catalog,otel-demo.product-catalog-784544475c-7crs7.product-catalog,request_count,trace_server_count,0.0
1776462823.63,product-catalog,otel-demo.product-catalog-784544475c-8skc7.product-catalog,dependency_error_ratio,trace_client_error_ratio,0.0
1776462823.63,product-catalog,otel-demo.product-catalog-784544475c-8skc7.product-catalog,error_ratio,trace_server_error_ratio,0.0
1776462823.63,product-catalog,otel-demo.product-catalog-784544475c-8skc7.product-catalog,request_count,trace_server_count,0.0
1776462823.63,product-catalog,otel-demo.product-catalog-784544475c-stwzc.product-catalog,dependency_error_ratio,trace_client_error_ratio,0.0
1776462823.63,product-catalog,otel-demo.product-catalog-784544475c-stwzc.product-catalog,error_ratio,trace_server_error_ratio,0.0
1776462823.63,product-catalog,otel-demo.product-catalog-784544475c-stwzc.product-catalog,request_count,trace_server_count,0.0
1776462823.63,product-catalog,product-catalog-784544475c-7crs7,cpu_usage,container_cpu_usage,0.029289256564939668
1776462823.63,product-catalog,product-catalog-784544475c-7crs7,memory_usage,container_memory_working_set_bytes,15982592.0
1776462823.63,product-catalog,product-catalog-784544475c-8skc7,cpu_usage,container_cpu_usage,0.0620695117926343
1776462823.63,product-catalog,product-catalog-784544475c-8skc7,memory_usage,container_memory_working_set_bytes,15024128.0
1776462823.63,product-catalog,product-catalog-784544475c-stwzc,cpu_usage,container_cpu_usage,0.00036126871720489696
1776462823.63,product-catalog,product-catalog-784544475c-stwzc,memory_usage,container_memory_working_set_bytes,12828672.0
1776462823.63,product-catalog,product-catalog::service,pod_restart_count,k8s_container_restarts,37.0
1776462823.63,product-catalog,product-catalog::service,pod_running_count,k8s_container_ready,3.0
1776462823.63,recommendation,otel-demo.recommendation-5b46f7469c-g2rgb.recommendation,dependency_error_ratio,trace_client_error_ratio,0.0
1776462823.63,recommendation,otel-demo.recommendation-5b46f7469c-rjwxq.recommendation,dependency_error_ratio,trace_client_error_ratio,0.0
1776462823.63,recommendation,otel-demo.recommendation-5b46f7469c-rjwxq.recommendation,error_ratio,trace_server_error_ratio,0.0
1776462823.63,recommendation,otel-demo.recommendation-5b46f7469c-rjwxq.recommendation,latency_p95,trace_server_latency_p95,9.399999999999991
1776462823.63,recommendation,otel-demo.recommendation-5b46f7469c-rjwxq.recommendation,request_count,trace_server_count,11.2
1776462823.63,recommendation,otel-demo.recommendation-5b46f7469c-t2fm9.recommendation,dependency_error_ratio,trace_client_error_ratio,0.0
1776462823.63,recommendation,otel-demo.recommendation-5b46f7469c-t2fm9.recommendation,error_ratio,trace_server_error_ratio,0.0
1776462823.63,recommendation,otel-demo.recommendation-5b46f7469c-t2fm9.recommendation,latency_p95,trace_server_latency_p95,22.93333333333332
1776462823.63,recommendation,otel-demo.recommendation-5b46f7469c-t2fm9.recommendation,request_count,trace_server_count,20.3
1776462823.63,recommendation,recommendation-5b46f7469c-g2rgb,cpu_usage,container_cpu_usage,0.009355893895499947
1776462823.63,recommendation,recommendation-5b46f7469c-g2rgb,memory_usage,container_memory_working_set_bytes,46891008.0
1776462823.63,recommendation,recommendation-5b46f7469c-rjwxq,cpu_usage,container_cpu_usage,0.01851819903218984
1776462823.63,recommendation,recommendation-5b46f7469c-rjwxq,memory_usage,container_memory_working_set_bytes,47865856.0
1776462823.63,recommendation,recommendation-5b46f7469c-t2fm9,cpu_usage,container_cpu_usage,0.027476981769762664
1776462823.63,recommendation,recommendation-5b46f7469c-t2fm9,memory_usage,container_memory_working_set_bytes,53084160.0
1776462823.63,recommendation,recommendation::service,pod_restart_count,k8s_container_restarts,3.0
1776462823.63,recommendation,recommendation::service,pod_running_count,k8s_container_ready,3.0
1776462833.63,ad,3a8b9295-6ae2-4e8a-b9b0-a607d7fec0a4,dependency_error_ratio,trace_client_error_ratio,0.0
1776462833.63,ad,3a8b9295-6ae2-4e8a-b9b0-a607d7fec0a4,error_ratio,trace_server_error_ratio,0.0
1776462833.63,ad,3a8b9295-6ae2-4e8a-b9b0-a607d7fec0a4,request_count,trace_server_count,0.0
1776462833.63,ad,5680c7ee-584c-4353-b6d2-93bc605a0324,dependency_error_ratio,trace_client_error_ratio,0.0
1776462833.63,ad,5680c7ee-584c-4353-b6d2-93bc605a0324,error_ratio,trace_server_error_ratio,0.0
1776462833.63,ad,5680c7ee-584c-4353-b6d2-93bc605a0324,request_count,trace_server_count,0.0
1776462833.63,ad,9f9a3c1c-bd3f-40ea-8764-b59f1ebd2204,dependency_error_ratio,trace_client_error_ratio,0.0
1776462833.63,ad,ad-7fb5b4f859-52ks9,cpu_usage,container_cpu_usage,0.0016406515963835987
1776462833.63,ad,ad-7fb5b4f859-52ks9,memory_usage,container_memory_working_set_bytes,260313088.0
1776462833.63,ad,ad-7fb5b4f859-rd4zw,cpu_usage,container_cpu_usage,0.0011798905859926165
1776462833.63,ad,ad-7fb5b4f859-rd4zw,memory_usage,container_memory_working_set_bytes,238366720.0
1776462833.63,ad,ad-7fb5b4f859-zsstr,cpu_usage,container_cpu_usage,0.0029846919479375976
1776462833.63,ad,ad-7fb5b4f859-zsstr,memory_usage,container_memory_working_set_bytes,261709824.0
1776462833.63,ad,ad::service,pod_restart_count,k8s_container_restarts,3.0
1776462833.63,ad,ad::service,pod_running_count,k8s_container_ready,3.0
1776462833.63,cart,cart-7c7496d7f-th7mc,cpu_usage,container_cpu_usage,0.042594554471382585
1776462833.63,cart,cart-7c7496d7f-th7mc,memory_usage,container_memory_working_set_bytes,62779392.0
1776462833.63,cart,cart::service,pod_restart_count,k8s_container_restarts,1.0
1776462833.63,cart,cart::service,pod_running_count,k8s_container_ready,1.0
1776462833.63,cart,f1f3afac-3031-4c18-925a-048232421d89,dependency_error_ratio,trace_client_error_ratio,0.0
1776462833.63,cart,f1f3afac-3031-4c18-925a-048232421d89,error_ratio,trace_server_error_ratio,0.0
1776462833.63,cart,f1f3afac-3031-4c18-925a-048232421d89,request_count,trace_server_count,0.0
1776462833.63,checkout,4755bdbd-5ad9-49fa-acb7-3a7dcb6a9277,dependency_error_ratio,trace_client_error_ratio,0.0
1776462833.63,checkout,4755bdbd-5ad9-49fa-acb7-3a7dcb6a9277,error_ratio,trace_server_error_ratio,0.0
1776462833.63,checkout,4755bdbd-5ad9-49fa-acb7-3a7dcb6a9277,request_count,trace_server_count,0.0
1776462833.63,checkout,bb49e6b9-109a-41b8-be66-ab2a38272474,dependency_error_ratio,trace_client_error_ratio,0.0
1776462833.63,checkout,bb49e6b9-109a-41b8-be66-ab2a38272474,error_ratio,trace_server_error_ratio,0.0
1776462833.63,checkout,bb49e6b9-109a-41b8-be66-ab2a38272474,request_count,trace_server_count,0.0
1776462833.63,checkout,bc5804df-6f63-4261-8788-8ecfe5481366,dependency_error_ratio,trace_client_error_ratio,0.0
1776462833.63,checkout,bc5804df-6f63-4261-8788-8ecfe5481366,error_ratio,trace_server_error_ratio,0.0
1776462833.63,checkout,bc5804df-6f63-4261-8788-8ecfe5481366,request_count,trace_server_count,0.0
1776462833.63,checkout,checkout-7f4ccfc547-6crwh,cpu_usage,container_cpu_usage,0.11998624936339711
1776462833.63,checkout,checkout-7f4ccfc547-6crwh,memory_usage,container_memory_working_set_bytes,14938112.0
1776462833.63,checkout,checkout-7f4ccfc547-ftx2n,cpu_usage,container_cpu_usage,0.00034961936044986957
1776462833.63,checkout,checkout-7f4ccfc547-ftx2n,memory_usage,container_memory_working_set_bytes,12013568.0
1776462833.63,checkout,checkout-7f4ccfc547-qlfgr,cpu_usage,container_cpu_usage,0.0459097792944695
1776462833.63,checkout,checkout-7f4ccfc547-qlfgr,memory_usage,container_memory_working_set_bytes,14643200.0
1776462833.63,checkout,checkout::service,pod_restart_count,k8s_container_restarts,45.0
1776462833.63,checkout,checkout::service,pod_running_count,k8s_container_ready,3.0
1776462833.63,email,email-5dcf48b665-66zvj,cpu_usage,container_cpu_usage,0.012688214936728283
1776462833.63,email,email-5dcf48b665-66zvj,memory_usage,container_memory_working_set_bytes,59772928.0
1776462833.63,email,email-5dcf48b665-9xxmx,cpu_usage,container_cpu_usage,0.0003247886760368537
1776462833.63,email,email-5dcf48b665-9xxmx,memory_usage,container_memory_working_set_bytes,56578048.0
1776462833.63,email,email-5dcf48b665-n4zf2,cpu_usage,container_cpu_usage,0.005396954500978162
1776462833.63,email,email-5dcf48b665-n4zf2,memory_usage,container_memory_working_set_bytes,54591488.0
1776462833.63,email,email::service,pod_restart_count,k8s_container_restarts,9.0
1776462833.63,email,email::service,pod_running_count,k8s_container_ready,3.0
1776462833.63,email,otel-demo.email-5dcf48b665-66zvj.email,error_ratio,trace_server_error_ratio,0.0
1776462833.63,email,otel-demo.email-5dcf48b665-66zvj.email,request_count,trace_server_count,0.0
1776462833.63,email,otel-demo.email-5dcf48b665-9xxmx.email,error_ratio,trace_server_error_ratio,0.0
1776462833.63,email,otel-demo.email-5dcf48b665-9xxmx.email,request_count,trace_server_count,0.0
1776462833.63,email,otel-demo.email-5dcf48b665-n4zf2.email,error_ratio,trace_server_error_ratio,0.0
1776462833.63,email,otel-demo.email-5dcf48b665-n4zf2.email,request_count,trace_server_count,0.0
1776462833.63,frontend,frontend-b78bf7696-6bjdg,cpu_usage,container_cpu_usage,2.811633554511572
1776462833.63,frontend,frontend-b78bf7696-6bjdg,memory_usage,container_memory_working_set_bytes,122589184.0
1776462833.63,frontend,frontend-b78bf7696-77ldd,cpu_usage,container_cpu_usage,2.8078374874063616
1776462833.63,frontend,frontend-b78bf7696-77ldd,memory_usage,container_memory_working_set_bytes,113659904.0
1776462833.63,frontend,frontend-b78bf7696-p9kqx,cpu_usage,container_cpu_usage,2.207756587070167
1776462833.63,frontend,frontend-b78bf7696-p9kqx,memory_usage,container_memory_working_set_bytes,120885248.0
1776462833.63,frontend,frontend::service,pod_restart_count,k8s_container_restarts,3.0
1776462833.63,frontend,frontend::service,pod_running_count,k8s_container_ready,3.0
1776462833.63,frontend,otel-demo.frontend-b78bf7696-6bjdg.frontend,dependency_error_ratio,trace_client_error_ratio,0.0
1776462833.63,frontend,otel-demo.frontend-b78bf7696-6bjdg.frontend,error_ratio,trace_server_error_ratio,0.0
1776462833.63,frontend,otel-demo.frontend-b78bf7696-6bjdg.frontend,http_5xx_ratio,http_server_5xx_ratio,0.0
1776462833.63,frontend,otel-demo.frontend-b78bf7696-6bjdg.frontend,request_count,trace_server_count,0.0
1776462833.63,frontend,otel-demo.frontend-b78bf7696-77ldd.frontend,dependency_error_ratio,trace_client_error_ratio,0.0
1776462833.63,frontend,otel-demo.frontend-b78bf7696-77ldd.frontend,error_ratio,trace_server_error_ratio,0.0
1776462833.63,frontend,otel-demo.frontend-b78bf7696-77ldd.frontend,http_5xx_ratio,http_server_5xx_ratio,0.0
1776462833.63,frontend,otel-demo.frontend-b78bf7696-77ldd.frontend,request_count,trace_server_count,0.0
1776462833.63,frontend,otel-demo.frontend-b78bf7696-p9kqx.frontend,dependency_error_ratio,trace_client_error_ratio,0.0
1776462833.63,frontend,otel-demo.frontend-b78bf7696-p9kqx.frontend,error_ratio,trace_server_error_ratio,0.0
1776462833.63,frontend,otel-demo.frontend-b78bf7696-p9kqx.frontend,http_5xx_ratio,http_server_5xx_ratio,0.0
1776462833.63,frontend,otel-demo.frontend-b78bf7696-p9kqx.frontend,request_count,trace_server_count,0.0
1776462833.63,kafka,kafka-66df8bdf76-zjcbb,cpu_usage,container_cpu_usage,0.01349070268154206
1776462833.63,kafka,kafka-66df8bdf76-zjcbb,memory_usage,container_memory_working_set_bytes,666677248.0
1776462833.63,kafka,kafka::service,pod_restart_count,k8s_container_restarts,9.0
1776462833.63,kafka,kafka::service,pod_running_count,k8s_container_ready,1.0
1776462833.63,kafka,kafka::service,queue_lag,queue_size_ratio,0.0
1776462833.63,payment,otel-demo.payment-f9f8d647b-74h8z.payment,dependency_error_ratio,trace_client_error_ratio,0.0
1776462833.63,payment,otel-demo.payment-f9f8d647b-74h8z.payment,error_ratio,trace_server_error_ratio,0.0
1776462833.63,payment,otel-demo.payment-f9f8d647b-74h8z.payment,request_count,trace_server_count,0.0
1776462833.63,payment,otel-demo.payment-f9f8d647b-75hmx.payment,dependency_error_ratio,trace_client_error_ratio,0.0
1776462833.63,payment,otel-demo.payment-f9f8d647b-75hmx.payment,error_ratio,trace_server_error_ratio,0.0
1776462833.63,payment,otel-demo.payment-f9f8d647b-75hmx.payment,request_count,trace_server_count,0.0
1776462833.63,payment,otel-demo.payment-f9f8d647b-tv6l5.payment,dependency_error_ratio,trace_client_error_ratio,0.0
1776462833.63,payment,otel-demo.payment-f9f8d647b-tv6l5.payment,error_ratio,trace_server_error_ratio,0.0
1776462833.63,payment,otel-demo.payment-f9f8d647b-tv6l5.payment,request_count,trace_server_count,0.0
1776462833.63,payment,payment-f9f8d647b-74h8z,cpu_usage,container_cpu_usage,0.009833495013774934
1776462833.63,payment,payment-f9f8d647b-74h8z,memory_usage,container_memory_working_set_bytes,109326336.0
1776462833.63,payment,payment-f9f8d647b-75hmx,cpu_usage,container_cpu_usage,0.011834878302681526
1776462833.63,payment,payment-f9f8d647b-75hmx,memory_usage,container_memory_working_set_bytes,109559808.0
1776462833.63,payment,payment-f9f8d647b-tv6l5,cpu_usage,container_cpu_usage,0.0069815917024537485
1776462833.63,payment,payment-f9f8d647b-tv6l5,memory_usage,container_memory_working_set_bytes,101027840.0
1776462833.63,payment,payment::service,pod_restart_count,k8s_container_restarts,39.0
1776462833.63,payment,payment::service,pod_running_count,k8s_container_ready,3.0
1776462833.63,product-catalog,otel-demo.product-catalog-784544475c-7crs7.product-catalog,dependency_error_ratio,trace_client_error_ratio,0.0
1776462833.63,product-catalog,otel-demo.product-catalog-784544475c-7crs7.product-catalog,error_ratio,trace_server_error_ratio,0.0
1776462833.63,product-catalog,otel-demo.product-catalog-784544475c-7crs7.product-catalog,request_count,trace_server_count,0.0
1776462833.63,product-catalog,otel-demo.product-catalog-784544475c-8skc7.product-catalog,dependency_error_ratio,trace_client_error_ratio,0.0
1776462833.63,product-catalog,otel-demo.product-catalog-784544475c-8skc7.product-catalog,error_ratio,trace_server_error_ratio,0.0
1776462833.63,product-catalog,otel-demo.product-catalog-784544475c-8skc7.product-catalog,request_count,trace_server_count,0.0
1776462833.63,product-catalog,otel-demo.product-catalog-784544475c-stwzc.product-catalog,dependency_error_ratio,trace_client_error_ratio,0.0
1776462833.63,product-catalog,otel-demo.product-catalog-784544475c-stwzc.product-catalog,error_ratio,trace_server_error_ratio,0.0
1776462833.63,product-catalog,otel-demo.product-catalog-784544475c-stwzc.product-catalog,request_count,trace_server_count,0.0
1776462833.63,product-catalog,product-catalog-784544475c-7crs7,cpu_usage,container_cpu_usage,0.018998499785683652
1776462833.63,product-catalog,product-catalog-784544475c-7crs7,memory_usage,container_memory_working_set_bytes,15347712.0
1776462833.63,product-catalog,product-catalog-784544475c-8skc7,cpu_usage,container_cpu_usage,0.08372299088209915
1776462833.63,product-catalog,product-catalog-784544475c-8skc7,memory_usage,container_memory_working_set_bytes,14909440.0
1776462833.63,product-catalog,product-catalog-784544475c-stwzc,cpu_usage,container_cpu_usage,0.00035088244988463725
1776462833.63,product-catalog,product-catalog-784544475c-stwzc,memory_usage,container_memory_working_set_bytes,12828672.0
1776462833.63,product-catalog,product-catalog::service,pod_restart_count,k8s_container_restarts,37.0
1776462833.63,product-catalog,product-catalog::service,pod_running_count,k8s_container_ready,3.0
1776462833.63,recommendation,otel-demo.recommendation-5b46f7469c-g2rgb.recommendation,dependency_error_ratio,trace_client_error_ratio,0.0
1776462833.63,recommendation,otel-demo.recommendation-5b46f7469c-rjwxq.recommendation,dependency_error_ratio,trace_client_error_ratio,0.0
1776462833.63,recommendation,otel-demo.recommendation-5b46f7469c-rjwxq.recommendation,error_ratio,trace_server_error_ratio,0.0
1776462833.63,recommendation,otel-demo.recommendation-5b46f7469c-rjwxq.recommendation,request_count,trace_server_count,0.0
1776462833.63,recommendation,otel-demo.recommendation-5b46f7469c-t2fm9.recommendation,dependency_error_ratio,trace_client_error_ratio,0.0
1776462833.63,recommendation,otel-demo.recommendation-5b46f7469c-t2fm9.recommendation,error_ratio,trace_server_error_ratio,0.0
1776462833.63,recommendation,otel-demo.recommendation-5b46f7469c-t2fm9.recommendation,request_count,trace_server_count,0.0
1776462833.63,recommendation,recommendation-5b46f7469c-g2rgb,cpu_usage,container_cpu_usage,0.00730931465981811
1776462833.63,recommendation,recommendation-5b46f7469c-g2rgb,memory_usage,container_memory_working_set_bytes,46891008.0
1776462833.63,recommendation,recommendation-5b46f7469c-rjwxq,cpu_usage,container_cpu_usage,0.01766838604270812
1776462833.63,recommendation,recommendation-5b46f7469c-rjwxq,memory_usage,container_memory_working_set_bytes,47865856.0
1776462833.63,recommendation,recommendation-5b46f7469c-t2fm9,cpu_usage,container_cpu_usage,0.0257884055384799
1776462833.63,recommendation,recommendation-5b46f7469c-t2fm9,memory_usage,container_memory_working_set_bytes,52527104.0
1776462833.63,recommendation,recommendation::service,pod_restart_count,k8s_container_restarts,3.0
1776462833.63,recommendation,recommendation::service,pod_running_count,k8s_container_ready,3.0
1776462843.63,ad,3a8b9295-6ae2-4e8a-b9b0-a607d7fec0a4,dependency_error_ratio,trace_client_error_ratio,0.0
1776462843.63,ad,3a8b9295-6ae2-4e8a-b9b0-a607d7fec0a4,error_ratio,trace_server_error_ratio,0.0
1776462843.63,ad,3a8b9295-6ae2-4e8a-b9b0-a607d7fec0a4,request_count,trace_server_count,0.0
1776462843.63,ad,5680c7ee-584c-4353-b6d2-93bc605a0324,dependency_error_ratio,trace_client_error_ratio,0.0
1776462843.63,ad,5680c7ee-584c-4353-b6d2-93bc605a0324,error_ratio,trace_server_error_ratio,0.0
1776462843.63,ad,5680c7ee-584c-4353-b6d2-93bc605a0324,request_count,trace_server_count,0.0
1776462843.63,ad,9f9a3c1c-bd3f-40ea-8764-b59f1ebd2204,dependency_error_ratio,trace_client_error_ratio,0.0
1776462843.63,ad,ad-7fb5b4f859-52ks9,cpu_usage,container_cpu_usage,0.001801271860091627
1776462843.63,ad,ad-7fb5b4f859-52ks9,memory_usage,container_memory_working_set_bytes,260313088.0
1776462843.63,ad,ad-7fb5b4f859-rd4zw,cpu_usage,container_cpu_usage,0.0011943694982747986
1776462843.63,ad,ad-7fb5b4f859-rd4zw,memory_usage,container_memory_working_set_bytes,238366720.0
1776462843.63,ad,ad-7fb5b4f859-zsstr,cpu_usage,container_cpu_usage,0.0039836416344607994
1776462843.63,ad,ad-7fb5b4f859-zsstr,memory_usage,container_memory_working_set_bytes,261742592.0
1776462843.63,ad,ad::service,pod_restart_count,k8s_container_restarts,3.0
1776462843.63,ad,ad::service,pod_running_count,k8s_container_ready,3.0
1776462843.63,cart,cart-7c7496d7f-th7mc,cpu_usage,container_cpu_usage,0.048636851520568715
1776462843.63,cart,cart-7c7496d7f-th7mc,memory_usage,container_memory_working_set_bytes,62722048.0
1776462843.63,cart,cart::service,pod_restart_count,k8s_container_restarts,1.0
1776462843.63,cart,cart::service,pod_running_count,k8s_container_ready,1.0
1776462843.63,cart,f1f3afac-3031-4c18-925a-048232421d89,dependency_error_ratio,trace_client_error_ratio,0.0
1776462843.63,cart,f1f3afac-3031-4c18-925a-048232421d89,error_ratio,trace_server_error_ratio,0.0
1776462843.63,cart,f1f3afac-3031-4c18-925a-048232421d89,request_count,trace_server_count,0.0
1776462843.63,checkout,4755bdbd-5ad9-49fa-acb7-3a7dcb6a9277,dependency_error_ratio,trace_client_error_ratio,0.0
1776462843.63,checkout,4755bdbd-5ad9-49fa-acb7-3a7dcb6a9277,error_ratio,trace_server_error_ratio,0.0
1776462843.63,checkout,4755bdbd-5ad9-49fa-acb7-3a7dcb6a9277,request_count,trace_server_count,0.0
1776462843.63,checkout,bb49e6b9-109a-41b8-be66-ab2a38272474,dependency_error_ratio,trace_client_error_ratio,0.0
1776462843.63,checkout,bb49e6b9-109a-41b8-be66-ab2a38272474,error_ratio,trace_server_error_ratio,0.0
1776462843.63,checkout,bb49e6b9-109a-41b8-be66-ab2a38272474,request_count,trace_server_count,0.0
1776462843.63,checkout,bc5804df-6f63-4261-8788-8ecfe5481366,dependency_error_ratio,trace_client_error_ratio,0.0
1776462843.63,checkout,bc5804df-6f63-4261-8788-8ecfe5481366,error_ratio,trace_server_error_ratio,0.0
1776462843.63,checkout,bc5804df-6f63-4261-8788-8ecfe5481366,request_count,trace_server_count,0.0
1776462843.63,checkout,checkout-7f4ccfc547-6crwh,cpu_usage,container_cpu_usage,0.11998624936339711
1776462843.63,checkout,checkout-7f4ccfc547-6crwh,memory_usage,container_memory_working_set_bytes,14938112.0
1776462843.63,checkout,checkout-7f4ccfc547-ftx2n,cpu_usage,container_cpu_usage,0.0004114661519765439
1776462843.63,checkout,checkout-7f4ccfc547-ftx2n,memory_usage,container_memory_working_set_bytes,12013568.0
1776462843.63,checkout,checkout-7f4ccfc547-qlfgr,cpu_usage,container_cpu_usage,0.04784077783239193
1776462843.63,checkout,checkout-7f4ccfc547-qlfgr,memory_usage,container_memory_working_set_bytes,14643200.0
1776462843.63,checkout,checkout::service,pod_restart_count,k8s_container_restarts,45.0
1776462843.63,checkout,checkout::service,pod_running_count,k8s_container_ready,3.0
1776462843.63,email,email-5dcf48b665-66zvj,cpu_usage,container_cpu_usage,0.011475276661001746
1776462843.63,email,email-5dcf48b665-66zvj,memory_usage,container_memory_working_set_bytes,59777024.0
1776462843.63,email,email-5dcf48b665-9xxmx,cpu_usage,container_cpu_usage,0.000315104073370503
1776462843.63,email,email-5dcf48b665-9xxmx,memory_usage,container_memory_working_set_bytes,56578048.0
1776462843.63,email,email-5dcf48b665-n4zf2,cpu_usage,container_cpu_usage,0.006468275826230951
1776462843.63,email,email-5dcf48b665-n4zf2,memory_usage,container_memory_working_set_bytes,54591488.0
1776462843.63,email,email::service,pod_restart_count,k8s_container_restarts,9.0
1776462843.63,email,email::service,pod_running_count,k8s_container_ready,3.0
1776462843.63,email,otel-demo.email-5dcf48b665-66zvj.email,error_ratio,trace_server_error_ratio,0.0
1776462843.63,email,otel-demo.email-5dcf48b665-66zvj.email,request_count,trace_server_count,0.0
1776462843.63,email,otel-demo.email-5dcf48b665-9xxmx.email,error_ratio,trace_server_error_ratio,0.0
1776462843.63,email,otel-demo.email-5dcf48b665-9xxmx.email,request_count,trace_server_count,0.0
1776462843.63,email,otel-demo.email-5dcf48b665-n4zf2.email,error_ratio,trace_server_error_ratio,0.0
1776462843.63,email,otel-demo.email-5dcf48b665-n4zf2.email,request_count,trace_server_count,0.0
1776462843.63,frontend,frontend-b78bf7696-6bjdg,cpu_usage,container_cpu_usage,2.8549061467157957
1776462843.63,frontend,frontend-b78bf7696-6bjdg,memory_usage,container_memory_working_set_bytes,123129856.0
1776462843.63,frontend,frontend-b78bf7696-77ldd,cpu_usage,container_cpu_usage,2.8078374874063616
1776462843.63,frontend,frontend-b78bf7696-77ldd,memory_usage,container_memory_working_set_bytes,113659904.0
1776462843.63,frontend,frontend-b78bf7696-p9kqx,cpu_usage,container_cpu_usage,2.691319400323246
1776462843.63,frontend,frontend-b78bf7696-p9kqx,memory_usage,container_memory_working_set_bytes,120885248.0
1776462843.63,frontend,frontend::service,pod_restart_count,k8s_container_restarts,3.0
1776462843.63,frontend,frontend::service,pod_running_count,k8s_container_ready,3.0
1776462843.63,frontend,otel-demo.frontend-b78bf7696-6bjdg.frontend,dependency_error_ratio,trace_client_error_ratio,0.0
1776462843.63,frontend,otel-demo.frontend-b78bf7696-6bjdg.frontend,error_ratio,trace_server_error_ratio,0.0
1776462843.63,frontend,otel-demo.frontend-b78bf7696-6bjdg.frontend,http_5xx_ratio,http_server_5xx_ratio,0.0
1776462843.63,frontend,otel-demo.frontend-b78bf7696-6bjdg.frontend,request_count,trace_server_count,0.0
1776462843.63,frontend,otel-demo.frontend-b78bf7696-77ldd.frontend,dependency_error_ratio,trace_client_error_ratio,0.0
1776462843.63,frontend,otel-demo.frontend-b78bf7696-77ldd.frontend,error_ratio,trace_server_error_ratio,0.0
1776462843.63,frontend,otel-demo.frontend-b78bf7696-77ldd.frontend,http_5xx_ratio,http_server_5xx_ratio,0.0
1776462843.63,frontend,otel-demo.frontend-b78bf7696-77ldd.frontend,request_count,trace_server_count,0.0
1776462843.63,frontend,otel-demo.frontend-b78bf7696-p9kqx.frontend,dependency_error_ratio,trace_client_error_ratio,0.0
1776462843.63,frontend,otel-demo.frontend-b78bf7696-p9kqx.frontend,error_ratio,trace_server_error_ratio,0.0
1776462843.63,frontend,otel-demo.frontend-b78bf7696-p9kqx.frontend,http_5xx_ratio,http_server_5xx_ratio,0.0
1776462843.63,frontend,otel-demo.frontend-b78bf7696-p9kqx.frontend,request_count,trace_server_count,0.0
1776462843.63,kafka,kafka-66df8bdf76-zjcbb,cpu_usage,container_cpu_usage,0.01334063239947235
1776462843.63,kafka,kafka-66df8bdf76-zjcbb,memory_usage,container_memory_working_set_bytes,666705920.0
1776462843.63,kafka,kafka::service,pod_restart_count,k8s_container_restarts,9.0
1776462843.63,kafka,kafka::service,pod_running_count,k8s_container_ready,1.0
1776462843.63,kafka,kafka::service,queue_lag,queue_size_ratio,0.0
1776462843.63,payment,otel-demo.payment-f9f8d647b-74h8z.payment,dependency_error_ratio,trace_client_error_ratio,0.0
1776462843.63,payment,otel-demo.payment-f9f8d647b-74h8z.payment,error_ratio,trace_server_error_ratio,0.0
1776462843.63,payment,otel-demo.payment-f9f8d647b-74h8z.payment,request_count,trace_server_count,0.0
1776462843.63,payment,otel-demo.payment-f9f8d647b-75hmx.payment,dependency_error_ratio,trace_client_error_ratio,0.0
1776462843.63,payment,otel-demo.payment-f9f8d647b-75hmx.payment,error_ratio,trace_server_error_ratio,0.0
1776462843.63,payment,otel-demo.payment-f9f8d647b-75hmx.payment,request_count,trace_server_count,0.0
1776462843.63,payment,otel-demo.payment-f9f8d647b-tv6l5.payment,dependency_error_ratio,trace_client_error_ratio,0.0
1776462843.63,payment,otel-demo.payment-f9f8d647b-tv6l5.payment,error_ratio,trace_server_error_ratio,0.0
1776462843.63,payment,otel-demo.payment-f9f8d647b-tv6l5.payment,request_count,trace_server_count,0.0
1776462843.63,payment,payment-f9f8d647b-74h8z,cpu_usage,container_cpu_usage,0.008117908519446507
1776462843.63,payment,payment-f9f8d647b-74h8z,memory_usage,container_memory_working_set_bytes,109326336.0
1776462843.63,payment,payment-f9f8d647b-75hmx,cpu_usage,container_cpu_usage,0.012560016416397205
1776462843.63,payment,payment-f9f8d647b-75hmx,memory_usage,container_memory_working_set_bytes,109559808.0
1776462843.63,payment,payment-f9f8d647b-tv6l5,cpu_usage,container_cpu_usage,0.007023820879038023
1776462843.63,payment,payment-f9f8d647b-tv6l5,memory_usage,container_memory_working_set_bytes,101027840.0
1776462843.63,payment,payment::service,pod_restart_count,k8s_container_restarts,39.0
1776462843.63,payment,payment::service,pod_running_count,k8s_container_ready,3.0
1776462843.63,product-catalog,otel-demo.product-catalog-784544475c-7crs7.product-catalog,dependency_error_ratio,trace_client_error_ratio,0.0
1776462843.63,product-catalog,otel-demo.product-catalog-784544475c-7crs7.product-catalog,error_ratio,trace_server_error_ratio,0.0
1776462843.63,product-catalog,otel-demo.product-catalog-784544475c-7crs7.product-catalog,request_count,trace_server_count,0.0
1776462843.63,product-catalog,otel-demo.product-catalog-784544475c-8skc7.product-catalog,dependency_error_ratio,trace_client_error_ratio,0.0
1776462843.63,product-catalog,otel-demo.product-catalog-784544475c-8skc7.product-catalog,error_ratio,trace_server_error_ratio,0.0
1776462843.63,product-catalog,otel-demo.product-catalog-784544475c-8skc7.product-catalog,request_count,trace_server_count,0.0
1776462843.63,product-catalog,otel-demo.product-catalog-784544475c-stwzc.product-catalog,dependency_error_ratio,trace_client_error_ratio,0.0
1776462843.63,product-catalog,otel-demo.product-catalog-784544475c-stwzc.product-catalog,error_ratio,trace_server_error_ratio,0.0
1776462843.63,product-catalog,otel-demo.product-catalog-784544475c-stwzc.product-catalog,request_count,trace_server_count,0.0
1776462843.63,product-catalog,product-catalog-784544475c-7crs7,cpu_usage,container_cpu_usage,0.016714064942446993
1776462843.63,product-catalog,product-catalog-784544475c-7crs7,memory_usage,container_memory_working_set_bytes,15085568.0
1776462843.63,product-catalog,product-catalog-784544475c-8skc7,cpu_usage,container_cpu_usage,0.09695785935884511
1776462843.63,product-catalog,product-catalog-784544475c-8skc7,memory_usage,container_memory_working_set_bytes,15720448.0
1776462843.63,product-catalog,product-catalog-784544475c-stwzc,cpu_usage,container_cpu_usage,0.0003703174886469566
1776462843.63,product-catalog,product-catalog-784544475c-stwzc,memory_usage,container_memory_working_set_bytes,12828672.0
1776462843.63,product-catalog,product-catalog::service,pod_restart_count,k8s_container_restarts,37.0
1776462843.63,product-catalog,product-catalog::service,pod_running_count,k8s_container_ready,3.0
1776462843.63,recommendation,otel-demo.recommendation-5b46f7469c-g2rgb.recommendation,dependency_error_ratio,trace_client_error_ratio,0.0
1776462843.63,recommendation,otel-demo.recommendation-5b46f7469c-rjwxq.recommendation,dependency_error_ratio,trace_client_error_ratio,0.0
1776462843.63,recommendation,otel-demo.recommendation-5b46f7469c-rjwxq.recommendation,error_ratio,trace_server_error_ratio,0.0
1776462843.63,recommendation,otel-demo.recommendation-5b46f7469c-rjwxq.recommendation,request_count,trace_server_count,0.0
1776462843.63,recommendation,otel-demo.recommendation-5b46f7469c-t2fm9.recommendation,dependency_error_ratio,trace_client_error_ratio,0.0
1776462843.63,recommendation,otel-demo.recommendation-5b46f7469c-t2fm9.recommendation,error_ratio,trace_server_error_ratio,0.0
1776462843.63,recommendation,otel-demo.recommendation-5b46f7469c-t2fm9.recommendation,request_count,trace_server_count,0.0
1776462843.63,recommendation,recommendation-5b46f7469c-g2rgb,cpu_usage,container_cpu_usage,0.00730931465981811
1776462843.63,recommendation,recommendation-5b46f7469c-g2rgb,memory_usage,container_memory_working_set_bytes,46891008.0
1776462843.63,recommendation,recommendation-5b46f7469c-rjwxq,cpu_usage,container_cpu_usage,0.014291635591114817
1776462843.63,recommendation,recommendation-5b46f7469c-rjwxq,memory_usage,container_memory_working_set_bytes,47865856.0
1776462843.63,recommendation,recommendation-5b46f7469c-t2fm9,cpu_usage,container_cpu_usage,0.032633912606166826
1776462843.63,recommendation,recommendation-5b46f7469c-t2fm9,memory_usage,container_memory_working_set_bytes,52527104.0
1776462843.63,recommendation,recommendation::service,pod_restart_count,k8s_container_restarts,3.0
1776462843.63,recommendation,recommendation::service,pod_running_count,k8s_container_ready,3.0
1776462853.63,ad,3a8b9295-6ae2-4e8a-b9b0-a607d7fec0a4,dependency_error_ratio,trace_client_error_ratio,0.0
1776462853.63,ad,3a8b9295-6ae2-4e8a-b9b0-a607d7fec0a4,error_ratio,trace_server_error_ratio,0.0
1776462853.63,ad,3a8b9295-6ae2-4e8a-b9b0-a607d7fec0a4,request_count,trace_server_count,0.0
1776462853.63,ad,5680c7ee-584c-4353-b6d2-93bc605a0324,dependency_error_ratio,trace_client_error_ratio,0.0
1776462853.63,ad,5680c7ee-584c-4353-b6d2-93bc605a0324,error_ratio,trace_server_error_ratio,0.0
1776462853.63,ad,5680c7ee-584c-4353-b6d2-93bc605a0324,request_count,trace_server_count,0.0
1776462853.63,ad,9f9a3c1c-bd3f-40ea-8764-b59f1ebd2204,dependency_error_ratio,trace_client_error_ratio,0.0
1776462853.63,ad,ad-7fb5b4f859-52ks9,cpu_usage,container_cpu_usage,0.001734952414966746
1776462853.63,ad,ad-7fb5b4f859-52ks9,memory_usage,container_memory_working_set_bytes,260313088.0
1776462853.63,ad,ad-7fb5b4f859-rd4zw,cpu_usage,container_cpu_usage,0.0009692159182312705
1776462853.63,ad,ad-7fb5b4f859-rd4zw,memory_usage,container_memory_working_set_bytes,238366720.0
1776462853.63,ad,ad-7fb5b4f859-zsstr,cpu_usage,container_cpu_usage,0.00375143525878813
1776462853.63,ad,ad-7fb5b4f859-zsstr,memory_usage,container_memory_working_set_bytes,261906432.0
1776462853.63,ad,ad::service,pod_restart_count,k8s_container_restarts,3.0
1776462853.63,ad,ad::service,pod_running_count,k8s_container_ready,3.0
1776462853.63,cart,cart-7c7496d7f-th7mc,cpu_usage,container_cpu_usage,0.041191849415203215
1776462853.63,cart,cart-7c7496d7f-th7mc,memory_usage,container_memory_working_set_bytes,62722048.0
1776462853.63,cart,cart::service,pod_restart_count,k8s_container_restarts,1.0
1776462853.63,cart,cart::service,pod_running_count,k8s_container_ready,1.0
1776462853.63,cart,f1f3afac-3031-4c18-925a-048232421d89,dependency_error_ratio,trace_client_error_ratio,0.0
1776462853.63,cart,f1f3afac-3031-4c18-925a-048232421d89,error_ratio,trace_server_error_ratio,0.0
1776462853.63,cart,f1f3afac-3031-4c18-925a-048232421d89,request_count,trace_server_count,0.0
1776462853.63,checkout,4755bdbd-5ad9-49fa-acb7-3a7dcb6a9277,dependency_error_ratio,trace_client_error_ratio,0.0
1776462853.63,checkout,4755bdbd-5ad9-49fa-acb7-3a7dcb6a9277,error_ratio,trace_server_error_ratio,0.0
1776462853.63,checkout,4755bdbd-5ad9-49fa-acb7-3a7dcb6a9277,request_count,trace_server_count,0.0
1776462853.63,checkout,bb49e6b9-109a-41b8-be66-ab2a38272474,dependency_error_ratio,trace_client_error_ratio,0.0
1776462853.63,checkout,bb49e6b9-109a-41b8-be66-ab2a38272474,error_ratio,trace_server_error_ratio,0.0
1776462853.63,checkout,bb49e6b9-109a-41b8-be66-ab2a38272474,request_count,trace_server_count,0.0
1776462853.63,checkout,bc5804df-6f63-4261-8788-8ecfe5481366,dependency_error_ratio,trace_client_error_ratio,0.0
1776462853.63,checkout,bc5804df-6f63-4261-8788-8ecfe5481366,error_ratio,trace_server_error_ratio,0.0
1776462853.63,checkout,bc5804df-6f63-4261-8788-8ecfe5481366,request_count,trace_server_count,0.0
1776462853.63,checkout,checkout-7f4ccfc547-6crwh,cpu_usage,container_cpu_usage,0.10098582448204918
1776462853.63,checkout,checkout-7f4ccfc547-6crwh,memory_usage,container_memory_working_set_bytes,16154624.0
1776462853.63,checkout,checkout-7f4ccfc547-ftx2n,cpu_usage,container_cpu_usage,0.0003939440314822865
1776462853.63,checkout,checkout-7f4ccfc547-ftx2n,memory_usage,container_memory_working_set_bytes,12013568.0
1776462853.63,checkout,checkout-7f4ccfc547-qlfgr,cpu_usage,container_cpu_usage,0.05159788339932085
1776462853.63,checkout,checkout-7f4ccfc547-qlfgr,memory_usage,container_memory_working_set_bytes,14680064.0
1776462853.63,checkout,checkout::service,pod_restart_count,k8s_container_restarts,45.0
1776462853.63,checkout,checkout::service,pod_running_count,k8s_container_ready,3.0
1776462853.63,email,email-5dcf48b665-66zvj,cpu_usage,container_cpu_usage,0.011400485022126651
1776462853.63,email,email-5dcf48b665-66zvj,memory_usage,container_memory_working_set_bytes,59777024.0
1776462853.63,email,email-5dcf48b665-9xxmx,cpu_usage,container_cpu_usage,0.0002997059647151893
1776462853.63,email,email-5dcf48b665-9xxmx,memory_usage,container_memory_working_set_bytes,56578048.0
1776462853.63,email,email-5dcf48b665-n4zf2,cpu_usage,container_cpu_usage,0.005691330562546412
1776462853.63,email,email-5dcf48b665-n4zf2,memory_usage,container_memory_working_set_bytes,54624256.0
1776462853.63,email,email::service,pod_restart_count,k8s_container_restarts,9.0
1776462853.63,email,email::service,pod_running_count,k8s_container_ready,3.0
1776462853.63,email,otel-demo.email-5dcf48b665-66zvj.email,error_ratio,trace_server_error_ratio,0.0
1776462853.63,email,otel-demo.email-5dcf48b665-66zvj.email,request_count,trace_server_count,0.0
1776462853.63,email,otel-demo.email-5dcf48b665-9xxmx.email,error_ratio,trace_server_error_ratio,0.0
1776462853.63,email,otel-demo.email-5dcf48b665-9xxmx.email,request_count,trace_server_count,0.0
1776462853.63,email,otel-demo.email-5dcf48b665-n4zf2.email,error_ratio,trace_server_error_ratio,0.0
1776462853.63,email,otel-demo.email-5dcf48b665-n4zf2.email,request_count,trace_server_count,0.0
1776462853.63,frontend,frontend-b78bf7696-6bjdg,cpu_usage,container_cpu_usage,2.6913851466466268
1776462853.63,frontend,frontend-b78bf7696-6bjdg,memory_usage,container_memory_working_set_bytes,122793984.0
1776462853.63,frontend,frontend-b78bf7696-77ldd,cpu_usage,container_cpu_usage,2.6500500683560855
1776462853.63,frontend,frontend-b78bf7696-77ldd,memory_usage,container_memory_working_set_bytes,111370240.0
1776462853.63,frontend,frontend-b78bf7696-p9kqx,cpu_usage,container_cpu_usage,2.1839444570537445
1776462853.63,frontend,frontend-b78bf7696-p9kqx,memory_usage,container_memory_working_set_bytes,123871232.0
1776462853.63,frontend,frontend::service,pod_restart_count,k8s_container_restarts,3.0
1776462853.63,frontend,frontend::service,pod_running_count,k8s_container_ready,3.0
1776462853.63,frontend,otel-demo.frontend-b78bf7696-6bjdg.frontend,dependency_error_ratio,trace_client_error_ratio,0.0
1776462853.63,frontend,otel-demo.frontend-b78bf7696-6bjdg.frontend,error_ratio,trace_server_error_ratio,0.0
1776462853.63,frontend,otel-demo.frontend-b78bf7696-6bjdg.frontend,http_5xx_ratio,http_server_5xx_ratio,0.0
1776462853.63,frontend,otel-demo.frontend-b78bf7696-6bjdg.frontend,request_count,trace_server_count,0.0
1776462853.63,frontend,otel-demo.frontend-b78bf7696-77ldd.frontend,dependency_error_ratio,trace_client_error_ratio,0.0
1776462853.63,frontend,otel-demo.frontend-b78bf7696-77ldd.frontend,error_ratio,trace_server_error_ratio,0.0
1776462853.63,frontend,otel-demo.frontend-b78bf7696-77ldd.frontend,http_5xx_ratio,http_server_5xx_ratio,0.0
1776462853.63,frontend,otel-demo.frontend-b78bf7696-77ldd.frontend,request_count,trace_server_count,0.0
1776462853.63,frontend,otel-demo.frontend-b78bf7696-p9kqx.frontend,dependency_error_ratio,trace_client_error_ratio,0.0
1776462853.63,frontend,otel-demo.frontend-b78bf7696-p9kqx.frontend,error_ratio,trace_server_error_ratio,0.0
1776462853.63,frontend,otel-demo.frontend-b78bf7696-p9kqx.frontend,http_5xx_ratio,http_server_5xx_ratio,0.0
1776462853.63,frontend,otel-demo.frontend-b78bf7696-p9kqx.frontend,request_count,trace_server_count,0.0
1776462853.63,kafka,kafka-66df8bdf76-zjcbb,cpu_usage,container_cpu_usage,0.014594781156258868
1776462853.63,kafka,kafka-66df8bdf76-zjcbb,memory_usage,container_memory_working_set_bytes,666746880.0
1776462853.63,kafka,kafka::service,pod_restart_count,k8s_container_restarts,9.0
1776462853.63,kafka,kafka::service,pod_running_count,k8s_container_ready,1.0
1776462853.63,kafka,kafka::service,queue_lag,queue_size_ratio,0.0
1776462853.63,payment,otel-demo.payment-f9f8d647b-74h8z.payment,dependency_error_ratio,trace_client_error_ratio,0.0
1776462853.63,payment,otel-demo.payment-f9f8d647b-74h8z.payment,error_ratio,trace_server_error_ratio,0.0
1776462853.63,payment,otel-demo.payment-f9f8d647b-74h8z.payment,request_count,trace_server_count,0.0
1776462853.63,payment,otel-demo.payment-f9f8d647b-75hmx.payment,dependency_error_ratio,trace_client_error_ratio,0.0
1776462853.63,payment,otel-demo.payment-f9f8d647b-75hmx.payment,error_ratio,trace_server_error_ratio,0.0
1776462853.63,payment,otel-demo.payment-f9f8d647b-75hmx.payment,request_count,trace_server_count,0.0
1776462853.63,payment,otel-demo.payment-f9f8d647b-tv6l5.payment,dependency_error_ratio,trace_client_error_ratio,0.0
1776462853.63,payment,otel-demo.payment-f9f8d647b-tv6l5.payment,error_ratio,trace_server_error_ratio,0.0
1776462853.63,payment,otel-demo.payment-f9f8d647b-tv6l5.payment,request_count,trace_server_count,0.0
1776462853.63,payment,payment-f9f8d647b-74h8z,cpu_usage,container_cpu_usage,0.010675116163292248
1776462853.63,payment,payment-f9f8d647b-74h8z,memory_usage,container_memory_working_set_bytes,109326336.0
1776462853.63,payment,payment-f9f8d647b-75hmx,cpu_usage,container_cpu_usage,0.010139631475088484
1776462853.63,payment,payment-f9f8d647b-75hmx,memory_usage,container_memory_working_set_bytes,109559808.0
1776462853.63,payment,payment-f9f8d647b-tv6l5,cpu_usage,container_cpu_usage,0.007023820879038023
1776462853.63,payment,payment-f9f8d647b-tv6l5,memory_usage,container_memory_working_set_bytes,101027840.0
1776462853.63,payment,payment::service,pod_restart_count,k8s_container_restarts,39.0
1776462853.63,payment,payment::service,pod_running_count,k8s_container_ready,3.0
1776462853.63,product-catalog,otel-demo.product-catalog-784544475c-7crs7.product-catalog,dependency_error_ratio,trace_client_error_ratio,0.0
1776462853.63,product-catalog,otel-demo.product-catalog-784544475c-7crs7.product-catalog,error_ratio,trace_server_error_ratio,0.0
1776462853.63,product-catalog,otel-demo.product-catalog-784544475c-7crs7.product-catalog,request_count,trace_server_count,0.0
1776462853.63,product-catalog,otel-demo.product-catalog-784544475c-8skc7.product-catalog,dependency_error_ratio,trace_client_error_ratio,0.0
1776462853.63,product-catalog,otel-demo.product-catalog-784544475c-8skc7.product-catalog,error_ratio,trace_server_error_ratio,0.0
1776462853.63,product-catalog,otel-demo.product-catalog-784544475c-8skc7.product-catalog,request_count,trace_server_count,0.0
1776462853.63,product-catalog,otel-demo.product-catalog-784544475c-stwzc.product-catalog,dependency_error_ratio,trace_client_error_ratio,0.0
1776462853.63,product-catalog,otel-demo.product-catalog-784544475c-stwzc.product-catalog,error_ratio,trace_server_error_ratio,0.0
1776462853.63,product-catalog,otel-demo.product-catalog-784544475c-stwzc.product-catalog,request_count,trace_server_count,0.0
1776462853.63,product-catalog,product-catalog-784544475c-7crs7,cpu_usage,container_cpu_usage,0.01961828641063772
1776462853.63,product-catalog,product-catalog-784544475c-7crs7,memory_usage,container_memory_working_set_bytes,15364096.0
1776462853.63,product-catalog,product-catalog-784544475c-8skc7,cpu_usage,container_cpu_usage,0.10159303815087126
1776462853.63,product-catalog,product-catalog-784544475c-8skc7,memory_usage,container_memory_working_set_bytes,15720448.0
1776462853.63,product-catalog,product-catalog-784544475c-stwzc,cpu_usage,container_cpu_usage,0.0003912567154745603
1776462853.63,product-catalog,product-catalog-784544475c-stwzc,memory_usage,container_memory_working_set_bytes,12828672.0
1776462853.63,product-catalog,product-catalog::service,pod_restart_count,k8s_container_restarts,37.0
1776462853.63,product-catalog,product-catalog::service,pod_running_count,k8s_container_ready,3.0
1776462853.63,recommendation,otel-demo.recommendation-5b46f7469c-g2rgb.recommendation,dependency_error_ratio,trace_client_error_ratio,0.0
1776462853.63,recommendation,otel-demo.recommendation-5b46f7469c-rjwxq.recommendation,dependency_error_ratio,trace_client_error_ratio,0.0
1776462853.63,recommendation,otel-demo.recommendation-5b46f7469c-rjwxq.recommendation,error_ratio,trace_server_error_ratio,0.0
1776462853.63,recommendation,otel-demo.recommendation-5b46f7469c-rjwxq.recommendation,request_count,trace_server_count,0.0
1776462853.63,recommendation,otel-demo.recommendation-5b46f7469c-t2fm9.recommendation,dependency_error_ratio,trace_client_error_ratio,0.0
1776462853.63,recommendation,otel-demo.recommendation-5b46f7469c-t2fm9.recommendation,error_ratio,trace_server_error_ratio,0.0
1776462853.63,recommendation,otel-demo.recommendation-5b46f7469c-t2fm9.recommendation,request_count,trace_server_count,0.0
1776462853.63,recommendation,recommendation-5b46f7469c-g2rgb,cpu_usage,container_cpu_usage,0.009455793802320858
1776462853.63,recommendation,recommendation-5b46f7469c-g2rgb,memory_usage,container_memory_working_set_bytes,46891008.0
1776462853.63,recommendation,recommendation-5b46f7469c-rjwxq,cpu_usage,container_cpu_usage,0.00911651529258267
1776462853.63,recommendation,recommendation-5b46f7469c-rjwxq,memory_usage,container_memory_working_set_bytes,47865856.0
1776462853.63,recommendation,recommendation-5b46f7469c-t2fm9,cpu_usage,container_cpu_usage,0.03493875372138577
1776462853.63,recommendation,recommendation-5b46f7469c-t2fm9,memory_usage,container_memory_working_set_bytes,52559872.0
1776462853.63,recommendation,recommendation::service,pod_restart_count,k8s_container_restarts,3.0
1776462853.63,recommendation,recommendation::service,pod_running_count,k8s_container_ready,3.0
1776462863.63,ad,3a8b9295-6ae2-4e8a-b9b0-a607d7fec0a4,dependency_error_ratio,trace_client_error_ratio,0.0
1776462863.63,ad,3a8b9295-6ae2-4e8a-b9b0-a607d7fec0a4,error_ratio,trace_server_error_ratio,0.0
1776462863.63,ad,3a8b9295-6ae2-4e8a-b9b0-a607d7fec0a4,request_count,trace_server_count,0.0
1776462863.63,ad,5680c7ee-584c-4353-b6d2-93bc605a0324,dependency_error_ratio,trace_client_error_ratio,0.0
1776462863.63,ad,5680c7ee-584c-4353-b6d2-93bc605a0324,error_ratio,trace_server_error_ratio,0.0
1776462863.63,ad,5680c7ee-584c-4353-b6d2-93bc605a0324,request_count,trace_server_count,0.0
1776462863.63,ad,9f9a3c1c-bd3f-40ea-8764-b59f1ebd2204,dependency_error_ratio,trace_client_error_ratio,0.0
1776462863.63,ad,ad-7fb5b4f859-52ks9,cpu_usage,container_cpu_usage,0.002479005587861597
1776462863.63,ad,ad-7fb5b4f859-52ks9,memory_usage,container_memory_working_set_bytes,260313088.0
1776462863.63,ad,ad-7fb5b4f859-rd4zw,cpu_usage,container_cpu_usage,0.0012040821566094843
1776462863.63,ad,ad-7fb5b4f859-rd4zw,memory_usage,container_memory_working_set_bytes,238366720.0
1776462863.63,ad,ad-7fb5b4f859-zsstr,cpu_usage,container_cpu_usage,0.00375143525878813
1776462863.63,ad,ad-7fb5b4f859-zsstr,memory_usage,container_memory_working_set_bytes,261906432.0
1776462863.63,ad,ad::service,pod_restart_count,k8s_container_restarts,3.0
1776462863.63,ad,ad::service,pod_running_count,k8s_container_ready,3.0
1776462863.63,cart,cart-7c7496d7f-th7mc,cpu_usage,container_cpu_usage,0.05147535751295408
1776462863.63,cart,cart-7c7496d7f-th7mc,memory_usage,container_memory_working_set_bytes,63184896.0
1776462863.63,cart,cart::service,pod_restart_count,k8s_container_restarts,1.0
1776462863.63,cart,cart::service,pod_running_count,k8s_container_ready,1.0
1776462863.63,cart,f1f3afac-3031-4c18-925a-048232421d89,dependency_error_ratio,trace_client_error_ratio,0.0
1776462863.63,cart,f1f3afac-3031-4c18-925a-048232421d89,error_ratio,trace_server_error_ratio,0.0
1776462863.63,cart,f1f3afac-3031-4c18-925a-048232421d89,request_count,trace_server_count,0.0
1776462863.63,checkout,4755bdbd-5ad9-49fa-acb7-3a7dcb6a9277,dependency_error_ratio,trace_client_error_ratio,0.0
1776462863.63,checkout,4755bdbd-5ad9-49fa-acb7-3a7dcb6a9277,error_ratio,trace_server_error_ratio,0.0
1776462863.63,checkout,4755bdbd-5ad9-49fa-acb7-3a7dcb6a9277,request_count,trace_server_count,0.0
1776462863.63,checkout,bb49e6b9-109a-41b8-be66-ab2a38272474,dependency_error_ratio,trace_client_error_ratio,0.0
1776462863.63,checkout,bb49e6b9-109a-41b8-be66-ab2a38272474,error_ratio,trace_server_error_ratio,0.0
1776462863.63,checkout,bb49e6b9-109a-41b8-be66-ab2a38272474,request_count,trace_server_count,0.0
1776462863.63,checkout,bc5804df-6f63-4261-8788-8ecfe5481366,dependency_error_ratio,trace_client_error_ratio,0.0
1776462863.63,checkout,bc5804df-6f63-4261-8788-8ecfe5481366,error_ratio,trace_server_error_ratio,0.0
1776462863.63,checkout,bc5804df-6f63-4261-8788-8ecfe5481366,request_count,trace_server_count,0.0
1776462863.63,checkout,checkout-7f4ccfc547-6crwh,cpu_usage,container_cpu_usage,0.10183256162142858
1776462863.63,checkout,checkout-7f4ccfc547-6crwh,memory_usage,container_memory_working_set_bytes,16154624.0
1776462863.63,checkout,checkout-7f4ccfc547-ftx2n,cpu_usage,container_cpu_usage,0.0003942701227830751
1776462863.63,checkout,checkout-7f4ccfc547-ftx2n,memory_usage,container_memory_working_set_bytes,12013568.0
1776462863.63,checkout,checkout-7f4ccfc547-qlfgr,cpu_usage,container_cpu_usage,0.05599589823598996
1776462863.63,checkout,checkout-7f4ccfc547-qlfgr,memory_usage,container_memory_working_set_bytes,14680064.0
1776462863.63,checkout,checkout::service,pod_restart_count,k8s_container_restarts,45.0
1776462863.63,checkout,checkout::service,pod_running_count,k8s_container_ready,3.0
1776462863.63,email,email-5dcf48b665-66zvj,cpu_usage,container_cpu_usage,0.01161736432753747
1776462863.63,email,email-5dcf48b665-66zvj,memory_usage,container_memory_working_set_bytes,59678720.0
1776462863.63,email,email-5dcf48b665-9xxmx,cpu_usage,container_cpu_usage,0.00040412864963514246
1776462863.63,email,email-5dcf48b665-9xxmx,memory_usage,container_memory_working_set_bytes,56594432.0
1776462863.63,email,email-5dcf48b665-n4zf2,cpu_usage,container_cpu_usage,0.006380748617789963
1776462863.63,email,email-5dcf48b665-n4zf2,memory_usage,container_memory_working_set_bytes,54636544.0
1776462863.63,email,email::service,pod_restart_count,k8s_container_restarts,9.0
1776462863.63,email,email::service,pod_running_count,k8s_container_ready,3.0
1776462863.63,email,otel-demo.email-5dcf48b665-66zvj.email,error_ratio,trace_server_error_ratio,0.0
1776462863.63,email,otel-demo.email-5dcf48b665-66zvj.email,request_count,trace_server_count,0.0
1776462863.63,email,otel-demo.email-5dcf48b665-9xxmx.email,error_ratio,trace_server_error_ratio,0.0
1776462863.63,email,otel-demo.email-5dcf48b665-9xxmx.email,request_count,trace_server_count,0.0
1776462863.63,email,otel-demo.email-5dcf48b665-n4zf2.email,error_ratio,trace_server_error_ratio,0.0
1776462863.63,email,otel-demo.email-5dcf48b665-n4zf2.email,request_count,trace_server_count,0.0
1776462863.63,frontend,frontend-b78bf7696-6bjdg,cpu_usage,container_cpu_usage,2.7800692205294855
1776462863.63,frontend,frontend-b78bf7696-6bjdg,memory_usage,container_memory_working_set_bytes,122793984.0
1776462863.63,frontend,frontend-b78bf7696-77ldd,cpu_usage,container_cpu_usage,2.770309535043329
1776462863.63,frontend,frontend-b78bf7696-77ldd,memory_usage,container_memory_working_set_bytes,112226304.0
1776462863.63,frontend,frontend-b78bf7696-p9kqx,cpu_usage,container_cpu_usage,2.7044356312517346
1776462863.63,frontend,frontend-b78bf7696-p9kqx,memory_usage,container_memory_working_set_bytes,123871232.0
1776462863.63,frontend,frontend::service,pod_restart_count,k8s_container_restarts,3.0
1776462863.63,frontend,frontend::service,pod_running_count,k8s_container_ready,3.0
1776462863.63,frontend,otel-demo.frontend-b78bf7696-6bjdg.frontend,dependency_error_ratio,trace_client_error_ratio,0.0
1776462863.63,frontend,otel-demo.frontend-b78bf7696-6bjdg.frontend,error_ratio,trace_server_error_ratio,0.0
1776462863.63,frontend,otel-demo.frontend-b78bf7696-6bjdg.frontend,http_5xx_ratio,http_server_5xx_ratio,0.0
1776462863.63,frontend,otel-demo.frontend-b78bf7696-6bjdg.frontend,request_count,trace_server_count,0.0
1776462863.63,frontend,otel-demo.frontend-b78bf7696-77ldd.frontend,dependency_error_ratio,trace_client_error_ratio,0.0
1776462863.63,frontend,otel-demo.frontend-b78bf7696-77ldd.frontend,error_ratio,trace_server_error_ratio,0.0
1776462863.63,frontend,otel-demo.frontend-b78bf7696-77ldd.frontend,http_5xx_ratio,http_server_5xx_ratio,0.0
1776462863.63,frontend,otel-demo.frontend-b78bf7696-77ldd.frontend,request_count,trace_server_count,0.0
1776462863.63,frontend,otel-demo.frontend-b78bf7696-p9kqx.frontend,dependency_error_ratio,trace_client_error_ratio,0.0
1776462863.63,frontend,otel-demo.frontend-b78bf7696-p9kqx.frontend,error_ratio,trace_server_error_ratio,0.0
1776462863.63,frontend,otel-demo.frontend-b78bf7696-p9kqx.frontend,http_5xx_ratio,http_server_5xx_ratio,0.0
1776462863.63,frontend,otel-demo.frontend-b78bf7696-p9kqx.frontend,request_count,trace_server_count,0.0
1776462863.63,kafka,kafka-66df8bdf76-zjcbb,cpu_usage,container_cpu_usage,0.01566686534426837
1776462863.63,kafka,kafka-66df8bdf76-zjcbb,memory_usage,container_memory_working_set_bytes,666746880.0
1776462863.63,kafka,kafka::service,pod_restart_count,k8s_container_restarts,9.0
1776462863.63,kafka,kafka::service,pod_running_count,k8s_container_ready,1.0
1776462863.63,kafka,kafka::service,queue_lag,queue_size_ratio,0.0
1776462863.63,payment,otel-demo.payment-f9f8d647b-74h8z.payment,dependency_error_ratio,trace_client_error_ratio,0.0
1776462863.63,payment,otel-demo.payment-f9f8d647b-74h8z.payment,error_ratio,trace_server_error_ratio,0.0
1776462863.63,payment,otel-demo.payment-f9f8d647b-74h8z.payment,request_count,trace_server_count,0.0
1776462863.63,payment,otel-demo.payment-f9f8d647b-75hmx.payment,dependency_error_ratio,trace_client_error_ratio,0.0
1776462863.63,payment,otel-demo.payment-f9f8d647b-75hmx.payment,error_ratio,trace_server_error_ratio,0.0
1776462863.63,payment,otel-demo.payment-f9f8d647b-75hmx.payment,request_count,trace_server_count,0.0
1776462863.63,payment,otel-demo.payment-f9f8d647b-tv6l5.payment,dependency_error_ratio,trace_client_error_ratio,0.0
1776462863.63,payment,otel-demo.payment-f9f8d647b-tv6l5.payment,error_ratio,trace_server_error_ratio,0.0
1776462863.63,payment,otel-demo.payment-f9f8d647b-tv6l5.payment,request_count,trace_server_count,0.0
1776462863.63,payment,payment-f9f8d647b-74h8z,cpu_usage,container_cpu_usage,0.012188590172654532
1776462863.63,payment,payment-f9f8d647b-74h8z,memory_usage,container_memory_working_set_bytes,109322240.0
1776462863.63,payment,payment-f9f8d647b-75hmx,cpu_usage,container_cpu_usage,0.011791203255963693
1776462863.63,payment,payment-f9f8d647b-75hmx,memory_usage,container_memory_working_set_bytes,109563904.0
1776462863.63,payment,payment-f9f8d647b-tv6l5,cpu_usage,container_cpu_usage,0.007359546135056172
1776462863.63,payment,payment-f9f8d647b-tv6l5,memory_usage,container_memory_working_set_bytes,101027840.0
1776462863.63,payment,payment::service,pod_restart_count,k8s_container_restarts,39.0
1776462863.63,payment,payment::service,pod_running_count,k8s_container_ready,3.0
1776462863.63,product-catalog,otel-demo.product-catalog-784544475c-7crs7.product-catalog,dependency_error_ratio,trace_client_error_ratio,0.0
1776462863.63,product-catalog,otel-demo.product-catalog-784544475c-7crs7.product-catalog,error_ratio,trace_server_error_ratio,0.0
1776462863.63,product-catalog,otel-demo.product-catalog-784544475c-7crs7.product-catalog,request_count,trace_server_count,0.0
1776462863.63,product-catalog,otel-demo.product-catalog-784544475c-8skc7.product-catalog,dependency_error_ratio,trace_client_error_ratio,0.0
1776462863.63,product-catalog,otel-demo.product-catalog-784544475c-8skc7.product-catalog,error_ratio,trace_server_error_ratio,0.0
1776462863.63,product-catalog,otel-demo.product-catalog-784544475c-8skc7.product-catalog,request_count,trace_server_count,0.0
1776462863.63,product-catalog,otel-demo.product-catalog-784544475c-stwzc.product-catalog,dependency_error_ratio,trace_client_error_ratio,0.0
1776462863.63,product-catalog,otel-demo.product-catalog-784544475c-stwzc.product-catalog,error_ratio,trace_server_error_ratio,0.0
1776462863.63,product-catalog,otel-demo.product-catalog-784544475c-stwzc.product-catalog,request_count,trace_server_count,0.0
1776462863.63,product-catalog,product-catalog-784544475c-7crs7,cpu_usage,container_cpu_usage,0.01936558851488038
1776462863.63,product-catalog,product-catalog-784544475c-7crs7,memory_usage,container_memory_working_set_bytes,15364096.0
1776462863.63,product-catalog,product-catalog-784544475c-8skc7,cpu_usage,container_cpu_usage,0.10099393084845455
1776462863.63,product-catalog,product-catalog-784544475c-8skc7,memory_usage,container_memory_working_set_bytes,15781888.0
1776462863.63,product-catalog,product-catalog-784544475c-stwzc,cpu_usage,container_cpu_usage,0.0005772128220389413
1776462863.63,product-catalog,product-catalog-784544475c-stwzc,memory_usage,container_memory_working_set_bytes,12824576.0
1776462863.63,product-catalog,product-catalog::service,pod_restart_count,k8s_container_restarts,37.0
1776462863.63,product-catalog,product-catalog::service,pod_running_count,k8s_container_ready,3.0
1776462863.63,recommendation,otel-demo.recommendation-5b46f7469c-g2rgb.recommendation,dependency_error_ratio,trace_client_error_ratio,0.0
1776462863.63,recommendation,otel-demo.recommendation-5b46f7469c-rjwxq.recommendation,dependency_error_ratio,trace_client_error_ratio,0.0
1776462863.63,recommendation,otel-demo.recommendation-5b46f7469c-rjwxq.recommendation,error_ratio,trace_server_error_ratio,0.0
1776462863.63,recommendation,otel-demo.recommendation-5b46f7469c-rjwxq.recommendation,request_count,trace_server_count,0.0
1776462863.63,recommendation,otel-demo.recommendation-5b46f7469c-t2fm9.recommendation,dependency_error_ratio,trace_client_error_ratio,0.0
1776462863.63,recommendation,otel-demo.recommendation-5b46f7469c-t2fm9.recommendation,error_ratio,trace_server_error_ratio,0.0
1776462863.63,recommendation,otel-demo.recommendation-5b46f7469c-t2fm9.recommendation,request_count,trace_server_count,0.0
1776462863.63,recommendation,recommendation-5b46f7469c-g2rgb,cpu_usage,container_cpu_usage,0.011063823520747815
1776462863.63,recommendation,recommendation-5b46f7469c-g2rgb,memory_usage,container_memory_working_set_bytes,46891008.0
1776462863.63,recommendation,recommendation-5b46f7469c-rjwxq,cpu_usage,container_cpu_usage,0.014085141522864657
1776462863.63,recommendation,recommendation-5b46f7469c-rjwxq,memory_usage,container_memory_working_set_bytes,47865856.0
1776462863.63,recommendation,recommendation-5b46f7469c-t2fm9,cpu_usage,container_cpu_usage,0.04101365043625053
1776462863.63,recommendation,recommendation-5b46f7469c-t2fm9,memory_usage,container_memory_working_set_bytes,52539392.0
1776462863.63,recommendation,recommendation::service,pod_restart_count,k8s_container_restarts,3.0
1776462863.63,recommendation,recommendation::service,pod_running_count,k8s_container_ready,3.0
1776462873.63,ad,3a8b9295-6ae2-4e8a-b9b0-a607d7fec0a4,dependency_error_ratio,trace_client_error_ratio,0.0
1776462873.63,ad,3a8b9295-6ae2-4e8a-b9b0-a607d7fec0a4,error_ratio,trace_server_error_ratio,0.0
1776462873.63,ad,3a8b9295-6ae2-4e8a-b9b0-a607d7fec0a4,request_count,trace_server_count,0.0
1776462873.63,ad,5680c7ee-584c-4353-b6d2-93bc605a0324,dependency_error_ratio,trace_client_error_ratio,0.0
1776462873.63,ad,5680c7ee-584c-4353-b6d2-93bc605a0324,error_ratio,trace_server_error_ratio,0.0
1776462873.63,ad,5680c7ee-584c-4353-b6d2-93bc605a0324,request_count,trace_server_count,0.0
1776462873.63,ad,9f9a3c1c-bd3f-40ea-8764-b59f1ebd2204,dependency_error_ratio,trace_client_error_ratio,0.0
1776462873.63,ad,ad-7fb5b4f859-52ks9,cpu_usage,container_cpu_usage,0.0024790055878615973
1776462873.63,ad,ad-7fb5b4f859-52ks9,memory_usage,container_memory_working_set_bytes,260313088.0
1776462873.63,ad,ad-7fb5b4f859-rd4zw,cpu_usage,container_cpu_usage,0.0012771451931337526
1776462873.63,ad,ad-7fb5b4f859-rd4zw,memory_usage,container_memory_working_set_bytes,238366720.0
1776462873.63,ad,ad-7fb5b4f859-zsstr,cpu_usage,container_cpu_usage,0.003915922907769118
1776462873.63,ad,ad-7fb5b4f859-zsstr,memory_usage,container_memory_working_set_bytes,261906432.0
1776462873.63,ad,ad::service,pod_restart_count,k8s_container_restarts,3.0
1776462873.63,ad,ad::service,pod_running_count,k8s_container_ready,3.0
1776462873.63,cart,cart-7c7496d7f-th7mc,cpu_usage,container_cpu_usage,0.04887735581020793
1776462873.63,cart,cart-7c7496d7f-th7mc,memory_usage,container_memory_working_set_bytes,63184896.0
1776462873.63,cart,cart::service,pod_restart_count,k8s_container_restarts,1.0
1776462873.63,cart,cart::service,pod_running_count,k8s_container_ready,1.0
1776462873.63,cart,f1f3afac-3031-4c18-925a-048232421d89,dependency_error_ratio,trace_client_error_ratio,0.0
1776462873.63,cart,f1f3afac-3031-4c18-925a-048232421d89,error_ratio,trace_server_error_ratio,0.0
1776462873.63,cart,f1f3afac-3031-4c18-925a-048232421d89,request_count,trace_server_count,0.0
1776462873.63,checkout,4755bdbd-5ad9-49fa-acb7-3a7dcb6a9277,dependency_error_ratio,trace_client_error_ratio,0.0
1776462873.63,checkout,4755bdbd-5ad9-49fa-acb7-3a7dcb6a9277,error_ratio,trace_server_error_ratio,0.0
1776462873.63,checkout,4755bdbd-5ad9-49fa-acb7-3a7dcb6a9277,request_count,trace_server_count,0.0
1776462873.63,checkout,bb49e6b9-109a-41b8-be66-ab2a38272474,dependency_error_ratio,trace_client_error_ratio,0.0
1776462873.63,checkout,bb49e6b9-109a-41b8-be66-ab2a38272474,error_ratio,trace_server_error_ratio,0.0
1776462873.63,checkout,bb49e6b9-109a-41b8-be66-ab2a38272474,request_count,trace_server_count,0.0
1776462873.63,checkout,bc5804df-6f63-4261-8788-8ecfe5481366,dependency_error_ratio,trace_client_error_ratio,0.0
1776462873.63,checkout,bc5804df-6f63-4261-8788-8ecfe5481366,error_ratio,trace_server_error_ratio,0.0
1776462873.63,checkout,bc5804df-6f63-4261-8788-8ecfe5481366,request_count,trace_server_count,0.0
1776462873.63,checkout,checkout-7f4ccfc547-6crwh,cpu_usage,container_cpu_usage,0.1218970006011233
1776462873.63,checkout,checkout-7f4ccfc547-6crwh,memory_usage,container_memory_working_set_bytes,15044608.0
1776462873.63,checkout,checkout-7f4ccfc547-ftx2n,cpu_usage,container_cpu_usage,0.0004582208101668098
1776462873.63,checkout,checkout-7f4ccfc547-ftx2n,memory_usage,container_memory_working_set_bytes,12009472.0
1776462873.63,checkout,checkout-7f4ccfc547-qlfgr,cpu_usage,container_cpu_usage,0.05687244884347525
1776462873.63,checkout,checkout-7f4ccfc547-qlfgr,memory_usage,container_memory_working_set_bytes,14630912.0
1776462873.63,checkout,checkout::service,pod_restart_count,k8s_container_restarts,45.0
1776462873.63,checkout,checkout::service,pod_running_count,k8s_container_ready,3.0
1776462873.63,email,email-5dcf48b665-66zvj,cpu_usage,container_cpu_usage,0.007371365496313013
1776462873.63,email,email-5dcf48b665-66zvj,memory_usage,container_memory_working_set_bytes,59670528.0
1776462873.63,email,email-5dcf48b665-9xxmx,cpu_usage,container_cpu_usage,0.00040412864963514246
1776462873.63,email,email-5dcf48b665-9xxmx,memory_usage,container_memory_working_set_bytes,56594432.0
1776462873.63,email,email-5dcf48b665-n4zf2,cpu_usage,container_cpu_usage,0.007529017114483258
1776462873.63,email,email-5dcf48b665-n4zf2,memory_usage,container_memory_working_set_bytes,54480896.0
1776462873.63,email,email::service,pod_restart_count,k8s_container_restarts,9.0
1776462873.63,email,email::service,pod_running_count,k8s_container_ready,3.0
1776462873.63,email,otel-demo.email-5dcf48b665-66zvj.email,error_ratio,trace_server_error_ratio,0.0
1776462873.63,email,otel-demo.email-5dcf48b665-66zvj.email,request_count,trace_server_count,0.0
1776462873.63,email,otel-demo.email-5dcf48b665-9xxmx.email,error_ratio,trace_server_error_ratio,0.0
1776462873.63,email,otel-demo.email-5dcf48b665-9xxmx.email,request_count,trace_server_count,0.0
1776462873.63,email,otel-demo.email-5dcf48b665-n4zf2.email,error_ratio,trace_server_error_ratio,0.0
1776462873.63,email,otel-demo.email-5dcf48b665-n4zf2.email,request_count,trace_server_count,0.0
1776462873.63,frontend,frontend-b78bf7696-6bjdg,cpu_usage,container_cpu_usage,2.7279273728136486
1776462873.63,frontend,frontend-b78bf7696-6bjdg,memory_usage,container_memory_working_set_bytes,122413056.0
1776462873.63,frontend,frontend-b78bf7696-77ldd,cpu_usage,container_cpu_usage,2.770309535043329
1776462873.63,frontend,frontend-b78bf7696-77ldd,memory_usage,container_memory_working_set_bytes,112226304.0
1776462873.63,frontend,frontend-b78bf7696-p9kqx,cpu_usage,container_cpu_usage,2.7582154987233283
1776462873.63,frontend,frontend-b78bf7696-p9kqx,memory_usage,container_memory_working_set_bytes,122920960.0
1776462873.63,frontend,frontend::service,pod_restart_count,k8s_container_restarts,3.0
1776462873.63,frontend,frontend::service,pod_running_count,k8s_container_ready,3.0
1776462873.63,frontend,otel-demo.frontend-b78bf7696-6bjdg.frontend,dependency_error_ratio,trace_client_error_ratio,0.0
1776462873.63,frontend,otel-demo.frontend-b78bf7696-6bjdg.frontend,error_ratio,trace_server_error_ratio,0.0
1776462873.63,frontend,otel-demo.frontend-b78bf7696-6bjdg.frontend,http_5xx_ratio,http_server_5xx_ratio,0.0
1776462873.63,frontend,otel-demo.frontend-b78bf7696-6bjdg.frontend,request_count,trace_server_count,0.0
1776462873.63,frontend,otel-demo.frontend-b78bf7696-77ldd.frontend,dependency_error_ratio,trace_client_error_ratio,0.0
1776462873.63,frontend,otel-demo.frontend-b78bf7696-77ldd.frontend,error_ratio,trace_server_error_ratio,0.0
1776462873.63,frontend,otel-demo.frontend-b78bf7696-77ldd.frontend,http_5xx_ratio,http_server_5xx_ratio,0.0
1776462873.63,frontend,otel-demo.frontend-b78bf7696-77ldd.frontend,request_count,trace_server_count,0.0
1776462873.63,frontend,otel-demo.frontend-b78bf7696-p9kqx.frontend,dependency_error_ratio,trace_client_error_ratio,0.0
1776462873.63,frontend,otel-demo.frontend-b78bf7696-p9kqx.frontend,error_ratio,trace_server_error_ratio,0.0
1776462873.63,frontend,otel-demo.frontend-b78bf7696-p9kqx.frontend,http_5xx_ratio,http_server_5xx_ratio,0.0
1776462873.63,frontend,otel-demo.frontend-b78bf7696-p9kqx.frontend,request_count,trace_server_count,0.0
1776462873.63,kafka,kafka-66df8bdf76-zjcbb,cpu_usage,container_cpu_usage,0.013947346934108908
1776462873.63,kafka,kafka-66df8bdf76-zjcbb,memory_usage,container_memory_working_set_bytes,666775552.0
1776462873.63,kafka,kafka::service,pod_restart_count,k8s_container_restarts,9.0
1776462873.63,kafka,kafka::service,pod_running_count,k8s_container_ready,1.0
1776462873.63,kafka,kafka::service,queue_lag,queue_size_ratio,0.0
1776462873.63,payment,otel-demo.payment-f9f8d647b-74h8z.payment,dependency_error_ratio,trace_client_error_ratio,0.0
1776462873.63,payment,otel-demo.payment-f9f8d647b-74h8z.payment,error_ratio,trace_server_error_ratio,0.0
1776462873.63,payment,otel-demo.payment-f9f8d647b-74h8z.payment,request_count,trace_server_count,0.0
1776462873.63,payment,otel-demo.payment-f9f8d647b-75hmx.payment,dependency_error_ratio,trace_client_error_ratio,0.0
1776462873.63,payment,otel-demo.payment-f9f8d647b-75hmx.payment,error_ratio,trace_server_error_ratio,0.0
1776462873.63,payment,otel-demo.payment-f9f8d647b-75hmx.payment,request_count,trace_server_count,0.0
1776462873.63,payment,otel-demo.payment-f9f8d647b-tv6l5.payment,dependency_error_ratio,trace_client_error_ratio,0.0
1776462873.63,payment,otel-demo.payment-f9f8d647b-tv6l5.payment,error_ratio,trace_server_error_ratio,0.0
1776462873.63,payment,otel-demo.payment-f9f8d647b-tv6l5.payment,request_count,trace_server_count,0.0
1776462873.63,payment,payment-f9f8d647b-74h8z,cpu_usage,container_cpu_usage,0.012328607489885677
1776462873.63,payment,payment-f9f8d647b-74h8z,memory_usage,container_memory_working_set_bytes,109322240.0
1776462873.63,payment,payment-f9f8d647b-75hmx,cpu_usage,container_cpu_usage,0.013883440466477073
1776462873.63,payment,payment-f9f8d647b-75hmx,memory_usage,container_memory_working_set_bytes,109559808.0
1776462873.63,payment,payment-f9f8d647b-tv6l5,cpu_usage,container_cpu_usage,0.00735954613505617
1776462873.63,payment,payment-f9f8d647b-tv6l5,memory_usage,container_memory_working_set_bytes,101027840.0
1776462873.63,payment,payment::service,pod_restart_count,k8s_container_restarts,39.0
1776462873.63,payment,payment::service,pod_running_count,k8s_container_ready,3.0
1776462873.63,product-catalog,otel-demo.product-catalog-784544475c-7crs7.product-catalog,dependency_error_ratio,trace_client_error_ratio,0.0
1776462873.63,product-catalog,otel-demo.product-catalog-784544475c-7crs7.product-catalog,error_ratio,trace_server_error_ratio,0.0
1776462873.63,product-catalog,otel-demo.product-catalog-784544475c-7crs7.product-catalog,request_count,trace_server_count,0.0
1776462873.63,product-catalog,otel-demo.product-catalog-784544475c-8skc7.product-catalog,dependency_error_ratio,trace_client_error_ratio,0.0
1776462873.63,product-catalog,otel-demo.product-catalog-784544475c-8skc7.product-catalog,error_ratio,trace_server_error_ratio,0.0
1776462873.63,product-catalog,otel-demo.product-catalog-784544475c-8skc7.product-catalog,request_count,trace_server_count,0.0
1776462873.63,product-catalog,otel-demo.product-catalog-784544475c-stwzc.product-catalog,dependency_error_ratio,trace_client_error_ratio,0.0
1776462873.63,product-catalog,otel-demo.product-catalog-784544475c-stwzc.product-catalog,error_ratio,trace_server_error_ratio,0.0
1776462873.63,product-catalog,otel-demo.product-catalog-784544475c-stwzc.product-catalog,request_count,trace_server_count,0.0
1776462873.63,product-catalog,product-catalog-784544475c-7crs7,cpu_usage,container_cpu_usage,0.033032378793387406
1776462873.63,product-catalog,product-catalog-784544475c-7crs7,memory_usage,container_memory_working_set_bytes,15880192.0
1776462873.63,product-catalog,product-catalog-784544475c-8skc7,cpu_usage,container_cpu_usage,0.09666863457463475
1776462873.63,product-catalog,product-catalog-784544475c-8skc7,memory_usage,container_memory_working_set_bytes,15781888.0
1776462873.63,product-catalog,product-catalog-784544475c-stwzc,cpu_usage,container_cpu_usage,0.0006292927951849883
1776462873.63,product-catalog,product-catalog-784544475c-stwzc,memory_usage,container_memory_working_set_bytes,12824576.0
1776462873.63,product-catalog,product-catalog::service,pod_restart_count,k8s_container_restarts,37.0
1776462873.63,product-catalog,product-catalog::service,pod_running_count,k8s_container_ready,3.0
1776462873.63,recommendation,otel-demo.recommendation-5b46f7469c-g2rgb.recommendation,dependency_error_ratio,trace_client_error_ratio,0.0
1776462873.63,recommendation,otel-demo.recommendation-5b46f7469c-rjwxq.recommendation,dependency_error_ratio,trace_client_error_ratio,0.0
1776462873.63,recommendation,otel-demo.recommendation-5b46f7469c-rjwxq.recommendation,error_ratio,trace_server_error_ratio,0.0
1776462873.63,recommendation,otel-demo.recommendation-5b46f7469c-rjwxq.recommendation,request_count,trace_server_count,0.0
1776462873.63,recommendation,otel-demo.recommendation-5b46f7469c-t2fm9.recommendation,dependency_error_ratio,trace_client_error_ratio,0.0
1776462873.63,recommendation,otel-demo.recommendation-5b46f7469c-t2fm9.recommendation,error_ratio,trace_server_error_ratio,0.0
1776462873.63,recommendation,otel-demo.recommendation-5b46f7469c-t2fm9.recommendation,request_count,trace_server_count,0.0
1776462873.63,recommendation,recommendation-5b46f7469c-g2rgb,cpu_usage,container_cpu_usage,0.010584179683818671
1776462873.63,recommendation,recommendation-5b46f7469c-g2rgb,memory_usage,container_memory_working_set_bytes,46891008.0
1776462873.63,recommendation,recommendation-5b46f7469c-rjwxq,cpu_usage,container_cpu_usage,0.015253468676798547
1776462873.63,recommendation,recommendation-5b46f7469c-rjwxq,memory_usage,container_memory_working_set_bytes,47865856.0
1776462873.63,recommendation,recommendation-5b46f7469c-t2fm9,cpu_usage,container_cpu_usage,0.02954968931144739
1776462873.63,recommendation,recommendation-5b46f7469c-t2fm9,memory_usage,container_memory_working_set_bytes,52576256.0
1776462873.63,recommendation,recommendation::service,pod_restart_count,k8s_container_restarts,3.0
1776462873.63,recommendation,recommendation::service,pod_running_count,k8s_container_ready,3.0
1776462883.63,ad,3a8b9295-6ae2-4e8a-b9b0-a607d7fec0a4,dependency_error_ratio,trace_client_error_ratio,0.0
1776462883.63,ad,3a8b9295-6ae2-4e8a-b9b0-a607d7fec0a4,error_ratio,trace_server_error_ratio,0.0
1776462883.63,ad,3a8b9295-6ae2-4e8a-b9b0-a607d7fec0a4,latency_p95,trace_server_latency_p95,8.849999999999994
1776462883.63,ad,3a8b9295-6ae2-4e8a-b9b0-a607d7fec0a4,request_count,trace_server_count,8.3
1776462883.63,ad,5680c7ee-584c-4353-b6d2-93bc605a0324,dependency_error_ratio,trace_client_error_ratio,0.0
1776462883.63,ad,5680c7ee-584c-4353-b6d2-93bc605a0324,error_ratio,trace_server_error_ratio,0.0
1776462883.63,ad,5680c7ee-584c-4353-b6d2-93bc605a0324,latency_p95,trace_server_latency_p95,9.659999999999991
1776462883.63,ad,5680c7ee-584c-4353-b6d2-93bc605a0324,request_count,trace_server_count,19.7
1776462883.63,ad,9f9a3c1c-bd3f-40ea-8764-b59f1ebd2204,dependency_error_ratio,trace_client_error_ratio,0.0
1776462883.63,ad,ad-7fb5b4f859-52ks9,cpu_usage,container_cpu_usage,0.0028560258548768354
1776462883.63,ad,ad-7fb5b4f859-52ks9,memory_usage,container_memory_working_set_bytes,260313088.0
1776462883.63,ad,ad-7fb5b4f859-rd4zw,cpu_usage,container_cpu_usage,0.0011524918799236145
1776462883.63,ad,ad-7fb5b4f859-rd4zw,memory_usage,container_memory_working_set_bytes,238366720.0
1776462883.63,ad,ad-7fb5b4f859-zsstr,cpu_usage,container_cpu_usage,0.0031484366356113328
1776462883.63,ad,ad-7fb5b4f859-zsstr,memory_usage,container_memory_working_set_bytes,261906432.0
1776462883.63,ad,ad::service,pod_restart_count,k8s_container_restarts,3.0
1776462883.63,ad,ad::service,pod_running_count,k8s_container_ready,3.0
1776462883.63,cart,cart-7c7496d7f-th7mc,cpu_usage,container_cpu_usage,0.05263943453273987
1776462883.63,cart,cart-7c7496d7f-th7mc,memory_usage,container_memory_working_set_bytes,62918656.0
1776462883.63,cart,cart::service,pod_restart_count,k8s_container_restarts,1.0
1776462883.63,cart,cart::service,pod_running_count,k8s_container_ready,1.0
1776462883.63,cart,f1f3afac-3031-4c18-925a-048232421d89,dependency_error_ratio,trace_client_error_ratio,0.0
1776462883.63,cart,f1f3afac-3031-4c18-925a-048232421d89,error_ratio,trace_server_error_ratio,0.0
1776462883.63,cart,f1f3afac-3031-4c18-925a-048232421d89,latency_p95,trace_server_latency_p95,8.835999999999995
1776462883.63,cart,f1f3afac-3031-4c18-925a-048232421d89,request_count,trace_server_count,176.2
1776462883.63,checkout,4755bdbd-5ad9-49fa-acb7-3a7dcb6a9277,dependency_error_ratio,trace_client_error_ratio,0.0
1776462883.63,checkout,4755bdbd-5ad9-49fa-acb7-3a7dcb6a9277,error_ratio,trace_server_error_ratio,0.0
1776462883.63,checkout,4755bdbd-5ad9-49fa-acb7-3a7dcb6a9277,latency_p95,trace_server_latency_p95,191.52173913043475
1776462883.63,checkout,4755bdbd-5ad9-49fa-acb7-3a7dcb6a9277,request_count,trace_server_count,11.9
1776462883.63,checkout,bb49e6b9-109a-41b8-be66-ab2a38272474,dependency_error_ratio,trace_client_error_ratio,0.0
1776462883.63,checkout,bb49e6b9-109a-41b8-be66-ab2a38272474,error_ratio,trace_server_error_ratio,0.0
1776462883.63,checkout,bb49e6b9-109a-41b8-be66-ab2a38272474,request_count,trace_server_count,0.0
1776462883.63,checkout,bc5804df-6f63-4261-8788-8ecfe5481366,dependency_error_ratio,trace_client_error_ratio,0.0
1776462883.63,checkout,bc5804df-6f63-4261-8788-8ecfe5481366,error_ratio,trace_server_error_ratio,0.0
1776462883.63,checkout,bc5804df-6f63-4261-8788-8ecfe5481366,latency_p95,trace_server_latency_p95,177.8571428571429
1776462883.63,checkout,bc5804df-6f63-4261-8788-8ecfe5481366,request_count,trace_server_count,7.1
1776462883.63,checkout,checkout-7f4ccfc547-6crwh,cpu_usage,container_cpu_usage,0.09496995466046142
1776462883.63,checkout,checkout-7f4ccfc547-6crwh,memory_usage,container_memory_working_set_bytes,15044608.0
1776462883.63,checkout,checkout-7f4ccfc547-ftx2n,cpu_usage,container_cpu_usage,0.0005369069624152826
1776462883.63,checkout,checkout-7f4ccfc547-ftx2n,memory_usage,container_memory_working_set_bytes,12009472.0
1776462883.63,checkout,checkout-7f4ccfc547-qlfgr,cpu_usage,container_cpu_usage,0.05687244884347525
1776462883.63,checkout,checkout-7f4ccfc547-qlfgr,memory_usage,container_memory_working_set_bytes,14630912.0
1776462883.63,checkout,checkout::service,pod_restart_count,k8s_container_restarts,45.0
1776462883.63,checkout,checkout::service,pod_running_count,k8s_container_ready,3.0
1776462883.63,email,email-5dcf48b665-66zvj,cpu_usage,container_cpu_usage,0.0073084177262852665
1776462883.63,email,email-5dcf48b665-66zvj,memory_usage,container_memory_working_set_bytes,59670528.0
1776462883.63,email,email-5dcf48b665-9xxmx,cpu_usage,container_cpu_usage,0.00039180139849714115
1776462883.63,email,email-5dcf48b665-9xxmx,memory_usage,container_memory_working_set_bytes,56594432.0
1776462883.63,email,email-5dcf48b665-n4zf2,cpu_usage,container_cpu_usage,0.008755038684486018
1776462883.63,email,email-5dcf48b665-n4zf2,memory_usage,container_memory_working_set_bytes,54480896.0
1776462883.63,email,email::service,pod_restart_count,k8s_container_restarts,9.0
1776462883.63,email,email::service,pod_running_count,k8s_container_ready,3.0
1776462883.63,email,otel-demo.email-5dcf48b665-66zvj.email,error_ratio,trace_server_error_ratio,0.0
1776462883.63,email,otel-demo.email-5dcf48b665-66zvj.email,latency_p95,trace_server_latency_p95,25.99999999999997
1776462883.63,email,otel-demo.email-5dcf48b665-66zvj.email,request_count,trace_server_count,13.2
1776462883.63,email,otel-demo.email-5dcf48b665-9xxmx.email,error_ratio,trace_server_error_ratio,0.0
1776462883.63,email,otel-demo.email-5dcf48b665-9xxmx.email,request_count,trace_server_count,0.0
1776462883.63,email,otel-demo.email-5dcf48b665-n4zf2.email,error_ratio,trace_server_error_ratio,0.0
1776462883.63,email,otel-demo.email-5dcf48b665-n4zf2.email,latency_p95,trace_server_latency_p95,9.683333333333332
1776462883.63,email,otel-demo.email-5dcf48b665-n4zf2.email,request_count,trace_server_count,5.9
1776462883.63,frontend,frontend-b78bf7696-6bjdg,cpu_usage,container_cpu_usage,2.7279273728136486
1776462883.63,frontend,frontend-b78bf7696-6bjdg,memory_usage,container_memory_working_set_bytes,122413056.0
1776462883.63,frontend,frontend-b78bf7696-77ldd,cpu_usage,container_cpu_usage,2.6073962675413216
1776462883.63,frontend,frontend-b78bf7696-77ldd,memory_usage,container_memory_working_set_bytes,111751168.0
1776462883.63,frontend,frontend-b78bf7696-p9kqx,cpu_usage,container_cpu_usage,2.6364650100353573
1776462883.63,frontend,frontend-b78bf7696-p9kqx,memory_usage,container_memory_working_set_bytes,122052608.0
1776462883.63,frontend,frontend::service,pod_restart_count,k8s_container_restarts,3.0
1776462883.63,frontend,frontend::service,pod_running_count,k8s_container_ready,3.0
1776462883.63,frontend,otel-demo.frontend-b78bf7696-6bjdg.frontend,dependency_error_ratio,trace_client_error_ratio,0.0
1776462883.63,frontend,otel-demo.frontend-b78bf7696-6bjdg.frontend,error_ratio,trace_server_error_ratio,0.0
1776462883.63,frontend,otel-demo.frontend-b78bf7696-6bjdg.frontend,http_5xx_ratio,http_server_5xx_ratio,0.0
1776462883.63,frontend,otel-demo.frontend-b78bf7696-6bjdg.frontend,latency_p95,trace_server_latency_p95,78.92215568862272
1776462883.63,frontend,otel-demo.frontend-b78bf7696-6bjdg.frontend,request_count,trace_server_count,232.8
1776462883.63,frontend,otel-demo.frontend-b78bf7696-77ldd.frontend,dependency_error_ratio,trace_client_error_ratio,0.0
1776462883.63,frontend,otel-demo.frontend-b78bf7696-77ldd.frontend,error_ratio,trace_server_error_ratio,0.0
1776462883.63,frontend,otel-demo.frontend-b78bf7696-77ldd.frontend,http_5xx_ratio,http_server_5xx_ratio,0.0
1776462883.63,frontend,otel-demo.frontend-b78bf7696-77ldd.frontend,latency_p95,trace_server_latency_p95,82.84438775510205
1776462883.63,frontend,otel-demo.frontend-b78bf7696-77ldd.frontend,request_count,trace_server_count,276.5
1776462883.63,frontend,otel-demo.frontend-b78bf7696-p9kqx.frontend,dependency_error_ratio,trace_client_error_ratio,0.0
1776462883.63,frontend,otel-demo.frontend-b78bf7696-p9kqx.frontend,error_ratio,trace_server_error_ratio,0.0
1776462883.63,frontend,otel-demo.frontend-b78bf7696-p9kqx.frontend,http_5xx_ratio,http_server_5xx_ratio,0.0
1776462883.63,frontend,otel-demo.frontend-b78bf7696-p9kqx.frontend,latency_p95,trace_server_latency_p95,83.87417218543038
1776462883.63,frontend,otel-demo.frontend-b78bf7696-p9kqx.frontend,request_count,trace_server_count,227.4
1776462883.63,kafka,kafka-66df8bdf76-zjcbb,cpu_usage,container_cpu_usage,0.014625677723214882
1776462883.63,kafka,kafka-66df8bdf76-zjcbb,memory_usage,container_memory_working_set_bytes,666812416.0
1776462883.63,kafka,kafka::service,pod_restart_count,k8s_container_restarts,9.0
1776462883.63,kafka,kafka::service,pod_running_count,k8s_container_ready,1.0
1776462883.63,kafka,kafka::service,queue_lag,queue_size_ratio,0.0
1776462883.63,payment,otel-demo.payment-f9f8d647b-74h8z.payment,dependency_error_ratio,trace_client_error_ratio,0.0
1776462883.63,payment,otel-demo.payment-f9f8d647b-74h8z.payment,error_ratio,trace_server_error_ratio,0.0
1776462883.63,payment,otel-demo.payment-f9f8d647b-74h8z.payment,request_count,trace_server_count,0.0
1776462883.63,payment,otel-demo.payment-f9f8d647b-75hmx.payment,dependency_error_ratio,trace_client_error_ratio,0.0
1776462883.63,payment,otel-demo.payment-f9f8d647b-75hmx.payment,error_ratio,trace_server_error_ratio,0.0
1776462883.63,payment,otel-demo.payment-f9f8d647b-75hmx.payment,request_count,trace_server_count,0.0
1776462883.63,payment,otel-demo.payment-f9f8d647b-tv6l5.payment,dependency_error_ratio,trace_client_error_ratio,0.0
1776462883.63,payment,otel-demo.payment-f9f8d647b-tv6l5.payment,error_ratio,trace_server_error_ratio,0.0
1776462883.63,payment,otel-demo.payment-f9f8d647b-tv6l5.payment,request_count,trace_server_count,0.0
1776462883.63,payment,payment-f9f8d647b-74h8z,cpu_usage,container_cpu_usage,0.012683270027624398
1776462883.63,payment,payment-f9f8d647b-74h8z,memory_usage,container_memory_working_set_bytes,109322240.0
1776462883.63,payment,payment-f9f8d647b-75hmx,cpu_usage,container_cpu_usage,0.013702013275550066
1776462883.63,payment,payment-f9f8d647b-75hmx,memory_usage,container_memory_working_set_bytes,109559808.0
1776462883.63,payment,payment-f9f8d647b-tv6l5,cpu_usage,container_cpu_usage,0.007370916442048452
1776462883.63,payment,payment-f9f8d647b-tv6l5,memory_usage,container_memory_working_set_bytes,101027840.0
1776462883.63,payment,payment::service,pod_restart_count,k8s_container_restarts,39.0
1776462883.63,payment,payment::service,pod_running_count,k8s_container_ready,3.0
1776462883.63,product-catalog,otel-demo.product-catalog-784544475c-7crs7.product-catalog,dependency_error_ratio,trace_client_error_ratio,0.0
1776462883.63,product-catalog,otel-demo.product-catalog-784544475c-7crs7.product-catalog,error_ratio,trace_server_error_ratio,0.0
1776462883.63,product-catalog,otel-demo.product-catalog-784544475c-7crs7.product-catalog,request_count,trace_server_count,0.0
1776462883.63,product-catalog,otel-demo.product-catalog-784544475c-8skc7.product-catalog,dependency_error_ratio,trace_client_error_ratio,0.0
1776462883.63,product-catalog,otel-demo.product-catalog-784544475c-8skc7.product-catalog,error_ratio,trace_server_error_ratio,0.0
1776462883.63,product-catalog,otel-demo.product-catalog-784544475c-8skc7.product-catalog,request_count,trace_server_count,0.0
1776462883.63,product-catalog,otel-demo.product-catalog-784544475c-stwzc.product-catalog,dependency_error_ratio,trace_client_error_ratio,0.0
1776462883.63,product-catalog,otel-demo.product-catalog-784544475c-stwzc.product-catalog,error_ratio,trace_server_error_ratio,0.0
1776462883.63,product-catalog,otel-demo.product-catalog-784544475c-stwzc.product-catalog,request_count,trace_server_count,0.0
1776462883.63,product-catalog,product-catalog-784544475c-7crs7,cpu_usage,container_cpu_usage,0.033032378793387406
1776462883.63,product-catalog,product-catalog-784544475c-7crs7,memory_usage,container_memory_working_set_bytes,15880192.0
1776462883.63,product-catalog,product-catalog-784544475c-8skc7,cpu_usage,container_cpu_usage,0.08453218360944821
1776462883.63,product-catalog,product-catalog-784544475c-8skc7,memory_usage,container_memory_working_set_bytes,15339520.0
1776462883.63,product-catalog,product-catalog-784544475c-stwzc,cpu_usage,container_cpu_usage,0.0006048978184013101
1776462883.63,product-catalog,product-catalog-784544475c-stwzc,memory_usage,container_memory_working_set_bytes,13049856.0
1776462883.63,product-catalog,product-catalog::service,pod_restart_count,k8s_container_restarts,37.0
1776462883.63,product-catalog,product-catalog::service,pod_running_count,k8s_container_ready,3.0
1776462883.63,recommendation,otel-demo.recommendation-5b46f7469c-g2rgb.recommendation,dependency_error_ratio,trace_client_error_ratio,0.0
1776462883.63,recommendation,otel-demo.recommendation-5b46f7469c-rjwxq.recommendation,dependency_error_ratio,trace_client_error_ratio,0.0
1776462883.63,recommendation,otel-demo.recommendation-5b46f7469c-rjwxq.recommendation,error_ratio,trace_server_error_ratio,0.0
1776462883.63,recommendation,otel-demo.recommendation-5b46f7469c-rjwxq.recommendation,latency_p95,trace_server_latency_p95,31.7142857142857
1776462883.63,recommendation,otel-demo.recommendation-5b46f7469c-rjwxq.recommendation,request_count,trace_server_count,8.4
1776462883.63,recommendation,otel-demo.recommendation-5b46f7469c-t2fm9.recommendation,dependency_error_ratio,trace_client_error_ratio,0.0
1776462883.63,recommendation,otel-demo.recommendation-5b46f7469c-t2fm9.recommendation,error_ratio,trace_server_error_ratio,0.0
1776462883.63,recommendation,otel-demo.recommendation-5b46f7469c-t2fm9.recommendation,latency_p95,trace_server_latency_p95,34.71428571428569
1776462883.63,recommendation,otel-demo.recommendation-5b46f7469c-t2fm9.recommendation,request_count,trace_server_count,21.4
1776462883.63,recommendation,recommendation-5b46f7469c-g2rgb,cpu_usage,container_cpu_usage,0.0119333370773873
1776462883.63,recommendation,recommendation-5b46f7469c-g2rgb,memory_usage,container_memory_working_set_bytes,46891008.0
1776462883.63,recommendation,recommendation-5b46f7469c-rjwxq,cpu_usage,container_cpu_usage,0.022259880407362417
1776462883.63,recommendation,recommendation-5b46f7469c-rjwxq,memory_usage,container_memory_working_set_bytes,47865856.0
1776462883.63,recommendation,recommendation-5b46f7469c-t2fm9,cpu_usage,container_cpu_usage,0.03602046582665793
1776462883.63,recommendation,recommendation-5b46f7469c-t2fm9,memory_usage,container_memory_working_set_bytes,52576256.0
1776462883.63,recommendation,recommendation::service,pod_restart_count,k8s_container_restarts,3.0
1776462883.63,recommendation,recommendation::service,pod_running_count,k8s_container_ready,3.0
1776462893.63,ad,3a8b9295-6ae2-4e8a-b9b0-a607d7fec0a4,dependency_error_ratio,trace_client_error_ratio,0.0
1776462893.63,ad,3a8b9295-6ae2-4e8a-b9b0-a607d7fec0a4,error_ratio,trace_server_error_ratio,0.0
1776462893.63,ad,3a8b9295-6ae2-4e8a-b9b0-a607d7fec0a4,request_count,trace_server_count,0.0
1776462893.63,ad,5680c7ee-584c-4353-b6d2-93bc605a0324,dependency_error_ratio,trace_client_error_ratio,0.0
1776462893.63,ad,5680c7ee-584c-4353-b6d2-93bc605a0324,error_ratio,trace_server_error_ratio,0.0
1776462893.63,ad,5680c7ee-584c-4353-b6d2-93bc605a0324,request_count,trace_server_count,0.0
1776462893.63,ad,9f9a3c1c-bd3f-40ea-8764-b59f1ebd2204,dependency_error_ratio,trace_client_error_ratio,0.0
1776462893.63,ad,ad-7fb5b4f859-52ks9,cpu_usage,container_cpu_usage,0.0028560258548768354
1776462893.63,ad,ad-7fb5b4f859-52ks9,memory_usage,container_memory_working_set_bytes,260313088.0
1776462893.63,ad,ad-7fb5b4f859-rd4zw,cpu_usage,container_cpu_usage,0.0009779852640317813
1776462893.63,ad,ad-7fb5b4f859-rd4zw,memory_usage,container_memory_working_set_bytes,238366720.0
1776462893.63,ad,ad-7fb5b4f859-zsstr,cpu_usage,container_cpu_usage,0.0031484366356113323
1776462893.63,ad,ad-7fb5b4f859-zsstr,memory_usage,container_memory_working_set_bytes,261906432.0
1776462893.63,ad,ad::service,pod_restart_count,k8s_container_restarts,3.0
1776462893.63,ad,ad::service,pod_running_count,k8s_container_ready,3.0
1776462893.63,cart,cart-7c7496d7f-th7mc,cpu_usage,container_cpu_usage,0.05733633172444014
1776462893.63,cart,cart-7c7496d7f-th7mc,memory_usage,container_memory_working_set_bytes,62648320.0
1776462893.63,cart,cart::service,pod_restart_count,k8s_container_restarts,1.0
1776462893.63,cart,cart::service,pod_running_count,k8s_container_ready,1.0
1776462893.63,cart,f1f3afac-3031-4c18-925a-048232421d89,dependency_error_ratio,trace_client_error_ratio,0.0
1776462893.63,cart,f1f3afac-3031-4c18-925a-048232421d89,error_ratio,trace_server_error_ratio,0.0
1776462893.63,cart,f1f3afac-3031-4c18-925a-048232421d89,request_count,trace_server_count,0.0
1776462893.63,checkout,4755bdbd-5ad9-49fa-acb7-3a7dcb6a9277,dependency_error_ratio,trace_client_error_ratio,0.0
1776462893.63,checkout,4755bdbd-5ad9-49fa-acb7-3a7dcb6a9277,error_ratio,trace_server_error_ratio,0.0
1776462893.63,checkout,4755bdbd-5ad9-49fa-acb7-3a7dcb6a9277,request_count,trace_server_count,0.0
1776462893.63,checkout,bb49e6b9-109a-41b8-be66-ab2a38272474,dependency_error_ratio,trace_client_error_ratio,0.0
1776462893.63,checkout,bb49e6b9-109a-41b8-be66-ab2a38272474,error_ratio,trace_server_error_ratio,0.0
1776462893.63,checkout,bb49e6b9-109a-41b8-be66-ab2a38272474,request_count,trace_server_count,0.0
1776462893.63,checkout,bc5804df-6f63-4261-8788-8ecfe5481366,dependency_error_ratio,trace_client_error_ratio,0.0
1776462893.63,checkout,bc5804df-6f63-4261-8788-8ecfe5481366,error_ratio,trace_server_error_ratio,0.0
1776462893.63,checkout,bc5804df-6f63-4261-8788-8ecfe5481366,request_count,trace_server_count,0.0
1776462893.63,checkout,checkout-7f4ccfc547-6crwh,cpu_usage,container_cpu_usage,0.11168159032726899
1776462893.63,checkout,checkout-7f4ccfc547-6crwh,memory_usage,container_memory_working_set_bytes,15052800.0
1776462893.63,checkout,checkout-7f4ccfc547-ftx2n,cpu_usage,container_cpu_usage,0.0006245781693295601
1776462893.63,checkout,checkout-7f4ccfc547-ftx2n,memory_usage,container_memory_working_set_bytes,12009472.0
1776462893.63,checkout,checkout-7f4ccfc547-qlfgr,cpu_usage,container_cpu_usage,0.05245908073225368
1776462893.63,checkout,checkout-7f4ccfc547-qlfgr,memory_usage,container_memory_working_set_bytes,14675968.0
1776462893.63,checkout,checkout::service,pod_restart_count,k8s_container_restarts,45.0
1776462893.63,checkout,checkout::service,pod_running_count,k8s_container_ready,3.0
1776462893.63,email,email-5dcf48b665-66zvj,cpu_usage,container_cpu_usage,0.011769430371926657
1776462893.63,email,email-5dcf48b665-66zvj,memory_usage,container_memory_working_set_bytes,59564032.0
1776462893.63,email,email-5dcf48b665-9xxmx,cpu_usage,container_cpu_usage,0.0004337223297918881
1776462893.63,email,email-5dcf48b665-9xxmx,memory_usage,container_memory_working_set_bytes,56594432.0
1776462893.63,email,email-5dcf48b665-n4zf2,cpu_usage,container_cpu_usage,0.00594084947051662
1776462893.63,email,email-5dcf48b665-n4zf2,memory_usage,container_memory_working_set_bytes,54427648.0
1776462893.63,email,email::service,pod_restart_count,k8s_container_restarts,9.0
1776462893.63,email,email::service,pod_running_count,k8s_container_ready,3.0
1776462893.63,email,otel-demo.email-5dcf48b665-66zvj.email,error_ratio,trace_server_error_ratio,0.0
1776462893.63,email,otel-demo.email-5dcf48b665-66zvj.email,request_count,trace_server_count,0.0
1776462893.63,email,otel-demo.email-5dcf48b665-9xxmx.email,error_ratio,trace_server_error_ratio,0.0
1776462893.63,email,otel-demo.email-5dcf48b665-9xxmx.email,request_count,trace_server_count,0.0
1776462893.63,email,otel-demo.email-5dcf48b665-n4zf2.email,error_ratio,trace_server_error_ratio,0.0
1776462893.63,email,otel-demo.email-5dcf48b665-n4zf2.email,request_count,trace_server_count,0.0
1776462893.63,frontend,frontend-b78bf7696-6bjdg,cpu_usage,container_cpu_usage,2.607057604218794
1776462893.63,frontend,frontend-b78bf7696-6bjdg,memory_usage,container_memory_working_set_bytes,123736064.0
1776462893.63,frontend,frontend-b78bf7696-77ldd,cpu_usage,container_cpu_usage,2.7575615340973503
1776462893.63,frontend,frontend-b78bf7696-77ldd,memory_usage,container_memory_working_set_bytes,112578560.0
1776462893.63,frontend,frontend-b78bf7696-p9kqx,cpu_usage,container_cpu_usage,2.221744171789067
1776462893.63,frontend,frontend-b78bf7696-p9kqx,memory_usage,container_memory_working_set_bytes,122052608.0
1776462893.63,frontend,frontend::service,pod_restart_count,k8s_container_restarts,3.0
1776462893.63,frontend,frontend::service,pod_running_count,k8s_container_ready,3.0
1776462893.63,frontend,otel-demo.frontend-b78bf7696-6bjdg.frontend,dependency_error_ratio,trace_client_error_ratio,0.0
1776462893.63,frontend,otel-demo.frontend-b78bf7696-6bjdg.frontend,error_ratio,trace_server_error_ratio,0.0
1776462893.63,frontend,otel-demo.frontend-b78bf7696-6bjdg.frontend,http_5xx_ratio,http_server_5xx_ratio,0.0
1776462893.63,frontend,otel-demo.frontend-b78bf7696-6bjdg.frontend,request_count,trace_server_count,0.0
1776462893.63,frontend,otel-demo.frontend-b78bf7696-77ldd.frontend,dependency_error_ratio,trace_client_error_ratio,0.0
1776462893.63,frontend,otel-demo.frontend-b78bf7696-77ldd.frontend,error_ratio,trace_server_error_ratio,0.0
1776462893.63,frontend,otel-demo.frontend-b78bf7696-77ldd.frontend,http_5xx_ratio,http_server_5xx_ratio,0.0
1776462893.63,frontend,otel-demo.frontend-b78bf7696-77ldd.frontend,request_count,trace_server_count,0.0
1776462893.63,frontend,otel-demo.frontend-b78bf7696-p9kqx.frontend,dependency_error_ratio,trace_client_error_ratio,0.0
1776462893.63,frontend,otel-demo.frontend-b78bf7696-p9kqx.frontend,error_ratio,trace_server_error_ratio,0.0
1776462893.63,frontend,otel-demo.frontend-b78bf7696-p9kqx.frontend,http_5xx_ratio,http_server_5xx_ratio,0.0
1776462893.63,frontend,otel-demo.frontend-b78bf7696-p9kqx.frontend,request_count,trace_server_count,0.0
1776462893.63,kafka,kafka-66df8bdf76-zjcbb,cpu_usage,container_cpu_usage,0.015256761079803515
1776462893.63,kafka,kafka-66df8bdf76-zjcbb,memory_usage,container_memory_working_set_bytes,666812416.0
1776462893.63,kafka,kafka::service,pod_restart_count,k8s_container_restarts,9.0
1776462893.63,kafka,kafka::service,pod_running_count,k8s_container_ready,1.0
1776462893.63,kafka,kafka::service,queue_lag,queue_size_ratio,0.0
1776462893.63,payment,otel-demo.payment-f9f8d647b-74h8z.payment,dependency_error_ratio,trace_client_error_ratio,0.0
1776462893.63,payment,otel-demo.payment-f9f8d647b-74h8z.payment,error_ratio,trace_server_error_ratio,0.0
1776462893.63,payment,otel-demo.payment-f9f8d647b-74h8z.payment,request_count,trace_server_count,0.0
1776462893.63,payment,otel-demo.payment-f9f8d647b-75hmx.payment,dependency_error_ratio,trace_client_error_ratio,0.0
1776462893.63,payment,otel-demo.payment-f9f8d647b-75hmx.payment,error_ratio,trace_server_error_ratio,0.0
1776462893.63,payment,otel-demo.payment-f9f8d647b-75hmx.payment,request_count,trace_server_count,0.0
1776462893.63,payment,otel-demo.payment-f9f8d647b-tv6l5.payment,dependency_error_ratio,trace_client_error_ratio,0.0
1776462893.63,payment,otel-demo.payment-f9f8d647b-tv6l5.payment,error_ratio,trace_server_error_ratio,0.0
1776462893.63,payment,otel-demo.payment-f9f8d647b-tv6l5.payment,request_count,trace_server_count,0.0
1776462893.63,payment,payment-f9f8d647b-74h8z,cpu_usage,container_cpu_usage,0.01158625245035381
1776462893.63,payment,payment-f9f8d647b-74h8z,memory_usage,container_memory_working_set_bytes,109322240.0
1776462893.63,payment,payment-f9f8d647b-75hmx,cpu_usage,container_cpu_usage,0.012942465358487754
1776462893.63,payment,payment-f9f8d647b-75hmx,memory_usage,container_memory_working_set_bytes,109559808.0
1776462893.63,payment,payment-f9f8d647b-tv6l5,cpu_usage,container_cpu_usage,0.007370916442048451
1776462893.63,payment,payment-f9f8d647b-tv6l5,memory_usage,container_memory_working_set_bytes,101027840.0
1776462893.63,payment,payment::service,pod_restart_count,k8s_container_restarts,39.0
1776462893.63,payment,payment::service,pod_running_count,k8s_container_ready,3.0
1776462893.63,product-catalog,otel-demo.product-catalog-784544475c-7crs7.product-catalog,dependency_error_ratio,trace_client_error_ratio,0.0
1776462893.63,product-catalog,otel-demo.product-catalog-784544475c-7crs7.product-catalog,error_ratio,trace_server_error_ratio,0.0
1776462893.63,product-catalog,otel-demo.product-catalog-784544475c-7crs7.product-catalog,request_count,trace_server_count,0.0
1776462893.63,product-catalog,otel-demo.product-catalog-784544475c-8skc7.product-catalog,dependency_error_ratio,trace_client_error_ratio,0.0
1776462893.63,product-catalog,otel-demo.product-catalog-784544475c-8skc7.product-catalog,error_ratio,trace_server_error_ratio,0.0
1776462893.63,product-catalog,otel-demo.product-catalog-784544475c-8skc7.product-catalog,request_count,trace_server_count,0.0
1776462893.63,product-catalog,otel-demo.product-catalog-784544475c-stwzc.product-catalog,dependency_error_ratio,trace_client_error_ratio,0.0
1776462893.63,product-catalog,otel-demo.product-catalog-784544475c-stwzc.product-catalog,error_ratio,trace_server_error_ratio,0.0
1776462893.63,product-catalog,otel-demo.product-catalog-784544475c-stwzc.product-catalog,request_count,trace_server_count,0.0
1776462893.63,product-catalog,product-catalog-784544475c-7crs7,cpu_usage,container_cpu_usage,0.039004609954620864
1776462893.63,product-catalog,product-catalog-784544475c-7crs7,memory_usage,container_memory_working_set_bytes,15147008.0
1776462893.63,product-catalog,product-catalog-784544475c-8skc7,cpu_usage,container_cpu_usage,0.07182952885865174
1776462893.63,product-catalog,product-catalog-784544475c-8skc7,memory_usage,container_memory_working_set_bytes,15065088.0
1776462893.63,product-catalog,product-catalog-784544475c-stwzc,cpu_usage,container_cpu_usage,0.0006048978184013101
1776462893.63,product-catalog,product-catalog-784544475c-stwzc,memory_usage,container_memory_working_set_bytes,13049856.0
1776462893.63,product-catalog,product-catalog::service,pod_restart_count,k8s_container_restarts,37.0
1776462893.63,product-catalog,product-catalog::service,pod_running_count,k8s_container_ready,3.0
1776462893.63,recommendation,otel-demo.recommendation-5b46f7469c-g2rgb.recommendation,dependency_error_ratio,trace_client_error_ratio,0.0
1776462893.63,recommendation,otel-demo.recommendation-5b46f7469c-rjwxq.recommendation,dependency_error_ratio,trace_client_error_ratio,0.0
1776462893.63,recommendation,otel-demo.recommendation-5b46f7469c-rjwxq.recommendation,error_ratio,trace_server_error_ratio,0.0
1776462893.63,recommendation,otel-demo.recommendation-5b46f7469c-rjwxq.recommendation,request_count,trace_server_count,0.0
1776462893.63,recommendation,otel-demo.recommendation-5b46f7469c-t2fm9.recommendation,dependency_error_ratio,trace_client_error_ratio,0.0
1776462893.63,recommendation,otel-demo.recommendation-5b46f7469c-t2fm9.recommendation,error_ratio,trace_server_error_ratio,0.0
1776462893.63,recommendation,otel-demo.recommendation-5b46f7469c-t2fm9.recommendation,request_count,trace_server_count,0.0
1776462893.63,recommendation,recommendation-5b46f7469c-g2rgb,cpu_usage,container_cpu_usage,0.00872979376044278
1776462893.63,recommendation,recommendation-5b46f7469c-g2rgb,memory_usage,container_memory_working_set_bytes,46891008.0
1776462893.63,recommendation,recommendation-5b46f7469c-rjwxq,cpu_usage,container_cpu_usage,0.021552575519469798
1776462893.63,recommendation,recommendation-5b46f7469c-rjwxq,memory_usage,container_memory_working_set_bytes,47865856.0
1776462893.63,recommendation,recommendation-5b46f7469c-t2fm9,cpu_usage,container_cpu_usage,0.0319021105277295
1776462893.63,recommendation,recommendation-5b46f7469c-t2fm9,memory_usage,container_memory_working_set_bytes,52494336.0
1776462893.63,recommendation,recommendation::service,pod_restart_count,k8s_container_restarts,3.0
1776462893.63,recommendation,recommendation::service,pod_running_count,k8s_container_ready,3.0
1776462903.63,ad,3a8b9295-6ae2-4e8a-b9b0-a607d7fec0a4,dependency_error_ratio,trace_client_error_ratio,0.0
1776462903.63,ad,3a8b9295-6ae2-4e8a-b9b0-a607d7fec0a4,error_ratio,trace_server_error_ratio,0.0
1776462903.63,ad,3a8b9295-6ae2-4e8a-b9b0-a607d7fec0a4,request_count,trace_server_count,0.0
1776462903.63,ad,5680c7ee-584c-4353-b6d2-93bc605a0324,dependency_error_ratio,trace_client_error_ratio,0.0
1776462903.63,ad,5680c7ee-584c-4353-b6d2-93bc605a0324,error_ratio,trace_server_error_ratio,0.0
1776462903.63,ad,5680c7ee-584c-4353-b6d2-93bc605a0324,request_count,trace_server_count,0.0
1776462903.63,ad,9f9a3c1c-bd3f-40ea-8764-b59f1ebd2204,dependency_error_ratio,trace_client_error_ratio,0.0
1776462903.63,ad,ad-7fb5b4f859-52ks9,cpu_usage,container_cpu_usage,0.0030507957104091658
1776462903.63,ad,ad-7fb5b4f859-52ks9,memory_usage,container_memory_working_set_bytes,260313088.0
1776462903.63,ad,ad-7fb5b4f859-rd4zw,cpu_usage,container_cpu_usage,0.0012758918296880573
1776462903.63,ad,ad-7fb5b4f859-rd4zw,memory_usage,container_memory_working_set_bytes,238366720.0
1776462903.63,ad,ad-7fb5b4f859-zsstr,cpu_usage,container_cpu_usage,0.005630059021924075
1776462903.63,ad,ad-7fb5b4f859-zsstr,memory_usage,container_memory_working_set_bytes,261931008.0
1776462903.63,ad,ad::service,pod_restart_count,k8s_container_restarts,3.0
1776462903.63,ad,ad::service,pod_running_count,k8s_container_ready,3.0
1776462903.63,cart,cart-7c7496d7f-th7mc,cpu_usage,container_cpu_usage,0.0581420532000321
1776462903.63,cart,cart-7c7496d7f-th7mc,memory_usage,container_memory_working_set_bytes,62648320.0
1776462903.63,cart,cart::service,pod_restart_count,k8s_container_restarts,1.0
1776462903.63,cart,cart::service,pod_running_count,k8s_container_ready,1.0
1776462903.63,cart,f1f3afac-3031-4c18-925a-048232421d89,dependency_error_ratio,trace_client_error_ratio,0.0
1776462903.63,cart,f1f3afac-3031-4c18-925a-048232421d89,error_ratio,trace_server_error_ratio,0.0
1776462903.63,cart,f1f3afac-3031-4c18-925a-048232421d89,request_count,trace_server_count,0.0
1776462903.63,checkout,4755bdbd-5ad9-49fa-acb7-3a7dcb6a9277,dependency_error_ratio,trace_client_error_ratio,0.0
1776462903.63,checkout,4755bdbd-5ad9-49fa-acb7-3a7dcb6a9277,error_ratio,trace_server_error_ratio,0.0
1776462903.63,checkout,4755bdbd-5ad9-49fa-acb7-3a7dcb6a9277,request_count,trace_server_count,0.0
1776462903.63,checkout,bb49e6b9-109a-41b8-be66-ab2a38272474,dependency_error_ratio,trace_client_error_ratio,0.0
1776462903.63,checkout,bb49e6b9-109a-41b8-be66-ab2a38272474,error_ratio,trace_server_error_ratio,0.0
1776462903.63,checkout,bb49e6b9-109a-41b8-be66-ab2a38272474,request_count,trace_server_count,0.0
1776462903.63,checkout,bc5804df-6f63-4261-8788-8ecfe5481366,dependency_error_ratio,trace_client_error_ratio,0.0
1776462903.63,checkout,bc5804df-6f63-4261-8788-8ecfe5481366,error_ratio,trace_server_error_ratio,0.0
1776462903.63,checkout,bc5804df-6f63-4261-8788-8ecfe5481366,request_count,trace_server_count,0.0
1776462903.63,checkout,checkout-7f4ccfc547-6crwh,cpu_usage,container_cpu_usage,0.1481526471779761
1776462903.63,checkout,checkout-7f4ccfc547-6crwh,memory_usage,container_memory_working_set_bytes,15241216.0
1776462903.63,checkout,checkout-7f4ccfc547-ftx2n,cpu_usage,container_cpu_usage,0.0005531636129084431
1776462903.63,checkout,checkout-7f4ccfc547-ftx2n,memory_usage,container_memory_working_set_bytes,12009472.0
1776462903.63,checkout,checkout-7f4ccfc547-qlfgr,cpu_usage,container_cpu_usage,0.05245908073225368
1776462903.63,checkout,checkout-7f4ccfc547-qlfgr,memory_usage,container_memory_working_set_bytes,14675968.0
1776462903.63,checkout,checkout::service,pod_restart_count,k8s_container_restarts,45.0
1776462903.63,checkout,checkout::service,pod_running_count,k8s_container_ready,3.0
1776462903.63,email,email-5dcf48b665-66zvj,cpu_usage,container_cpu_usage,0.01569526524541277
1776462903.63,email,email-5dcf48b665-66zvj,memory_usage,container_memory_working_set_bytes,59830272.0
1776462903.63,email,email-5dcf48b665-9xxmx,cpu_usage,container_cpu_usage,0.00035701514775327806
1776462903.63,email,email-5dcf48b665-9xxmx,memory_usage,container_memory_working_set_bytes,56594432.0
1776462903.63,email,email-5dcf48b665-n4zf2,cpu_usage,container_cpu_usage,0.005057692689645404
1776462903.63,email,email-5dcf48b665-n4zf2,memory_usage,container_memory_working_set_bytes,54427648.0
1776462903.63,email,email::service,pod_restart_count,k8s_container_restarts,9.0
1776462903.63,email,email::service,pod_running_count,k8s_container_ready,3.0
1776462903.63,email,otel-demo.email-5dcf48b665-66zvj.email,error_ratio,trace_server_error_ratio,0.0
1776462903.63,email,otel-demo.email-5dcf48b665-66zvj.email,request_count,trace_server_count,0.0
1776462903.63,email,otel-demo.email-5dcf48b665-9xxmx.email,error_ratio,trace_server_error_ratio,0.0
1776462903.63,email,otel-demo.email-5dcf48b665-9xxmx.email,request_count,trace_server_count,0.0
1776462903.63,email,otel-demo.email-5dcf48b665-n4zf2.email,error_ratio,trace_server_error_ratio,0.0
1776462903.63,email,otel-demo.email-5dcf48b665-n4zf2.email,request_count,trace_server_count,0.0
1776462903.63,frontend,frontend-b78bf7696-6bjdg,cpu_usage,container_cpu_usage,2.7001384176269596
1776462903.63,frontend,frontend-b78bf7696-6bjdg,memory_usage,container_memory_working_set_bytes,123736064.0
1776462903.63,frontend,frontend-b78bf7696-77ldd,cpu_usage,container_cpu_usage,2.7575615340973503
1776462903.63,frontend,frontend-b78bf7696-77ldd,memory_usage,container_memory_working_set_bytes,112578560.0
1776462903.63,frontend,frontend-b78bf7696-p9kqx,cpu_usage,container_cpu_usage,2.7905012248995997
1776462903.63,frontend,frontend-b78bf7696-p9kqx,memory_usage,container_memory_working_set_bytes,122392576.0
1776462903.63,frontend,frontend::service,pod_restart_count,k8s_container_restarts,3.0
1776462903.63,frontend,frontend::service,pod_running_count,k8s_container_ready,3.0
1776462903.63,frontend,otel-demo.frontend-b78bf7696-6bjdg.frontend,dependency_error_ratio,trace_client_error_ratio,0.0
1776462903.63,frontend,otel-demo.frontend-b78bf7696-6bjdg.frontend,error_ratio,trace_server_error_ratio,0.0
1776462903.63,frontend,otel-demo.frontend-b78bf7696-6bjdg.frontend,http_5xx_ratio,http_server_5xx_ratio,0.0
1776462903.63,frontend,otel-demo.frontend-b78bf7696-6bjdg.frontend,request_count,trace_server_count,0.0
1776462903.63,frontend,otel-demo.frontend-b78bf7696-77ldd.frontend,dependency_error_ratio,trace_client_error_ratio,0.0
1776462903.63,frontend,otel-demo.frontend-b78bf7696-77ldd.frontend,error_ratio,trace_server_error_ratio,0.0
1776462903.63,frontend,otel-demo.frontend-b78bf7696-77ldd.frontend,http_5xx_ratio,http_server_5xx_ratio,0.0
1776462903.63,frontend,otel-demo.frontend-b78bf7696-77ldd.frontend,request_count,trace_server_count,0.0
1776462903.63,frontend,otel-demo.frontend-b78bf7696-p9kqx.frontend,dependency_error_ratio,trace_client_error_ratio,0.0
1776462903.63,frontend,otel-demo.frontend-b78bf7696-p9kqx.frontend,error_ratio,trace_server_error_ratio,0.0
1776462903.63,frontend,otel-demo.frontend-b78bf7696-p9kqx.frontend,http_5xx_ratio,http_server_5xx_ratio,0.0
1776462903.63,frontend,otel-demo.frontend-b78bf7696-p9kqx.frontend,request_count,trace_server_count,0.0
1776462903.63,kafka,kafka-66df8bdf76-zjcbb,cpu_usage,container_cpu_usage,0.013156488456567791
1776462903.63,kafka,kafka-66df8bdf76-zjcbb,memory_usage,container_memory_working_set_bytes,666845184.0
1776462903.63,kafka,kafka::service,pod_restart_count,k8s_container_restarts,9.0
1776462903.63,kafka,kafka::service,pod_running_count,k8s_container_ready,1.0
1776462903.63,kafka,kafka::service,queue_lag,queue_size_ratio,0.0
1776462903.63,payment,otel-demo.payment-f9f8d647b-74h8z.payment,dependency_error_ratio,trace_client_error_ratio,0.0
1776462903.63,payment,otel-demo.payment-f9f8d647b-74h8z.payment,error_ratio,trace_server_error_ratio,0.0
1776462903.63,payment,otel-demo.payment-f9f8d647b-74h8z.payment,request_count,trace_server_count,0.0
1776462903.63,payment,otel-demo.payment-f9f8d647b-75hmx.payment,dependency_error_ratio,trace_client_error_ratio,0.0
1776462903.63,payment,otel-demo.payment-f9f8d647b-75hmx.payment,error_ratio,trace_server_error_ratio,0.0
1776462903.63,payment,otel-demo.payment-f9f8d647b-75hmx.payment,request_count,trace_server_count,0.0
1776462903.63,payment,otel-demo.payment-f9f8d647b-tv6l5.payment,dependency_error_ratio,trace_client_error_ratio,0.0
1776462903.63,payment,otel-demo.payment-f9f8d647b-tv6l5.payment,error_ratio,trace_server_error_ratio,0.0
1776462903.63,payment,otel-demo.payment-f9f8d647b-tv6l5.payment,request_count,trace_server_count,0.0
1776462903.63,payment,payment-f9f8d647b-74h8z,cpu_usage,container_cpu_usage,0.01158625245035381
1776462903.63,payment,payment-f9f8d647b-74h8z,memory_usage,container_memory_working_set_bytes,109322240.0
1776462903.63,payment,payment-f9f8d647b-75hmx,cpu_usage,container_cpu_usage,0.01421738881575156
1776462903.63,payment,payment-f9f8d647b-75hmx,memory_usage,container_memory_working_set_bytes,109559808.0
1776462903.63,payment,payment-f9f8d647b-tv6l5,cpu_usage,container_cpu_usage,0.007598884381338617
1776462903.63,payment,payment-f9f8d647b-tv6l5,memory_usage,container_memory_working_set_bytes,101027840.0
1776462903.63,payment,payment::service,pod_restart_count,k8s_container_restarts,39.0
1776462903.63,payment,payment::service,pod_running_count,k8s_container_ready,3.0
1776462903.63,product-catalog,otel-demo.product-catalog-784544475c-7crs7.product-catalog,dependency_error_ratio,trace_client_error_ratio,0.0
1776462903.63,product-catalog,otel-demo.product-catalog-784544475c-7crs7.product-catalog,error_ratio,trace_server_error_ratio,0.0
1776462903.63,product-catalog,otel-demo.product-catalog-784544475c-7crs7.product-catalog,request_count,trace_server_count,0.0
1776462903.63,product-catalog,otel-demo.product-catalog-784544475c-8skc7.product-catalog,dependency_error_ratio,trace_client_error_ratio,0.0
1776462903.63,product-catalog,otel-demo.product-catalog-784544475c-8skc7.product-catalog,error_ratio,trace_server_error_ratio,0.0
1776462903.63,product-catalog,otel-demo.product-catalog-784544475c-8skc7.product-catalog,request_count,trace_server_count,0.0
1776462903.63,product-catalog,otel-demo.product-catalog-784544475c-stwzc.product-catalog,dependency_error_ratio,trace_client_error_ratio,0.0
1776462903.63,product-catalog,otel-demo.product-catalog-784544475c-stwzc.product-catalog,error_ratio,trace_server_error_ratio,0.0
1776462903.63,product-catalog,otel-demo.product-catalog-784544475c-stwzc.product-catalog,request_count,trace_server_count,0.0
1776462903.63,product-catalog,product-catalog-784544475c-7crs7,cpu_usage,container_cpu_usage,0.03642793610274625
1776462903.63,product-catalog,product-catalog-784544475c-7crs7,memory_usage,container_memory_working_set_bytes,15400960.0
1776462903.63,product-catalog,product-catalog-784544475c-8skc7,cpu_usage,container_cpu_usage,0.07163979533054966
1776462903.63,product-catalog,product-catalog-784544475c-8skc7,memory_usage,container_memory_working_set_bytes,15065088.0
1776462903.63,product-catalog,product-catalog-784544475c-stwzc,cpu_usage,container_cpu_usage,0.0007127513262165156
1776462903.63,product-catalog,product-catalog-784544475c-stwzc,memory_usage,container_memory_working_set_bytes,13049856.0
1776462903.63,product-catalog,product-catalog::service,pod_restart_count,k8s_container_restarts,37.0
1776462903.63,product-catalog,product-catalog::service,pod_running_count,k8s_container_ready,3.0
1776462903.63,recommendation,otel-demo.recommendation-5b46f7469c-g2rgb.recommendation,dependency_error_ratio,trace_client_error_ratio,0.0
1776462903.63,recommendation,otel-demo.recommendation-5b46f7469c-rjwxq.recommendation,dependency_error_ratio,trace_client_error_ratio,0.0
1776462903.63,recommendation,otel-demo.recommendation-5b46f7469c-rjwxq.recommendation,error_ratio,trace_server_error_ratio,0.0
1776462903.63,recommendation,otel-demo.recommendation-5b46f7469c-rjwxq.recommendation,request_count,trace_server_count,0.0
1776462903.63,recommendation,otel-demo.recommendation-5b46f7469c-t2fm9.recommendation,dependency_error_ratio,trace_client_error_ratio,0.0
1776462903.63,recommendation,otel-demo.recommendation-5b46f7469c-t2fm9.recommendation,error_ratio,trace_server_error_ratio,0.0
1776462903.63,recommendation,otel-demo.recommendation-5b46f7469c-t2fm9.recommendation,request_count,trace_server_count,0.0
1776462903.63,recommendation,recommendation-5b46f7469c-g2rgb,cpu_usage,container_cpu_usage,0.008412875358382064
1776462903.63,recommendation,recommendation-5b46f7469c-g2rgb,memory_usage,container_memory_working_set_bytes,46891008.0
1776462903.63,recommendation,recommendation-5b46f7469c-rjwxq,cpu_usage,container_cpu_usage,0.023240342277977295
1776462903.63,recommendation,recommendation-5b46f7469c-rjwxq,memory_usage,container_memory_working_set_bytes,47865856.0
1776462903.63,recommendation,recommendation-5b46f7469c-t2fm9,cpu_usage,container_cpu_usage,0.03193599203761554
1776462903.63,recommendation,recommendation-5b46f7469c-t2fm9,memory_usage,container_memory_working_set_bytes,52580352.0
1776462903.63,recommendation,recommendation::service,pod_restart_count,k8s_container_restarts,3.0
1776462903.63,recommendation,recommendation::service,pod_running_count,k8s_container_ready,3.0
1776462913.63,ad,3a8b9295-6ae2-4e8a-b9b0-a607d7fec0a4,dependency_error_ratio,trace_client_error_ratio,0.0
1776462913.63,ad,3a8b9295-6ae2-4e8a-b9b0-a607d7fec0a4,error_ratio,trace_server_error_ratio,0.0
1776462913.63,ad,3a8b9295-6ae2-4e8a-b9b0-a607d7fec0a4,request_count,trace_server_count,0.0
1776462913.63,ad,5680c7ee-584c-4353-b6d2-93bc605a0324,dependency_error_ratio,trace_client_error_ratio,0.0
1776462913.63,ad,5680c7ee-584c-4353-b6d2-93bc605a0324,error_ratio,trace_server_error_ratio,0.0
1776462913.63,ad,5680c7ee-584c-4353-b6d2-93bc605a0324,request_count,trace_server_count,0.0
1776462913.63,ad,9f9a3c1c-bd3f-40ea-8764-b59f1ebd2204,dependency_error_ratio,trace_client_error_ratio,0.0
1776462913.63,ad,ad-7fb5b4f859-52ks9,cpu_usage,container_cpu_usage,0.0026934944520437465
1776462913.63,ad,ad-7fb5b4f859-52ks9,memory_usage,container_memory_working_set_bytes,260313088.0
1776462913.63,ad,ad-7fb5b4f859-rd4zw,cpu_usage,container_cpu_usage,0.0011918722891159134
1776462913.63,ad,ad-7fb5b4f859-rd4zw,memory_usage,container_memory_working_set_bytes,238366720.0
1776462913.63,ad,ad-7fb5b4f859-zsstr,cpu_usage,container_cpu_usage,0.005223632077293997
1776462913.63,ad,ad-7fb5b4f859-zsstr,memory_usage,container_memory_working_set_bytes,261931008.0
1776462913.63,ad,ad::service,pod_restart_count,k8s_container_restarts,3.0
1776462913.63,ad,ad::service,pod_running_count,k8s_container_ready,3.0
1776462913.63,cart,cart-7c7496d7f-th7mc,cpu_usage,container_cpu_usage,0.05894086756982704
1776462913.63,cart,cart-7c7496d7f-th7mc,memory_usage,container_memory_working_set_bytes,62660608.0
1776462913.63,cart,cart::service,pod_restart_count,k8s_container_restarts,1.0
1776462913.63,cart,cart::service,pod_running_count,k8s_container_ready,1.0
1776462913.63,cart,f1f3afac-3031-4c18-925a-048232421d89,dependency_error_ratio,trace_client_error_ratio,0.0
1776462913.63,cart,f1f3afac-3031-4c18-925a-048232421d89,error_ratio,trace_server_error_ratio,0.0
1776462913.63,cart,f1f3afac-3031-4c18-925a-048232421d89,request_count,trace_server_count,0.0
1776462913.63,checkout,4755bdbd-5ad9-49fa-acb7-3a7dcb6a9277,dependency_error_ratio,trace_client_error_ratio,0.0
1776462913.63,checkout,4755bdbd-5ad9-49fa-acb7-3a7dcb6a9277,error_ratio,trace_server_error_ratio,0.0
1776462913.63,checkout,4755bdbd-5ad9-49fa-acb7-3a7dcb6a9277,request_count,trace_server_count,0.0
1776462913.63,checkout,bb49e6b9-109a-41b8-be66-ab2a38272474,dependency_error_ratio,trace_client_error_ratio,0.0
1776462913.63,checkout,bb49e6b9-109a-41b8-be66-ab2a38272474,error_ratio,trace_server_error_ratio,0.0
1776462913.63,checkout,bb49e6b9-109a-41b8-be66-ab2a38272474,request_count,trace_server_count,0.0
1776462913.63,checkout,bc5804df-6f63-4261-8788-8ecfe5481366,dependency_error_ratio,trace_client_error_ratio,0.0
1776462913.63,checkout,bc5804df-6f63-4261-8788-8ecfe5481366,error_ratio,trace_server_error_ratio,0.0
1776462913.63,checkout,bc5804df-6f63-4261-8788-8ecfe5481366,request_count,trace_server_count,0.0
1776462913.63,checkout,checkout-7f4ccfc547-6crwh,cpu_usage,container_cpu_usage,0.13651841718745425
1776462913.63,checkout,checkout-7f4ccfc547-6crwh,memory_usage,container_memory_working_set_bytes,15241216.0
1776462913.63,checkout,checkout-7f4ccfc547-ftx2n,cpu_usage,container_cpu_usage,0.0004996350607126098
1776462913.63,checkout,checkout-7f4ccfc547-ftx2n,memory_usage,container_memory_working_set_bytes,12009472.0
1776462913.63,checkout,checkout-7f4ccfc547-qlfgr,cpu_usage,container_cpu_usage,0.04655039684742225
1776462913.63,checkout,checkout-7f4ccfc547-qlfgr,memory_usage,container_memory_working_set_bytes,14655488.0
1776462913.63,checkout,checkout::service,pod_restart_count,k8s_container_restarts,45.0
1776462913.63,checkout,checkout::service,pod_running_count,k8s_container_ready,3.0
1776462913.63,email,email-5dcf48b665-66zvj,cpu_usage,container_cpu_usage,0.01336905254420654
1776462913.63,email,email-5dcf48b665-66zvj,memory_usage,container_memory_working_set_bytes,59830272.0
1776462913.63,email,email-5dcf48b665-9xxmx,cpu_usage,container_cpu_usage,0.0003570151477532781
1776462913.63,email,email-5dcf48b665-9xxmx,memory_usage,container_memory_working_set_bytes,56594432.0
1776462913.63,email,email-5dcf48b665-n4zf2,cpu_usage,container_cpu_usage,0.0035584334203646924
1776462913.63,email,email-5dcf48b665-n4zf2,memory_usage,container_memory_working_set_bytes,54489088.0
1776462913.63,email,email::service,pod_restart_count,k8s_container_restarts,9.0
1776462913.63,email,email::service,pod_running_count,k8s_container_ready,3.0
1776462913.63,email,otel-demo.email-5dcf48b665-66zvj.email,error_ratio,trace_server_error_ratio,0.0
1776462913.63,email,otel-demo.email-5dcf48b665-66zvj.email,request_count,trace_server_count,0.0
1776462913.63,email,otel-demo.email-5dcf48b665-9xxmx.email,error_ratio,trace_server_error_ratio,0.0
1776462913.63,email,otel-demo.email-5dcf48b665-9xxmx.email,request_count,trace_server_count,0.0
1776462913.63,email,otel-demo.email-5dcf48b665-n4zf2.email,error_ratio,trace_server_error_ratio,0.0
1776462913.63,email,otel-demo.email-5dcf48b665-n4zf2.email,request_count,trace_server_count,0.0
1776462913.63,frontend,frontend-b78bf7696-6bjdg,cpu_usage,container_cpu_usage,2.544077899504882
1776462913.63,frontend,frontend-b78bf7696-6bjdg,memory_usage,container_memory_working_set_bytes,122630144.0
1776462913.63,frontend,frontend-b78bf7696-77ldd,cpu_usage,container_cpu_usage,2.781843587614163
1776462913.63,frontend,frontend-b78bf7696-77ldd,memory_usage,container_memory_working_set_bytes,111316992.0
1776462913.63,frontend,frontend-b78bf7696-p9kqx,cpu_usage,container_cpu_usage,2.7480272673859734
1776462913.63,frontend,frontend-b78bf7696-p9kqx,memory_usage,container_memory_working_set_bytes,122392576.0
1776462913.63,frontend,frontend::service,pod_restart_count,k8s_container_restarts,3.0
1776462913.63,frontend,frontend::service,pod_running_count,k8s_container_ready,3.0
1776462913.63,frontend,otel-demo.frontend-b78bf7696-6bjdg.frontend,dependency_error_ratio,trace_client_error_ratio,0.0
1776462913.63,frontend,otel-demo.frontend-b78bf7696-6bjdg.frontend,error_ratio,trace_server_error_ratio,0.0
1776462913.63,frontend,otel-demo.frontend-b78bf7696-6bjdg.frontend,http_5xx_ratio,http_server_5xx_ratio,0.0
1776462913.63,frontend,otel-demo.frontend-b78bf7696-6bjdg.frontend,request_count,trace_server_count,0.0
1776462913.63,frontend,otel-demo.frontend-b78bf7696-77ldd.frontend,dependency_error_ratio,trace_client_error_ratio,0.0
1776462913.63,frontend,otel-demo.frontend-b78bf7696-77ldd.frontend,error_ratio,trace_server_error_ratio,0.0
1776462913.63,frontend,otel-demo.frontend-b78bf7696-77ldd.frontend,http_5xx_ratio,http_server_5xx_ratio,0.0
1776462913.63,frontend,otel-demo.frontend-b78bf7696-77ldd.frontend,request_count,trace_server_count,0.0
1776462913.63,frontend,otel-demo.frontend-b78bf7696-p9kqx.frontend,dependency_error_ratio,trace_client_error_ratio,0.0
1776462913.63,frontend,otel-demo.frontend-b78bf7696-p9kqx.frontend,error_ratio,trace_server_error_ratio,0.0
1776462913.63,frontend,otel-demo.frontend-b78bf7696-p9kqx.frontend,http_5xx_ratio,http_server_5xx_ratio,0.0
1776462913.63,frontend,otel-demo.frontend-b78bf7696-p9kqx.frontend,request_count,trace_server_count,0.0
1776462913.63,kafka,kafka-66df8bdf76-zjcbb,cpu_usage,container_cpu_usage,0.011382491316010422
1776462913.63,kafka,kafka-66df8bdf76-zjcbb,memory_usage,container_memory_working_set_bytes,666865664.0
1776462913.63,kafka,kafka::service,pod_restart_count,k8s_container_restarts,9.0
1776462913.63,kafka,kafka::service,pod_running_count,k8s_container_ready,1.0
1776462913.63,kafka,kafka::service,queue_lag,queue_size_ratio,0.0
1776462913.63,payment,otel-demo.payment-f9f8d647b-74h8z.payment,dependency_error_ratio,trace_client_error_ratio,0.0
1776462913.63,payment,otel-demo.payment-f9f8d647b-74h8z.payment,error_ratio,trace_server_error_ratio,0.0
1776462913.63,payment,otel-demo.payment-f9f8d647b-74h8z.payment,request_count,trace_server_count,0.0
1776462913.63,payment,otel-demo.payment-f9f8d647b-75hmx.payment,dependency_error_ratio,trace_client_error_ratio,0.0
1776462913.63,payment,otel-demo.payment-f9f8d647b-75hmx.payment,error_ratio,trace_server_error_ratio,0.0
1776462913.63,payment,otel-demo.payment-f9f8d647b-75hmx.payment,request_count,trace_server_count,0.0
1776462913.63,payment,otel-demo.payment-f9f8d647b-tv6l5.payment,dependency_error_ratio,trace_client_error_ratio,0.0
1776462913.63,payment,otel-demo.payment-f9f8d647b-tv6l5.payment,error_ratio,trace_server_error_ratio,0.0
1776462913.63,payment,otel-demo.payment-f9f8d647b-tv6l5.payment,request_count,trace_server_count,0.0
1776462913.63,payment,payment-f9f8d647b-74h8z,cpu_usage,container_cpu_usage,0.01058399160976481
1776462913.63,payment,payment-f9f8d647b-74h8z,memory_usage,container_memory_working_set_bytes,109326336.0
1776462913.63,payment,payment-f9f8d647b-75hmx,cpu_usage,container_cpu_usage,0.013285423226523737
1776462913.63,payment,payment-f9f8d647b-75hmx,memory_usage,container_memory_working_set_bytes,109563904.0
1776462913.63,payment,payment-f9f8d647b-tv6l5,cpu_usage,container_cpu_usage,0.007032936777003871
1776462913.63,payment,payment-f9f8d647b-tv6l5,memory_usage,container_memory_working_set_bytes,101027840.0
1776462913.63,payment,payment::service,pod_restart_count,k8s_container_restarts,39.0
1776462913.63,payment,payment::service,pod_running_count,k8s_container_ready,3.0
1776462913.63,product-catalog,otel-demo.product-catalog-784544475c-7crs7.product-catalog,dependency_error_ratio,trace_client_error_ratio,0.0
1776462913.63,product-catalog,otel-demo.product-catalog-784544475c-7crs7.product-catalog,error_ratio,trace_server_error_ratio,0.0
1776462913.63,product-catalog,otel-demo.product-catalog-784544475c-7crs7.product-catalog,request_count,trace_server_count,0.0
1776462913.63,product-catalog,otel-demo.product-catalog-784544475c-8skc7.product-catalog,dependency_error_ratio,trace_client_error_ratio,0.0
1776462913.63,product-catalog,otel-demo.product-catalog-784544475c-8skc7.product-catalog,error_ratio,trace_server_error_ratio,0.0
1776462913.63,product-catalog,otel-demo.product-catalog-784544475c-8skc7.product-catalog,request_count,trace_server_count,0.0
1776462913.63,product-catalog,otel-demo.product-catalog-784544475c-stwzc.product-catalog,dependency_error_ratio,trace_client_error_ratio,0.0
1776462913.63,product-catalog,otel-demo.product-catalog-784544475c-stwzc.product-catalog,error_ratio,trace_server_error_ratio,0.0
1776462913.63,product-catalog,otel-demo.product-catalog-784544475c-stwzc.product-catalog,request_count,trace_server_count,0.0
1776462913.63,product-catalog,product-catalog-784544475c-7crs7,cpu_usage,container_cpu_usage,0.02905525114155248
1776462913.63,product-catalog,product-catalog-784544475c-7crs7,memory_usage,container_memory_working_set_bytes,15400960.0
1776462913.63,product-catalog,product-catalog-784544475c-8skc7,cpu_usage,container_cpu_usage,0.07099233125841535
1776462913.63,product-catalog,product-catalog-784544475c-8skc7,memory_usage,container_memory_working_set_bytes,14737408.0
1776462913.63,product-catalog,product-catalog-784544475c-stwzc,cpu_usage,container_cpu_usage,0.00048501743615444044
1776462913.63,product-catalog,product-catalog-784544475c-stwzc,memory_usage,container_memory_working_set_bytes,13053952.0
1776462913.63,product-catalog,product-catalog::service,pod_restart_count,k8s_container_restarts,37.0
1776462913.63,product-catalog,product-catalog::service,pod_running_count,k8s_container_ready,3.0
1776462913.63,recommendation,otel-demo.recommendation-5b46f7469c-g2rgb.recommendation,dependency_error_ratio,trace_client_error_ratio,0.0
1776462913.63,recommendation,otel-demo.recommendation-5b46f7469c-rjwxq.recommendation,dependency_error_ratio,trace_client_error_ratio,0.0
1776462913.63,recommendation,otel-demo.recommendation-5b46f7469c-rjwxq.recommendation,error_ratio,trace_server_error_ratio,0.0
1776462913.63,recommendation,otel-demo.recommendation-5b46f7469c-rjwxq.recommendation,request_count,trace_server_count,0.0
1776462913.63,recommendation,otel-demo.recommendation-5b46f7469c-t2fm9.recommendation,dependency_error_ratio,trace_client_error_ratio,0.0
1776462913.63,recommendation,otel-demo.recommendation-5b46f7469c-t2fm9.recommendation,error_ratio,trace_server_error_ratio,0.0
1776462913.63,recommendation,otel-demo.recommendation-5b46f7469c-t2fm9.recommendation,request_count,trace_server_count,0.0
1776462913.63,recommendation,recommendation-5b46f7469c-g2rgb,cpu_usage,container_cpu_usage,0.007668712018407969
1776462913.63,recommendation,recommendation-5b46f7469c-g2rgb,memory_usage,container_memory_working_set_bytes,46891008.0
1776462913.63,recommendation,recommendation-5b46f7469c-rjwxq,cpu_usage,container_cpu_usage,0.02273996279808516
1776462913.63,recommendation,recommendation-5b46f7469c-rjwxq,memory_usage,container_memory_working_set_bytes,47927296.0
1776462913.63,recommendation,recommendation-5b46f7469c-t2fm9,cpu_usage,container_cpu_usage,0.029362703527821162
1776462913.63,recommendation,recommendation-5b46f7469c-t2fm9,memory_usage,container_memory_working_set_bytes,52580352.0
1776462913.63,recommendation,recommendation::service,pod_restart_count,k8s_container_restarts,3.0
1776462913.63,recommendation,recommendation::service,pod_running_count,k8s_container_ready,3.0
1776462923.63,ad,3a8b9295-6ae2-4e8a-b9b0-a607d7fec0a4,dependency_error_ratio,trace_client_error_ratio,0.0
1776462923.63,ad,3a8b9295-6ae2-4e8a-b9b0-a607d7fec0a4,error_ratio,trace_server_error_ratio,0.0
1776462923.63,ad,3a8b9295-6ae2-4e8a-b9b0-a607d7fec0a4,request_count,trace_server_count,0.0
1776462923.63,ad,5680c7ee-584c-4353-b6d2-93bc605a0324,dependency_error_ratio,trace_client_error_ratio,0.0
1776462923.63,ad,5680c7ee-584c-4353-b6d2-93bc605a0324,error_ratio,trace_server_error_ratio,0.0
1776462923.63,ad,5680c7ee-584c-4353-b6d2-93bc605a0324,request_count,trace_server_count,0.0
1776462923.63,ad,9f9a3c1c-bd3f-40ea-8764-b59f1ebd2204,dependency_error_ratio,trace_client_error_ratio,0.0
1776462923.63,ad,ad-7fb5b4f859-52ks9,cpu_usage,container_cpu_usage,0.0022677371359377946
1776462923.63,ad,ad-7fb5b4f859-52ks9,memory_usage,container_memory_working_set_bytes,260313088.0
1776462923.63,ad,ad-7fb5b4f859-rd4zw,cpu_usage,container_cpu_usage,0.0011332976445387422
1776462923.63,ad,ad-7fb5b4f859-rd4zw,memory_usage,container_memory_working_set_bytes,238366720.0
1776462923.63,ad,ad-7fb5b4f859-zsstr,cpu_usage,container_cpu_usage,0.0052964809685021545
1776462923.63,ad,ad-7fb5b4f859-zsstr,memory_usage,container_memory_working_set_bytes,261931008.0
1776462923.63,ad,ad::service,pod_restart_count,k8s_container_restarts,3.0
1776462923.63,ad,ad::service,pod_running_count,k8s_container_ready,3.0
1776462923.63,cart,cart-7c7496d7f-th7mc,cpu_usage,container_cpu_usage,0.054278407827441755
1776462923.63,cart,cart-7c7496d7f-th7mc,memory_usage,container_memory_working_set_bytes,62922752.0
1776462923.63,cart,cart::service,pod_restart_count,k8s_container_restarts,1.0
1776462923.63,cart,cart::service,pod_running_count,k8s_container_ready,1.0
1776462923.63,cart,f1f3afac-3031-4c18-925a-048232421d89,dependency_error_ratio,trace_client_error_ratio,0.0
1776462923.63,cart,f1f3afac-3031-4c18-925a-048232421d89,error_ratio,trace_server_error_ratio,0.0
1776462923.63,cart,f1f3afac-3031-4c18-925a-048232421d89,request_count,trace_server_count,0.0
1776462923.63,checkout,4755bdbd-5ad9-49fa-acb7-3a7dcb6a9277,dependency_error_ratio,trace_client_error_ratio,0.0
1776462923.63,checkout,4755bdbd-5ad9-49fa-acb7-3a7dcb6a9277,error_ratio,trace_server_error_ratio,0.0
1776462923.63,checkout,4755bdbd-5ad9-49fa-acb7-3a7dcb6a9277,request_count,trace_server_count,0.0
1776462923.63,checkout,bb49e6b9-109a-41b8-be66-ab2a38272474,dependency_error_ratio,trace_client_error_ratio,0.0
1776462923.63,checkout,bb49e6b9-109a-41b8-be66-ab2a38272474,error_ratio,trace_server_error_ratio,0.0
1776462923.63,checkout,bb49e6b9-109a-41b8-be66-ab2a38272474,request_count,trace_server_count,0.0
1776462923.63,checkout,bc5804df-6f63-4261-8788-8ecfe5481366,dependency_error_ratio,trace_client_error_ratio,0.0
1776462923.63,checkout,bc5804df-6f63-4261-8788-8ecfe5481366,error_ratio,trace_server_error_ratio,0.0
1776462923.63,checkout,bc5804df-6f63-4261-8788-8ecfe5481366,request_count,trace_server_count,0.0
1776462923.63,checkout,checkout-7f4ccfc547-6crwh,cpu_usage,container_cpu_usage,0.12024611437220882
1776462923.63,checkout,checkout-7f4ccfc547-6crwh,memory_usage,container_memory_working_set_bytes,15093760.0
1776462923.63,checkout,checkout-7f4ccfc547-ftx2n,cpu_usage,container_cpu_usage,0.0004996350607126098
1776462923.63,checkout,checkout-7f4ccfc547-ftx2n,memory_usage,container_memory_working_set_bytes,12009472.0
1776462923.63,checkout,checkout-7f4ccfc547-qlfgr,cpu_usage,container_cpu_usage,0.04655039684742225
1776462923.63,checkout,checkout-7f4ccfc547-qlfgr,memory_usage,container_memory_working_set_bytes,14655488.0
1776462923.63,checkout,checkout::service,pod_restart_count,k8s_container_restarts,45.0
1776462923.63,checkout,checkout::service,pod_running_count,k8s_container_ready,3.0
1776462923.63,email,email-5dcf48b665-66zvj,cpu_usage,container_cpu_usage,0.015627311827957263
1776462923.63,email,email-5dcf48b665-66zvj,memory_usage,container_memory_working_set_bytes,59838464.0
1776462923.63,email,email-5dcf48b665-9xxmx,cpu_usage,container_cpu_usage,0.000397555715313108
1776462923.63,email,email-5dcf48b665-9xxmx,memory_usage,container_memory_working_set_bytes,56602624.0
1776462923.63,email,email-5dcf48b665-n4zf2,cpu_usage,container_cpu_usage,0.0008700785815031556
1776462923.63,email,email-5dcf48b665-n4zf2,memory_usage,container_memory_working_set_bytes,54439936.0
1776462923.63,email,email::service,pod_restart_count,k8s_container_restarts,9.0
1776462923.63,email,email::service,pod_running_count,k8s_container_ready,3.0
1776462923.63,email,otel-demo.email-5dcf48b665-66zvj.email,error_ratio,trace_server_error_ratio,0.0
1776462923.63,email,otel-demo.email-5dcf48b665-66zvj.email,request_count,trace_server_count,0.0
1776462923.63,email,otel-demo.email-5dcf48b665-9xxmx.email,error_ratio,trace_server_error_ratio,0.0
1776462923.63,email,otel-demo.email-5dcf48b665-9xxmx.email,request_count,trace_server_count,0.0
1776462923.63,email,otel-demo.email-5dcf48b665-n4zf2.email,error_ratio,trace_server_error_ratio,0.0
1776462923.63,email,otel-demo.email-5dcf48b665-n4zf2.email,request_count,trace_server_count,0.0
1776462923.63,frontend,frontend-b78bf7696-6bjdg,cpu_usage,container_cpu_usage,2.544077899504882
1776462923.63,frontend,frontend-b78bf7696-6bjdg,memory_usage,container_memory_working_set_bytes,122630144.0
1776462923.63,frontend,frontend-b78bf7696-77ldd,cpu_usage,container_cpu_usage,2.7603547198516667
1776462923.63,frontend,frontend-b78bf7696-77ldd,memory_usage,container_memory_working_set_bytes,112242688.0
1776462923.63,frontend,frontend-b78bf7696-p9kqx,cpu_usage,container_cpu_usage,2.6547356100716626
1776462923.63,frontend,frontend-b78bf7696-p9kqx,memory_usage,container_memory_working_set_bytes,122736640.0
1776462923.63,frontend,frontend::service,pod_restart_count,k8s_container_restarts,3.0
1776462923.63,frontend,frontend::service,pod_running_count,k8s_container_ready,3.0
1776462923.63,frontend,otel-demo.frontend-b78bf7696-6bjdg.frontend,dependency_error_ratio,trace_client_error_ratio,0.0
1776462923.63,frontend,otel-demo.frontend-b78bf7696-6bjdg.frontend,error_ratio,trace_server_error_ratio,0.0
1776462923.63,frontend,otel-demo.frontend-b78bf7696-6bjdg.frontend,http_5xx_ratio,http_server_5xx_ratio,0.0
1776462923.63,frontend,otel-demo.frontend-b78bf7696-6bjdg.frontend,request_count,trace_server_count,0.0
1776462923.63,frontend,otel-demo.frontend-b78bf7696-77ldd.frontend,dependency_error_ratio,trace_client_error_ratio,0.0
1776462923.63,frontend,otel-demo.frontend-b78bf7696-77ldd.frontend,error_ratio,trace_server_error_ratio,0.0
1776462923.63,frontend,otel-demo.frontend-b78bf7696-77ldd.frontend,http_5xx_ratio,http_server_5xx_ratio,0.0
1776462923.63,frontend,otel-demo.frontend-b78bf7696-77ldd.frontend,request_count,trace_server_count,0.0
1776462923.63,frontend,otel-demo.frontend-b78bf7696-p9kqx.frontend,dependency_error_ratio,trace_client_error_ratio,0.0
1776462923.63,frontend,otel-demo.frontend-b78bf7696-p9kqx.frontend,error_ratio,trace_server_error_ratio,0.0
1776462923.63,frontend,otel-demo.frontend-b78bf7696-p9kqx.frontend,http_5xx_ratio,http_server_5xx_ratio,0.0
1776462923.63,frontend,otel-demo.frontend-b78bf7696-p9kqx.frontend,request_count,trace_server_count,0.0
1776462923.63,kafka,kafka-66df8bdf76-zjcbb,cpu_usage,container_cpu_usage,0.011989103001364965
1776462923.63,kafka,kafka-66df8bdf76-zjcbb,memory_usage,container_memory_working_set_bytes,666877952.0
1776462923.63,kafka,kafka::service,pod_restart_count,k8s_container_restarts,9.0
1776462923.63,kafka,kafka::service,pod_running_count,k8s_container_ready,1.0
1776462923.63,kafka,kafka::service,queue_lag,queue_size_ratio,0.0
1776462923.63,payment,otel-demo.payment-f9f8d647b-74h8z.payment,dependency_error_ratio,trace_client_error_ratio,0.0
1776462923.63,payment,otel-demo.payment-f9f8d647b-74h8z.payment,error_ratio,trace_server_error_ratio,0.0
1776462923.63,payment,otel-demo.payment-f9f8d647b-74h8z.payment,request_count,trace_server_count,0.0
1776462923.63,payment,otel-demo.payment-f9f8d647b-75hmx.payment,dependency_error_ratio,trace_client_error_ratio,0.0
1776462923.63,payment,otel-demo.payment-f9f8d647b-75hmx.payment,error_ratio,trace_server_error_ratio,0.0
1776462923.63,payment,otel-demo.payment-f9f8d647b-75hmx.payment,request_count,trace_server_count,0.0
1776462923.63,payment,otel-demo.payment-f9f8d647b-tv6l5.payment,dependency_error_ratio,trace_client_error_ratio,0.0
1776462923.63,payment,otel-demo.payment-f9f8d647b-tv6l5.payment,error_ratio,trace_server_error_ratio,0.0
1776462923.63,payment,otel-demo.payment-f9f8d647b-tv6l5.payment,request_count,trace_server_count,0.0
1776462923.63,payment,payment-f9f8d647b-74h8z,cpu_usage,container_cpu_usage,0.009440222349521903
1776462923.63,payment,payment-f9f8d647b-74h8z,memory_usage,container_memory_working_set_bytes,109322240.0
1776462923.63,payment,payment-f9f8d647b-75hmx,cpu_usage,container_cpu_usage,0.012235456735516088
1776462923.63,payment,payment-f9f8d647b-75hmx,memory_usage,container_memory_working_set_bytes,109559808.0
1776462923.63,payment,payment-f9f8d647b-tv6l5,cpu_usage,container_cpu_usage,0.006535837255583476
1776462923.63,payment,payment-f9f8d647b-tv6l5,memory_usage,container_memory_working_set_bytes,101027840.0
1776462923.63,payment,payment::service,pod_restart_count,k8s_container_restarts,39.0
1776462923.63,payment,payment::service,pod_running_count,k8s_container_ready,3.0
1776462923.63,product-catalog,otel-demo.product-catalog-784544475c-7crs7.product-catalog,dependency_error_ratio,trace_client_error_ratio,0.0
1776462923.63,product-catalog,otel-demo.product-catalog-784544475c-7crs7.product-catalog,error_ratio,trace_server_error_ratio,0.0
1776462923.63,product-catalog,otel-demo.product-catalog-784544475c-7crs7.product-catalog,request_count,trace_server_count,0.0
1776462923.63,product-catalog,otel-demo.product-catalog-784544475c-8skc7.product-catalog,dependency_error_ratio,trace_client_error_ratio,0.0
1776462923.63,product-catalog,otel-demo.product-catalog-784544475c-8skc7.product-catalog,error_ratio,trace_server_error_ratio,0.0
1776462923.63,product-catalog,otel-demo.product-catalog-784544475c-8skc7.product-catalog,request_count,trace_server_count,0.0
1776462923.63,product-catalog,otel-demo.product-catalog-784544475c-stwzc.product-catalog,dependency_error_ratio,trace_client_error_ratio,0.0
1776462923.63,product-catalog,otel-demo.product-catalog-784544475c-stwzc.product-catalog,error_ratio,trace_server_error_ratio,0.0
1776462923.63,product-catalog,otel-demo.product-catalog-784544475c-stwzc.product-catalog,request_count,trace_server_count,0.0
1776462923.63,product-catalog,product-catalog-784544475c-7crs7,cpu_usage,container_cpu_usage,0.030385211494995026
1776462923.63,product-catalog,product-catalog-784544475c-7crs7,memory_usage,container_memory_working_set_bytes,15503360.0
1776462923.63,product-catalog,product-catalog-784544475c-8skc7,cpu_usage,container_cpu_usage,0.07597365346418387
1776462923.63,product-catalog,product-catalog-784544475c-8skc7,memory_usage,container_memory_working_set_bytes,14737408.0
1776462923.63,product-catalog,product-catalog-784544475c-stwzc,cpu_usage,container_cpu_usage,0.0004609434593497289
1776462923.63,product-catalog,product-catalog-784544475c-stwzc,memory_usage,container_memory_working_set_bytes,13053952.0
1776462923.63,product-catalog,product-catalog::service,pod_restart_count,k8s_container_restarts,37.0
1776462923.63,product-catalog,product-catalog::service,pod_running_count,k8s_container_ready,3.0
1776462923.63,recommendation,otel-demo.recommendation-5b46f7469c-g2rgb.recommendation,dependency_error_ratio,trace_client_error_ratio,0.0
1776462923.63,recommendation,otel-demo.recommendation-5b46f7469c-rjwxq.recommendation,dependency_error_ratio,trace_client_error_ratio,0.0
1776462923.63,recommendation,otel-demo.recommendation-5b46f7469c-rjwxq.recommendation,error_ratio,trace_server_error_ratio,0.0
1776462923.63,recommendation,otel-demo.recommendation-5b46f7469c-rjwxq.recommendation,request_count,trace_server_count,0.0
1776462923.63,recommendation,otel-demo.recommendation-5b46f7469c-t2fm9.recommendation,dependency_error_ratio,trace_client_error_ratio,0.0
1776462923.63,recommendation,otel-demo.recommendation-5b46f7469c-t2fm9.recommendation,error_ratio,trace_server_error_ratio,0.0
1776462923.63,recommendation,otel-demo.recommendation-5b46f7469c-t2fm9.recommendation,request_count,trace_server_count,0.0
1776462923.63,recommendation,recommendation-5b46f7469c-g2rgb,cpu_usage,container_cpu_usage,0.009414077706243635
1776462923.63,recommendation,recommendation-5b46f7469c-g2rgb,memory_usage,container_memory_working_set_bytes,46891008.0
1776462923.63,recommendation,recommendation-5b46f7469c-rjwxq,cpu_usage,container_cpu_usage,0.01325332499999945
1776462923.63,recommendation,recommendation-5b46f7469c-rjwxq,memory_usage,container_memory_working_set_bytes,47927296.0
1776462923.63,recommendation,recommendation-5b46f7469c-t2fm9,cpu_usage,container_cpu_usage,0.03146930072122814
1776462923.63,recommendation,recommendation-5b46f7469c-t2fm9,memory_usage,container_memory_working_set_bytes,52576256.0
1776462923.63,recommendation,recommendation::service,pod_restart_count,k8s_container_restarts,3.0
1776462923.63,recommendation,recommendation::service,pod_running_count,k8s_container_ready,3.0
1776462933.63,ad,3a8b9295-6ae2-4e8a-b9b0-a607d7fec0a4,dependency_error_ratio,trace_client_error_ratio,0.0
1776462933.63,ad,3a8b9295-6ae2-4e8a-b9b0-a607d7fec0a4,error_ratio,trace_server_error_ratio,0.0
1776462933.63,ad,3a8b9295-6ae2-4e8a-b9b0-a607d7fec0a4,request_count,trace_server_count,0.0
1776462933.63,ad,5680c7ee-584c-4353-b6d2-93bc605a0324,dependency_error_ratio,trace_client_error_ratio,0.0
1776462933.63,ad,5680c7ee-584c-4353-b6d2-93bc605a0324,error_ratio,trace_server_error_ratio,0.0
1776462933.63,ad,5680c7ee-584c-4353-b6d2-93bc605a0324,request_count,trace_server_count,0.0
1776462933.63,ad,9f9a3c1c-bd3f-40ea-8764-b59f1ebd2204,dependency_error_ratio,trace_client_error_ratio,0.0
1776462933.63,ad,ad-7fb5b4f859-52ks9,cpu_usage,container_cpu_usage,0.0027858465570858174
1776462933.63,ad,ad-7fb5b4f859-52ks9,memory_usage,container_memory_working_set_bytes,260313088.0
1776462933.63,ad,ad-7fb5b4f859-rd4zw,cpu_usage,container_cpu_usage,0.0011802544887583547
1776462933.63,ad,ad-7fb5b4f859-rd4zw,memory_usage,container_memory_working_set_bytes,238366720.0
1776462933.63,ad,ad-7fb5b4f859-zsstr,cpu_usage,container_cpu_usage,0.005469002346769683
1776462933.63,ad,ad-7fb5b4f859-zsstr,memory_usage,container_memory_working_set_bytes,261931008.0
1776462933.63,ad,ad::service,pod_restart_count,k8s_container_restarts,3.0
1776462933.63,ad,ad::service,pod_running_count,k8s_container_ready,3.0
1776462933.63,cart,cart-7c7496d7f-th7mc,cpu_usage,container_cpu_usage,0.054278407827441755
1776462933.63,cart,cart-7c7496d7f-th7mc,memory_usage,container_memory_working_set_bytes,62922752.0
1776462933.63,cart,cart::service,pod_restart_count,k8s_container_restarts,1.0
1776462933.63,cart,cart::service,pod_running_count,k8s_container_ready,1.0
1776462933.63,cart,f1f3afac-3031-4c18-925a-048232421d89,dependency_error_ratio,trace_client_error_ratio,0.0
1776462933.63,cart,f1f3afac-3031-4c18-925a-048232421d89,error_ratio,trace_server_error_ratio,0.0
1776462933.63,cart,f1f3afac-3031-4c18-925a-048232421d89,request_count,trace_server_count,0.0
1776462933.63,checkout,4755bdbd-5ad9-49fa-acb7-3a7dcb6a9277,dependency_error_ratio,trace_client_error_ratio,0.0
1776462933.63,checkout,4755bdbd-5ad9-49fa-acb7-3a7dcb6a9277,error_ratio,trace_server_error_ratio,0.0
1776462933.63,checkout,4755bdbd-5ad9-49fa-acb7-3a7dcb6a9277,request_count,trace_server_count,0.0
1776462933.63,checkout,bb49e6b9-109a-41b8-be66-ab2a38272474,dependency_error_ratio,trace_client_error_ratio,0.0
1776462933.63,checkout,bb49e6b9-109a-41b8-be66-ab2a38272474,error_ratio,trace_server_error_ratio,0.0
1776462933.63,checkout,bb49e6b9-109a-41b8-be66-ab2a38272474,request_count,trace_server_count,0.0
1776462933.63,checkout,bc5804df-6f63-4261-8788-8ecfe5481366,dependency_error_ratio,trace_client_error_ratio,0.0
1776462933.63,checkout,bc5804df-6f63-4261-8788-8ecfe5481366,error_ratio,trace_server_error_ratio,0.0
1776462933.63,checkout,bc5804df-6f63-4261-8788-8ecfe5481366,request_count,trace_server_count,0.0
1776462933.63,checkout,checkout-7f4ccfc547-6crwh,cpu_usage,container_cpu_usage,0.12581145243240074
1776462933.63,checkout,checkout-7f4ccfc547-6crwh,memory_usage,container_memory_working_set_bytes,15093760.0
1776462933.63,checkout,checkout-7f4ccfc547-ftx2n,cpu_usage,container_cpu_usage,0.0004043139629575545
1776462933.63,checkout,checkout-7f4ccfc547-ftx2n,memory_usage,container_memory_working_set_bytes,12206080.0
1776462933.63,checkout,checkout-7f4ccfc547-qlfgr,cpu_usage,container_cpu_usage,0.045342042892652215
1776462933.63,checkout,checkout-7f4ccfc547-qlfgr,memory_usage,container_memory_working_set_bytes,14684160.0
1776462933.63,checkout,checkout::service,pod_restart_count,k8s_container_restarts,45.0
1776462933.63,checkout,checkout::service,pod_running_count,k8s_container_ready,3.0
1776462933.63,email,email-5dcf48b665-66zvj,cpu_usage,container_cpu_usage,0.01738733173928426
1776462933.63,email,email-5dcf48b665-66zvj,memory_usage,container_memory_working_set_bytes,59691008.0
1776462933.63,email,email-5dcf48b665-9xxmx,cpu_usage,container_cpu_usage,0.000397555715313108
1776462933.63,email,email-5dcf48b665-9xxmx,memory_usage,container_memory_working_set_bytes,56602624.0
1776462933.63,email,email-5dcf48b665-n4zf2,cpu_usage,container_cpu_usage,0.00106626431445518
1776462933.63,email,email-5dcf48b665-n4zf2,memory_usage,container_memory_working_set_bytes,54439936.0
1776462933.63,email,email::service,pod_restart_count,k8s_container_restarts,9.0
1776462933.63,email,email::service,pod_running_count,k8s_container_ready,3.0
1776462933.63,email,otel-demo.email-5dcf48b665-66zvj.email,error_ratio,trace_server_error_ratio,0.0
1776462933.63,email,otel-demo.email-5dcf48b665-66zvj.email,request_count,trace_server_count,0.0
1776462933.63,email,otel-demo.email-5dcf48b665-9xxmx.email,error_ratio,trace_server_error_ratio,0.0
1776462933.63,email,otel-demo.email-5dcf48b665-9xxmx.email,request_count,trace_server_count,0.0
1776462933.63,email,otel-demo.email-5dcf48b665-n4zf2.email,error_ratio,trace_server_error_ratio,0.0
1776462933.63,email,otel-demo.email-5dcf48b665-n4zf2.email,request_count,trace_server_count,0.0
1776462933.63,frontend,frontend-b78bf7696-6bjdg,cpu_usage,container_cpu_usage,2.5687858605508653
1776462933.63,frontend,frontend-b78bf7696-6bjdg,memory_usage,container_memory_working_set_bytes,122568704.0
1776462933.63,frontend,frontend-b78bf7696-77ldd,cpu_usage,container_cpu_usage,2.7603547198516667
1776462933.63,frontend,frontend-b78bf7696-77ldd,memory_usage,container_memory_working_set_bytes,112242688.0
1776462933.63,frontend,frontend-b78bf7696-p9kqx,cpu_usage,container_cpu_usage,2.716613653578323
1776462933.63,frontend,frontend-b78bf7696-p9kqx,memory_usage,container_memory_working_set_bytes,122736640.0
1776462933.63,frontend,frontend::service,pod_restart_count,k8s_container_restarts,3.0
1776462933.63,frontend,frontend::service,pod_running_count,k8s_container_ready,3.0
1776462933.63,frontend,otel-demo.frontend-b78bf7696-6bjdg.frontend,dependency_error_ratio,trace_client_error_ratio,0.0
1776462933.63,frontend,otel-demo.frontend-b78bf7696-6bjdg.frontend,error_ratio,trace_server_error_ratio,0.0
1776462933.63,frontend,otel-demo.frontend-b78bf7696-6bjdg.frontend,http_5xx_ratio,http_server_5xx_ratio,0.0
1776462933.63,frontend,otel-demo.frontend-b78bf7696-6bjdg.frontend,request_count,trace_server_count,0.0
1776462933.63,frontend,otel-demo.frontend-b78bf7696-77ldd.frontend,dependency_error_ratio,trace_client_error_ratio,0.0
1776462933.63,frontend,otel-demo.frontend-b78bf7696-77ldd.frontend,error_ratio,trace_server_error_ratio,0.0
1776462933.63,frontend,otel-demo.frontend-b78bf7696-77ldd.frontend,http_5xx_ratio,http_server_5xx_ratio,0.0
1776462933.63,frontend,otel-demo.frontend-b78bf7696-77ldd.frontend,request_count,trace_server_count,0.0
1776462933.63,frontend,otel-demo.frontend-b78bf7696-p9kqx.frontend,dependency_error_ratio,trace_client_error_ratio,0.0
1776462933.63,frontend,otel-demo.frontend-b78bf7696-p9kqx.frontend,error_ratio,trace_server_error_ratio,0.0
1776462933.63,frontend,otel-demo.frontend-b78bf7696-p9kqx.frontend,http_5xx_ratio,http_server_5xx_ratio,0.0
1776462933.63,frontend,otel-demo.frontend-b78bf7696-p9kqx.frontend,request_count,trace_server_count,0.0
1776462933.63,kafka,kafka-66df8bdf76-zjcbb,cpu_usage,container_cpu_usage,0.013211810707840952
1776462933.63,kafka,kafka-66df8bdf76-zjcbb,memory_usage,container_memory_working_set_bytes,666910720.0
1776462933.63,kafka,kafka::service,pod_restart_count,k8s_container_restarts,9.0
1776462933.63,kafka,kafka::service,pod_running_count,k8s_container_ready,1.0
1776462933.63,kafka,kafka::service,queue_lag,queue_size_ratio,0.0
1776462933.63,payment,otel-demo.payment-f9f8d647b-74h8z.payment,dependency_error_ratio,trace_client_error_ratio,0.0
1776462933.63,payment,otel-demo.payment-f9f8d647b-74h8z.payment,error_ratio,trace_server_error_ratio,0.0
1776462933.63,payment,otel-demo.payment-f9f8d647b-74h8z.payment,request_count,trace_server_count,0.0
1776462933.63,payment,otel-demo.payment-f9f8d647b-75hmx.payment,dependency_error_ratio,trace_client_error_ratio,0.0
1776462933.63,payment,otel-demo.payment-f9f8d647b-75hmx.payment,error_ratio,trace_server_error_ratio,0.0
1776462933.63,payment,otel-demo.payment-f9f8d647b-75hmx.payment,request_count,trace_server_count,0.0
1776462933.63,payment,otel-demo.payment-f9f8d647b-tv6l5.payment,dependency_error_ratio,trace_client_error_ratio,0.0
1776462933.63,payment,otel-demo.payment-f9f8d647b-tv6l5.payment,error_ratio,trace_server_error_ratio,0.0
1776462933.63,payment,otel-demo.payment-f9f8d647b-tv6l5.payment,request_count,trace_server_count,0.0
1776462933.63,payment,payment-f9f8d647b-74h8z,cpu_usage,container_cpu_usage,0.00797406288046864
1776462933.63,payment,payment-f9f8d647b-74h8z,memory_usage,container_memory_working_set_bytes,109322240.0
1776462933.63,payment,payment-f9f8d647b-75hmx,cpu_usage,container_cpu_usage,0.012685757681233279
1776462933.63,payment,payment-f9f8d647b-75hmx,memory_usage,container_memory_working_set_bytes,109559808.0
1776462933.63,payment,payment-f9f8d647b-tv6l5,cpu_usage,container_cpu_usage,0.007382298920173673
1776462933.63,payment,payment-f9f8d647b-tv6l5,memory_usage,container_memory_working_set_bytes,101027840.0
1776462933.63,payment,payment::service,pod_restart_count,k8s_container_restarts,39.0
1776462933.63,payment,payment::service,pod_running_count,k8s_container_ready,3.0
1776462933.63,product-catalog,otel-demo.product-catalog-784544475c-7crs7.product-catalog,dependency_error_ratio,trace_client_error_ratio,0.0
1776462933.63,product-catalog,otel-demo.product-catalog-784544475c-7crs7.product-catalog,error_ratio,trace_server_error_ratio,0.0
1776462933.63,product-catalog,otel-demo.product-catalog-784544475c-7crs7.product-catalog,request_count,trace_server_count,0.0
1776462933.63,product-catalog,otel-demo.product-catalog-784544475c-8skc7.product-catalog,dependency_error_ratio,trace_client_error_ratio,0.0
1776462933.63,product-catalog,otel-demo.product-catalog-784544475c-8skc7.product-catalog,error_ratio,trace_server_error_ratio,0.0
1776462933.63,product-catalog,otel-demo.product-catalog-784544475c-8skc7.product-catalog,request_count,trace_server_count,0.0
1776462933.63,product-catalog,otel-demo.product-catalog-784544475c-stwzc.product-catalog,dependency_error_ratio,trace_client_error_ratio,0.0
1776462933.63,product-catalog,otel-demo.product-catalog-784544475c-stwzc.product-catalog,error_ratio,trace_server_error_ratio,0.0
1776462933.63,product-catalog,otel-demo.product-catalog-784544475c-stwzc.product-catalog,request_count,trace_server_count,0.0
1776462933.63,product-catalog,product-catalog-784544475c-7crs7,cpu_usage,container_cpu_usage,0.03344951532470427
1776462933.63,product-catalog,product-catalog-784544475c-7crs7,memory_usage,container_memory_working_set_bytes,15503360.0
1776462933.63,product-catalog,product-catalog-784544475c-8skc7,cpu_usage,container_cpu_usage,0.07657656777590853
1776462933.63,product-catalog,product-catalog-784544475c-8skc7,memory_usage,container_memory_working_set_bytes,15020032.0
1776462933.63,product-catalog,product-catalog-784544475c-stwzc,cpu_usage,container_cpu_usage,0.0005584751418084757
1776462933.63,product-catalog,product-catalog-784544475c-stwzc,memory_usage,container_memory_working_set_bytes,13053952.0
1776462933.63,product-catalog,product-catalog::service,pod_restart_count,k8s_container_restarts,37.0
1776462933.63,product-catalog,product-catalog::service,pod_running_count,k8s_container_ready,3.0
1776462933.63,recommendation,otel-demo.recommendation-5b46f7469c-g2rgb.recommendation,dependency_error_ratio,trace_client_error_ratio,0.0
1776462933.63,recommendation,otel-demo.recommendation-5b46f7469c-rjwxq.recommendation,dependency_error_ratio,trace_client_error_ratio,0.0
1776462933.63,recommendation,otel-demo.recommendation-5b46f7469c-rjwxq.recommendation,error_ratio,trace_server_error_ratio,0.0
1776462933.63,recommendation,otel-demo.recommendation-5b46f7469c-rjwxq.recommendation,request_count,trace_server_count,0.0
1776462933.63,recommendation,otel-demo.recommendation-5b46f7469c-t2fm9.recommendation,dependency_error_ratio,trace_client_error_ratio,0.0
1776462933.63,recommendation,otel-demo.recommendation-5b46f7469c-t2fm9.recommendation,error_ratio,trace_server_error_ratio,0.0
1776462933.63,recommendation,otel-demo.recommendation-5b46f7469c-t2fm9.recommendation,request_count,trace_server_count,0.0
1776462933.63,recommendation,recommendation-5b46f7469c-g2rgb,cpu_usage,container_cpu_usage,0.009888046686342623
1776462933.63,recommendation,recommendation-5b46f7469c-g2rgb,memory_usage,container_memory_working_set_bytes,46891008.0
1776462933.63,recommendation,recommendation-5b46f7469c-rjwxq,cpu_usage,container_cpu_usage,0.02144284745466154
1776462933.63,recommendation,recommendation-5b46f7469c-rjwxq,memory_usage,container_memory_working_set_bytes,47902720.0
1776462933.63,recommendation,recommendation-5b46f7469c-t2fm9,cpu_usage,container_cpu_usage,0.021236800000008316
1776462933.63,recommendation,recommendation-5b46f7469c-t2fm9,memory_usage,container_memory_working_set_bytes,52576256.0
1776462933.63,recommendation,recommendation::service,pod_restart_count,k8s_container_restarts,3.0
1776462933.63,recommendation,recommendation::service,pod_running_count,k8s_container_ready,3.0
1776462943.63,ad,3a8b9295-6ae2-4e8a-b9b0-a607d7fec0a4,dependency_error_ratio,trace_client_error_ratio,0.0
1776462943.63,ad,3a8b9295-6ae2-4e8a-b9b0-a607d7fec0a4,error_ratio,trace_server_error_ratio,0.0
1776462943.63,ad,3a8b9295-6ae2-4e8a-b9b0-a607d7fec0a4,request_count,trace_server_count,0.0
1776462943.63,ad,5680c7ee-584c-4353-b6d2-93bc605a0324,dependency_error_ratio,trace_client_error_ratio,0.0
1776462943.63,ad,5680c7ee-584c-4353-b6d2-93bc605a0324,error_ratio,trace_server_error_ratio,0.0
1776462943.63,ad,5680c7ee-584c-4353-b6d2-93bc605a0324,request_count,trace_server_count,0.0
1776462943.63,ad,9f9a3c1c-bd3f-40ea-8764-b59f1ebd2204,dependency_error_ratio,trace_client_error_ratio,0.0
1776462943.63,ad,ad-7fb5b4f859-52ks9,cpu_usage,container_cpu_usage,0.0031174597468052387
1776462943.63,ad,ad-7fb5b4f859-52ks9,memory_usage,container_memory_working_set_bytes,260345856.0
1776462943.63,ad,ad-7fb5b4f859-rd4zw,cpu_usage,container_cpu_usage,0.0012526208072786572
1776462943.63,ad,ad-7fb5b4f859-rd4zw,memory_usage,container_memory_working_set_bytes,238366720.0
1776462943.63,ad,ad-7fb5b4f859-zsstr,cpu_usage,container_cpu_usage,0.003603795537401135
1776462943.63,ad,ad-7fb5b4f859-zsstr,memory_usage,container_memory_working_set_bytes,261931008.0
1776462943.63,ad,ad::service,pod_restart_count,k8s_container_restarts,3.0
1776462943.63,ad,ad::service,pod_running_count,k8s_container_ready,3.0
1776462943.63,cart,cart-7c7496d7f-th7mc,cpu_usage,container_cpu_usage,0.057934411355523546
1776462943.63,cart,cart-7c7496d7f-th7mc,memory_usage,container_memory_working_set_bytes,62914560.0
1776462943.63,cart,cart::service,pod_restart_count,k8s_container_restarts,1.0
1776462943.63,cart,cart::service,pod_running_count,k8s_container_ready,1.0
1776462943.63,cart,f1f3afac-3031-4c18-925a-048232421d89,dependency_error_ratio,trace_client_error_ratio,0.0
1776462943.63,cart,f1f3afac-3031-4c18-925a-048232421d89,error_ratio,trace_server_error_ratio,0.0
1776462943.63,cart,f1f3afac-3031-4c18-925a-048232421d89,request_count,trace_server_count,0.0
1776462943.63,checkout,4755bdbd-5ad9-49fa-acb7-3a7dcb6a9277,dependency_error_ratio,trace_client_error_ratio,0.0
1776462943.63,checkout,4755bdbd-5ad9-49fa-acb7-3a7dcb6a9277,error_ratio,trace_server_error_ratio,0.0
1776462943.63,checkout,4755bdbd-5ad9-49fa-acb7-3a7dcb6a9277,request_count,trace_server_count,0.0
1776462943.63,checkout,bb49e6b9-109a-41b8-be66-ab2a38272474,dependency_error_ratio,trace_client_error_ratio,0.0
1776462943.63,checkout,bb49e6b9-109a-41b8-be66-ab2a38272474,error_ratio,trace_server_error_ratio,0.0
1776462943.63,checkout,bb49e6b9-109a-41b8-be66-ab2a38272474,request_count,trace_server_count,0.0
1776462943.63,checkout,bc5804df-6f63-4261-8788-8ecfe5481366,dependency_error_ratio,trace_client_error_ratio,0.0
1776462943.63,checkout,bc5804df-6f63-4261-8788-8ecfe5481366,error_ratio,trace_server_error_ratio,0.0
1776462943.63,checkout,bc5804df-6f63-4261-8788-8ecfe5481366,request_count,trace_server_count,0.0
1776462943.63,checkout,checkout-7f4ccfc547-6crwh,cpu_usage,container_cpu_usage,0.13437742582661422
1776462943.63,checkout,checkout-7f4ccfc547-6crwh,memory_usage,container_memory_working_set_bytes,15044608.0
1776462943.63,checkout,checkout-7f4ccfc547-ftx2n,cpu_usage,container_cpu_usage,0.00040402959231858305
1776462943.63,checkout,checkout-7f4ccfc547-ftx2n,memory_usage,container_memory_working_set_bytes,12206080.0
1776462943.63,checkout,checkout-7f4ccfc547-qlfgr,cpu_usage,container_cpu_usage,0.04445814904447959
1776462943.63,checkout,checkout-7f4ccfc547-qlfgr,memory_usage,container_memory_working_set_bytes,14659584.0
1776462943.63,checkout,checkout::service,pod_restart_count,k8s_container_restarts,45.0
1776462943.63,checkout,checkout::service,pod_running_count,k8s_container_ready,3.0
1776462943.63,email,email-5dcf48b665-66zvj,cpu_usage,container_cpu_usage,0.01738733173928426
1776462943.63,email,email-5dcf48b665-66zvj,memory_usage,container_memory_working_set_bytes,59691008.0
1776462943.63,email,email-5dcf48b665-9xxmx,cpu_usage,container_cpu_usage,0.00041461458054715234
1776462943.63,email,email-5dcf48b665-9xxmx,memory_usage,container_memory_working_set_bytes,56602624.0
1776462943.63,email,email-5dcf48b665-n4zf2,cpu_usage,container_cpu_usage,0.0009646424085175639
1776462943.63,email,email-5dcf48b665-n4zf2,memory_usage,container_memory_working_set_bytes,54427648.0
1776462943.63,email,email::service,pod_restart_count,k8s_container_restarts,9.0
1776462943.63,email,email::service,pod_running_count,k8s_container_ready,3.0
1776462943.63,email,otel-demo.email-5dcf48b665-66zvj.email,error_ratio,trace_server_error_ratio,0.0
1776462943.63,email,otel-demo.email-5dcf48b665-66zvj.email,request_count,trace_server_count,0.0
1776462943.63,email,otel-demo.email-5dcf48b665-9xxmx.email,error_ratio,trace_server_error_ratio,0.0
1776462943.63,email,otel-demo.email-5dcf48b665-9xxmx.email,request_count,trace_server_count,0.0
1776462943.63,email,otel-demo.email-5dcf48b665-n4zf2.email,error_ratio,trace_server_error_ratio,0.0
1776462943.63,email,otel-demo.email-5dcf48b665-n4zf2.email,request_count,trace_server_count,0.0
1776462943.63,frontend,frontend-b78bf7696-6bjdg,cpu_usage,container_cpu_usage,2.5687858605508653
1776462943.63,frontend,frontend-b78bf7696-6bjdg,memory_usage,container_memory_working_set_bytes,122568704.0
1776462943.63,frontend,frontend-b78bf7696-77ldd,cpu_usage,container_cpu_usage,2.529349385456944
1776462943.63,frontend,frontend-b78bf7696-77ldd,memory_usage,container_memory_working_set_bytes,110190592.0
1776462943.63,frontend,frontend-b78bf7696-p9kqx,cpu_usage,container_cpu_usage,2.2791140837227037
1776462943.63,frontend,frontend-b78bf7696-p9kqx,memory_usage,container_memory_working_set_bytes,123342848.0
1776462943.63,frontend,frontend::service,pod_restart_count,k8s_container_restarts,3.0
1776462943.63,frontend,frontend::service,pod_running_count,k8s_container_ready,3.0
1776462943.63,frontend,otel-demo.frontend-b78bf7696-6bjdg.frontend,dependency_error_ratio,trace_client_error_ratio,0.0
1776462943.63,frontend,otel-demo.frontend-b78bf7696-6bjdg.frontend,error_ratio,trace_server_error_ratio,0.0
1776462943.63,frontend,otel-demo.frontend-b78bf7696-6bjdg.frontend,http_5xx_ratio,http_server_5xx_ratio,0.0
1776462943.63,frontend,otel-demo.frontend-b78bf7696-6bjdg.frontend,request_count,trace_server_count,0.0
1776462943.63,frontend,otel-demo.frontend-b78bf7696-77ldd.frontend,dependency_error_ratio,trace_client_error_ratio,0.0
1776462943.63,frontend,otel-demo.frontend-b78bf7696-77ldd.frontend,error_ratio,trace_server_error_ratio,0.0
1776462943.63,frontend,otel-demo.frontend-b78bf7696-77ldd.frontend,http_5xx_ratio,http_server_5xx_ratio,0.0
1776462943.63,frontend,otel-demo.frontend-b78bf7696-77ldd.frontend,request_count,trace_server_count,0.0
1776462943.63,frontend,otel-demo.frontend-b78bf7696-p9kqx.frontend,dependency_error_ratio,trace_client_error_ratio,0.0
1776462943.63,frontend,otel-demo.frontend-b78bf7696-p9kqx.frontend,error_ratio,trace_server_error_ratio,0.0
1776462943.63,frontend,otel-demo.frontend-b78bf7696-p9kqx.frontend,http_5xx_ratio,http_server_5xx_ratio,0.0
1776462943.63,frontend,otel-demo.frontend-b78bf7696-p9kqx.frontend,request_count,trace_server_count,0.0
1776462943.63,kafka,kafka-66df8bdf76-zjcbb,cpu_usage,container_cpu_usage,0.01348104517501876
1776462943.63,kafka,kafka-66df8bdf76-zjcbb,memory_usage,container_memory_working_set_bytes,666910720.0
1776462943.63,kafka,kafka::service,pod_restart_count,k8s_container_restarts,9.0
1776462943.63,kafka,kafka::service,pod_running_count,k8s_container_ready,1.0
1776462943.63,kafka,kafka::service,queue_lag,queue_size_ratio,0.0
1776462943.63,payment,otel-demo.payment-f9f8d647b-74h8z.payment,dependency_error_ratio,trace_client_error_ratio,0.0
1776462943.63,payment,otel-demo.payment-f9f8d647b-74h8z.payment,error_ratio,trace_server_error_ratio,0.0
1776462943.63,payment,otel-demo.payment-f9f8d647b-74h8z.payment,request_count,trace_server_count,0.0
1776462943.63,payment,otel-demo.payment-f9f8d647b-75hmx.payment,dependency_error_ratio,trace_client_error_ratio,0.0
1776462943.63,payment,otel-demo.payment-f9f8d647b-75hmx.payment,error_ratio,trace_server_error_ratio,0.0
1776462943.63,payment,otel-demo.payment-f9f8d647b-75hmx.payment,request_count,trace_server_count,0.0
1776462943.63,payment,otel-demo.payment-f9f8d647b-tv6l5.payment,dependency_error_ratio,trace_client_error_ratio,0.0
1776462943.63,payment,otel-demo.payment-f9f8d647b-tv6l5.payment,error_ratio,trace_server_error_ratio,0.0
1776462943.63,payment,otel-demo.payment-f9f8d647b-tv6l5.payment,request_count,trace_server_count,0.0
1776462943.63,payment,payment-f9f8d647b-74h8z,cpu_usage,container_cpu_usage,0.011265412792939439
1776462943.63,payment,payment-f9f8d647b-74h8z,memory_usage,container_memory_working_set_bytes,109322240.0
1776462943.63,payment,payment-f9f8d647b-75hmx,cpu_usage,container_cpu_usage,0.01371217328389305
1776462943.63,payment,payment-f9f8d647b-75hmx,memory_usage,container_memory_working_set_bytes,109559808.0
1776462943.63,payment,payment-f9f8d647b-tv6l5,cpu_usage,container_cpu_usage,0.006201603547186837
1776462943.63,payment,payment-f9f8d647b-tv6l5,memory_usage,container_memory_working_set_bytes,101027840.0
1776462943.63,payment,payment::service,pod_restart_count,k8s_container_restarts,39.0
1776462943.63,payment,payment::service,pod_running_count,k8s_container_ready,3.0
1776462943.63,product-catalog,otel-demo.product-catalog-784544475c-7crs7.product-catalog,dependency_error_ratio,trace_client_error_ratio,0.0
1776462943.63,product-catalog,otel-demo.product-catalog-784544475c-7crs7.product-catalog,error_ratio,trace_server_error_ratio,0.0
1776462943.63,product-catalog,otel-demo.product-catalog-784544475c-7crs7.product-catalog,request_count,trace_server_count,0.0
1776462943.63,product-catalog,otel-demo.product-catalog-784544475c-8skc7.product-catalog,dependency_error_ratio,trace_client_error_ratio,0.0
1776462943.63,product-catalog,otel-demo.product-catalog-784544475c-8skc7.product-catalog,error_ratio,trace_server_error_ratio,0.0
1776462943.63,product-catalog,otel-demo.product-catalog-784544475c-8skc7.product-catalog,request_count,trace_server_count,0.0
1776462943.63,product-catalog,otel-demo.product-catalog-784544475c-stwzc.product-catalog,dependency_error_ratio,trace_client_error_ratio,0.0
1776462943.63,product-catalog,otel-demo.product-catalog-784544475c-stwzc.product-catalog,error_ratio,trace_server_error_ratio,0.0
1776462943.63,product-catalog,otel-demo.product-catalog-784544475c-stwzc.product-catalog,request_count,trace_server_count,0.0
1776462943.63,product-catalog,product-catalog-784544475c-7crs7,cpu_usage,container_cpu_usage,0.04185933273219118
1776462943.63,product-catalog,product-catalog-784544475c-7crs7,memory_usage,container_memory_working_set_bytes,15093760.0
1776462943.63,product-catalog,product-catalog-784544475c-8skc7,cpu_usage,container_cpu_usage,0.05939506426971277
1776462943.63,product-catalog,product-catalog-784544475c-8skc7,memory_usage,container_memory_working_set_bytes,15020032.0
1776462943.63,product-catalog,product-catalog-784544475c-stwzc,cpu_usage,container_cpu_usage,0.0005069481644871625
1776462943.63,product-catalog,product-catalog-784544475c-stwzc,memory_usage,container_memory_working_set_bytes,13053952.0
1776462943.63,product-catalog,product-catalog::service,pod_restart_count,k8s_container_restarts,37.0
1776462943.63,product-catalog,product-catalog::service,pod_running_count,k8s_container_ready,3.0
1776462943.63,recommendation,otel-demo.recommendation-5b46f7469c-g2rgb.recommendation,dependency_error_ratio,trace_client_error_ratio,0.0
1776462943.63,recommendation,otel-demo.recommendation-5b46f7469c-rjwxq.recommendation,dependency_error_ratio,trace_client_error_ratio,0.0
1776462943.63,recommendation,otel-demo.recommendation-5b46f7469c-rjwxq.recommendation,error_ratio,trace_server_error_ratio,0.0
1776462943.63,recommendation,otel-demo.recommendation-5b46f7469c-rjwxq.recommendation,request_count,trace_server_count,0.0
1776462943.63,recommendation,otel-demo.recommendation-5b46f7469c-t2fm9.recommendation,dependency_error_ratio,trace_client_error_ratio,0.0
1776462943.63,recommendation,otel-demo.recommendation-5b46f7469c-t2fm9.recommendation,error_ratio,trace_server_error_ratio,0.0
1776462943.63,recommendation,otel-demo.recommendation-5b46f7469c-t2fm9.recommendation,request_count,trace_server_count,0.0
1776462943.63,recommendation,recommendation-5b46f7469c-g2rgb,cpu_usage,container_cpu_usage,0.009888046686342623
1776462943.63,recommendation,recommendation-5b46f7469c-g2rgb,memory_usage,container_memory_working_set_bytes,46891008.0
1776462943.63,recommendation,recommendation-5b46f7469c-rjwxq,cpu_usage,container_cpu_usage,0.02802014540337537
1776462943.63,recommendation,recommendation-5b46f7469c-rjwxq,memory_usage,container_memory_working_set_bytes,47865856.0
1776462943.63,recommendation,recommendation-5b46f7469c-t2fm9,cpu_usage,container_cpu_usage,0.03174319120633312
1776462943.63,recommendation,recommendation-5b46f7469c-t2fm9,memory_usage,container_memory_working_set_bytes,52518912.0
1776462943.63,recommendation,recommendation::service,pod_restart_count,k8s_container_restarts,3.0
1776462943.63,recommendation,recommendation::service,pod_running_count,k8s_container_ready,3.0
1776462953.63,ad,3a8b9295-6ae2-4e8a-b9b0-a607d7fec0a4,dependency_error_ratio,trace_client_error_ratio,0.0
1776462953.63,ad,3a8b9295-6ae2-4e8a-b9b0-a607d7fec0a4,error_ratio,trace_server_error_ratio,0.0
1776462953.63,ad,3a8b9295-6ae2-4e8a-b9b0-a607d7fec0a4,latency_p95,trace_server_latency_p95,19.499999999999957
1776462953.63,ad,3a8b9295-6ae2-4e8a-b9b0-a607d7fec0a4,request_count,trace_server_count,12.2
1776462953.63,ad,5680c7ee-584c-4353-b6d2-93bc605a0324,dependency_error_ratio,trace_client_error_ratio,0.0
1776462953.63,ad,5680c7ee-584c-4353-b6d2-93bc605a0324,error_ratio,trace_server_error_ratio,0.0
1776462953.63,ad,5680c7ee-584c-4353-b6d2-93bc605a0324,latency_p95,trace_server_latency_p95,7.969999999999999
1776462953.63,ad,5680c7ee-584c-4353-b6d2-93bc605a0324,request_count,trace_server_count,18.3
1776462953.63,ad,9f9a3c1c-bd3f-40ea-8764-b59f1ebd2204,dependency_error_ratio,trace_client_error_ratio,0.0
1776462953.63,ad,ad-7fb5b4f859-52ks9,cpu_usage,container_cpu_usage,0.0032125524827042932
1776462953.63,ad,ad-7fb5b4f859-52ks9,memory_usage,container_memory_working_set_bytes,260345856.0
1776462953.63,ad,ad-7fb5b4f859-rd4zw,cpu_usage,container_cpu_usage,0.0009411249999971005
1776462953.63,ad,ad-7fb5b4f859-rd4zw,memory_usage,container_memory_working_set_bytes,238366720.0
1776462953.63,ad,ad-7fb5b4f859-zsstr,cpu_usage,container_cpu_usage,0.003603795537401135
1776462953.63,ad,ad-7fb5b4f859-zsstr,memory_usage,container_memory_working_set_bytes,261931008.0
1776462953.63,ad,ad::service,pod_restart_count,k8s_container_restarts,3.0
1776462953.63,ad,ad::service,pod_running_count,k8s_container_ready,3.0
1776462953.63,cart,cart-7c7496d7f-th7mc,cpu_usage,container_cpu_usage,0.05672792239386689
1776462953.63,cart,cart-7c7496d7f-th7mc,memory_usage,container_memory_working_set_bytes,62914560.0
1776462953.63,cart,cart::service,pod_restart_count,k8s_container_restarts,1.0
1776462953.63,cart,cart::service,pod_running_count,k8s_container_ready,1.0
1776462953.63,cart,f1f3afac-3031-4c18-925a-048232421d89,dependency_error_ratio,trace_client_error_ratio,0.0
1776462953.63,cart,f1f3afac-3031-4c18-925a-048232421d89,error_ratio,trace_server_error_ratio,0.0
1776462953.63,cart,f1f3afac-3031-4c18-925a-048232421d89,latency_p95,trace_server_latency_p95,9.824193548387095
1776462953.63,cart,f1f3afac-3031-4c18-925a-048232421d89,request_count,trace_server_count,200.9
1776462953.63,checkout,4755bdbd-5ad9-49fa-acb7-3a7dcb6a9277,dependency_error_ratio,trace_client_error_ratio,0.0
1776462953.63,checkout,4755bdbd-5ad9-49fa-acb7-3a7dcb6a9277,error_ratio,trace_server_error_ratio,0.0
1776462953.63,checkout,4755bdbd-5ad9-49fa-acb7-3a7dcb6a9277,latency_p95,trace_server_latency_p95,181.31578947368422
1776462953.63,checkout,4755bdbd-5ad9-49fa-acb7-3a7dcb6a9277,request_count,trace_server_count,14.2
1776462953.63,checkout,bb49e6b9-109a-41b8-be66-ab2a38272474,dependency_error_ratio,trace_client_error_ratio,0.0
1776462953.63,checkout,bb49e6b9-109a-41b8-be66-ab2a38272474,error_ratio,trace_server_error_ratio,0.0
1776462953.63,checkout,bb49e6b9-109a-41b8-be66-ab2a38272474,request_count,trace_server_count,0.0
1776462953.63,checkout,bc5804df-6f63-4261-8788-8ecfe5481366,dependency_error_ratio,trace_client_error_ratio,0.0
1776462953.63,checkout,bc5804df-6f63-4261-8788-8ecfe5481366,error_ratio,trace_server_error_ratio,0.0
1776462953.63,checkout,bc5804df-6f63-4261-8788-8ecfe5481366,latency_p95,trace_server_latency_p95,164.99999999999994
1776462953.63,checkout,bc5804df-6f63-4261-8788-8ecfe5481366,request_count,trace_server_count,6.3
1776462953.63,checkout,checkout-7f4ccfc547-6crwh,cpu_usage,container_cpu_usage,0.11962319466566149
1776462953.63,checkout,checkout-7f4ccfc547-6crwh,memory_usage,container_memory_working_set_bytes,15044608.0
1776462953.63,checkout,checkout-7f4ccfc547-ftx2n,cpu_usage,container_cpu_usage,0.00047611371053354705
1776462953.63,checkout,checkout-7f4ccfc547-ftx2n,memory_usage,container_memory_working_set_bytes,12206080.0
1776462953.63,checkout,checkout-7f4ccfc547-qlfgr,cpu_usage,container_cpu_usage,0.04546731680806726
1776462953.63,checkout,checkout-7f4ccfc547-qlfgr,memory_usage,container_memory_working_set_bytes,14659584.0
1776462953.63,checkout,checkout::service,pod_restart_count,k8s_container_restarts,45.0
1776462953.63,checkout,checkout::service,pod_running_count,k8s_container_ready,3.0
1776462953.63,email,email-5dcf48b665-66zvj,cpu_usage,container_cpu_usage,0.01578592614710955
1776462953.63,email,email-5dcf48b665-66zvj,memory_usage,container_memory_working_set_bytes,59793408.0
1776462953.63,email,email-5dcf48b665-9xxmx,cpu_usage,container_cpu_usage,0.00041461458054715234
1776462953.63,email,email-5dcf48b665-9xxmx,memory_usage,container_memory_working_set_bytes,56602624.0
1776462953.63,email,email-5dcf48b665-n4zf2,cpu_usage,container_cpu_usage,0.0019801265908939874
1776462953.63,email,email-5dcf48b665-n4zf2,memory_usage,container_memory_working_set_bytes,54620160.0
1776462953.63,email,email::service,pod_restart_count,k8s_container_restarts,9.0
1776462953.63,email,email::service,pod_running_count,k8s_container_ready,3.0
1776462953.63,email,otel-demo.email-5dcf48b665-66zvj.email,error_ratio,trace_server_error_ratio,0.0
1776462953.63,email,otel-demo.email-5dcf48b665-66zvj.email,latency_p95,trace_server_latency_p95,31.818181818181817
1776462953.63,email,otel-demo.email-5dcf48b665-66zvj.email,request_count,trace_server_count,20.0
1776462953.63,email,otel-demo.email-5dcf48b665-9xxmx.email,error_ratio,trace_server_error_ratio,0.0
1776462953.63,email,otel-demo.email-5dcf48b665-9xxmx.email,request_count,trace_server_count,0.0
1776462953.63,email,otel-demo.email-5dcf48b665-n4zf2.email,error_ratio,trace_server_error_ratio,0.0
1776462953.63,email,otel-demo.email-5dcf48b665-n4zf2.email,latency_p95,trace_server_latency_p95,7.866666666666666
1776462953.63,email,otel-demo.email-5dcf48b665-n4zf2.email,request_count,trace_server_count,0.4
1776462953.63,frontend,frontend-b78bf7696-6bjdg,cpu_usage,container_cpu_usage,2.307978105614324
1776462953.63,frontend,frontend-b78bf7696-6bjdg,memory_usage,container_memory_working_set_bytes,122785792.0
1776462953.63,frontend,frontend-b78bf7696-77ldd,cpu_usage,container_cpu_usage,2.3687504935834345
1776462953.63,frontend,frontend-b78bf7696-77ldd,memory_usage,container_memory_working_set_bytes,110190592.0
1776462953.63,frontend,frontend-b78bf7696-p9kqx,cpu_usage,container_cpu_usage,2.2791140837227037
1776462953.63,frontend,frontend-b78bf7696-p9kqx,memory_usage,container_memory_working_set_bytes,123342848.0
1776462953.63,frontend,frontend::service,pod_restart_count,k8s_container_restarts,3.0
1776462953.63,frontend,frontend::service,pod_running_count,k8s_container_ready,3.0
1776462953.63,frontend,otel-demo.frontend-b78bf7696-6bjdg.frontend,dependency_error_ratio,trace_client_error_ratio,0.0
1776462953.63,frontend,otel-demo.frontend-b78bf7696-6bjdg.frontend,error_ratio,trace_server_error_ratio,0.0
1776462953.63,frontend,otel-demo.frontend-b78bf7696-6bjdg.frontend,http_5xx_ratio,http_server_5xx_ratio,0.0
1776462953.63,frontend,otel-demo.frontend-b78bf7696-6bjdg.frontend,latency_p95,trace_server_latency_p95,86.24999999999994
1776462953.63,frontend,otel-demo.frontend-b78bf7696-6bjdg.frontend,request_count,trace_server_count,216.6
1776462953.63,frontend,otel-demo.frontend-b78bf7696-77ldd.frontend,dependency_error_ratio,trace_client_error_ratio,0.0
1776462953.63,frontend,otel-demo.frontend-b78bf7696-77ldd.frontend,error_ratio,trace_server_error_ratio,0.0
1776462953.63,frontend,otel-demo.frontend-b78bf7696-77ldd.frontend,http_5xx_ratio,http_server_5xx_ratio,0.0
1776462953.63,frontend,otel-demo.frontend-b78bf7696-77ldd.frontend,latency_p95,trace_server_latency_p95,95.37878787878788
1776462953.63,frontend,otel-demo.frontend-b78bf7696-77ldd.frontend,request_count,trace_server_count,240.5
1776462953.63,frontend,otel-demo.frontend-b78bf7696-p9kqx.frontend,dependency_error_ratio,trace_client_error_ratio,0.0
1776462953.63,frontend,otel-demo.frontend-b78bf7696-p9kqx.frontend,error_ratio,trace_server_error_ratio,0.0
1776462953.63,frontend,otel-demo.frontend-b78bf7696-p9kqx.frontend,http_5xx_ratio,http_server_5xx_ratio,0.0
1776462953.63,frontend,otel-demo.frontend-b78bf7696-p9kqx.frontend,latency_p95,trace_server_latency_p95,124.27325581395348
1776462953.63,frontend,otel-demo.frontend-b78bf7696-p9kqx.frontend,request_count,trace_server_count,296.5
1776462953.63,kafka,kafka-66df8bdf76-zjcbb,cpu_usage,container_cpu_usage,0.013798775445572802
1776462953.63,kafka,kafka-66df8bdf76-zjcbb,memory_usage,container_memory_working_set_bytes,666947584.0
1776462953.63,kafka,kafka::service,pod_restart_count,k8s_container_restarts,9.0
1776462953.63,kafka,kafka::service,pod_running_count,k8s_container_ready,1.0
1776462953.63,kafka,kafka::service,queue_lag,queue_size_ratio,0.0
1776462953.63,payment,otel-demo.payment-f9f8d647b-74h8z.payment,dependency_error_ratio,trace_client_error_ratio,0.0
1776462953.63,payment,otel-demo.payment-f9f8d647b-74h8z.payment,error_ratio,trace_server_error_ratio,0.0
1776462953.63,payment,otel-demo.payment-f9f8d647b-74h8z.payment,request_count,trace_server_count,0.0
1776462953.63,payment,otel-demo.payment-f9f8d647b-75hmx.payment,dependency_error_ratio,trace_client_error_ratio,0.0
1776462953.63,payment,otel-demo.payment-f9f8d647b-75hmx.payment,error_ratio,trace_server_error_ratio,0.0
1776462953.63,payment,otel-demo.payment-f9f8d647b-75hmx.payment,request_count,trace_server_count,0.0
1776462953.63,payment,otel-demo.payment-f9f8d647b-tv6l5.payment,dependency_error_ratio,trace_client_error_ratio,0.0
1776462953.63,payment,otel-demo.payment-f9f8d647b-tv6l5.payment,error_ratio,trace_server_error_ratio,0.0
1776462953.63,payment,otel-demo.payment-f9f8d647b-tv6l5.payment,request_count,trace_server_count,0.0
1776462953.63,payment,payment-f9f8d647b-74h8z,cpu_usage,container_cpu_usage,0.011585662679143002
1776462953.63,payment,payment-f9f8d647b-74h8z,memory_usage,container_memory_working_set_bytes,109322240.0
1776462953.63,payment,payment-f9f8d647b-75hmx,cpu_usage,container_cpu_usage,0.01184142713797638
1776462953.63,payment,payment-f9f8d647b-75hmx,memory_usage,container_memory_working_set_bytes,109559808.0
1776462953.63,payment,payment-f9f8d647b-tv6l5,cpu_usage,container_cpu_usage,0.007953931907786264
1776462953.63,payment,payment-f9f8d647b-tv6l5,memory_usage,container_memory_working_set_bytes,101027840.0
1776462953.63,payment,payment::service,pod_restart_count,k8s_container_restarts,39.0
1776462953.63,payment,payment::service,pod_running_count,k8s_container_ready,3.0
1776462953.63,product-catalog,otel-demo.product-catalog-784544475c-7crs7.product-catalog,dependency_error_ratio,trace_client_error_ratio,0.0
1776462953.63,product-catalog,otel-demo.product-catalog-784544475c-7crs7.product-catalog,error_ratio,trace_server_error_ratio,0.0
1776462953.63,product-catalog,otel-demo.product-catalog-784544475c-7crs7.product-catalog,request_count,trace_server_count,0.0
1776462953.63,product-catalog,otel-demo.product-catalog-784544475c-8skc7.product-catalog,dependency_error_ratio,trace_client_error_ratio,0.0
1776462953.63,product-catalog,otel-demo.product-catalog-784544475c-8skc7.product-catalog,error_ratio,trace_server_error_ratio,0.0
1776462953.63,product-catalog,otel-demo.product-catalog-784544475c-8skc7.product-catalog,request_count,trace_server_count,0.0
1776462953.63,product-catalog,otel-demo.product-catalog-784544475c-stwzc.product-catalog,dependency_error_ratio,trace_client_error_ratio,0.0
1776462953.63,product-catalog,otel-demo.product-catalog-784544475c-stwzc.product-catalog,error_ratio,trace_server_error_ratio,0.0
1776462953.63,product-catalog,otel-demo.product-catalog-784544475c-stwzc.product-catalog,request_count,trace_server_count,0.0
1776462953.63,product-catalog,product-catalog-784544475c-7crs7,cpu_usage,container_cpu_usage,0.04591151808768337
1776462953.63,product-catalog,product-catalog-784544475c-7crs7,memory_usage,container_memory_working_set_bytes,15093760.0
1776462953.63,product-catalog,product-catalog-784544475c-8skc7,cpu_usage,container_cpu_usage,0.0741063333236033
1776462953.63,product-catalog,product-catalog-784544475c-8skc7,memory_usage,container_memory_working_set_bytes,15187968.0
1776462953.63,product-catalog,product-catalog-784544475c-stwzc,cpu_usage,container_cpu_usage,0.0004748151353792314
1776462953.63,product-catalog,product-catalog-784544475c-stwzc,memory_usage,container_memory_working_set_bytes,13053952.0
1776462953.63,product-catalog,product-catalog::service,pod_restart_count,k8s_container_restarts,37.0
1776462953.63,product-catalog,product-catalog::service,pod_running_count,k8s_container_ready,3.0
1776462953.63,recommendation,otel-demo.recommendation-5b46f7469c-g2rgb.recommendation,dependency_error_ratio,trace_client_error_ratio,0.0
1776462953.63,recommendation,otel-demo.recommendation-5b46f7469c-rjwxq.recommendation,dependency_error_ratio,trace_client_error_ratio,0.0
1776462953.63,recommendation,otel-demo.recommendation-5b46f7469c-rjwxq.recommendation,error_ratio,trace_server_error_ratio,0.0
1776462953.63,recommendation,otel-demo.recommendation-5b46f7469c-rjwxq.recommendation,latency_p95,trace_server_latency_p95,33.882352941176485
1776462953.63,recommendation,otel-demo.recommendation-5b46f7469c-rjwxq.recommendation,request_count,trace_server_count,13.7
1776462953.63,recommendation,otel-demo.recommendation-5b46f7469c-t2fm9.recommendation,dependency_error_ratio,trace_client_error_ratio,0.0
1776462953.63,recommendation,otel-demo.recommendation-5b46f7469c-t2fm9.recommendation,error_ratio,trace_server_error_ratio,0.0
1776462953.63,recommendation,otel-demo.recommendation-5b46f7469c-t2fm9.recommendation,latency_p95,trace_server_latency_p95,33.299999999999955
1776462953.63,recommendation,otel-demo.recommendation-5b46f7469c-t2fm9.recommendation,request_count,trace_server_count,20.7
1776462953.63,recommendation,recommendation-5b46f7469c-g2rgb,cpu_usage,container_cpu_usage,0.009552518273757415
1776462953.63,recommendation,recommendation-5b46f7469c-g2rgb,memory_usage,container_memory_working_set_bytes,46891008.0
1776462953.63,recommendation,recommendation-5b46f7469c-rjwxq,cpu_usage,container_cpu_usage,0.025231327769867536
1776462953.63,recommendation,recommendation-5b46f7469c-rjwxq,memory_usage,container_memory_working_set_bytes,47865856.0
1776462953.63,recommendation,recommendation-5b46f7469c-t2fm9,cpu_usage,container_cpu_usage,0.026079857732277823
1776462953.63,recommendation,recommendation-5b46f7469c-t2fm9,memory_usage,container_memory_working_set_bytes,52518912.0
1776462953.63,recommendation,recommendation::service,pod_restart_count,k8s_container_restarts,3.0
1776462953.63,recommendation,recommendation::service,pod_running_count,k8s_container_ready,3.0
1776462963.63,ad,3a8b9295-6ae2-4e8a-b9b0-a607d7fec0a4,dependency_error_ratio,trace_client_error_ratio,0.0
1776462963.63,ad,3a8b9295-6ae2-4e8a-b9b0-a607d7fec0a4,error_ratio,trace_server_error_ratio,0.0
1776462963.63,ad,3a8b9295-6ae2-4e8a-b9b0-a607d7fec0a4,request_count,trace_server_count,0.0
1776462963.63,ad,5680c7ee-584c-4353-b6d2-93bc605a0324,dependency_error_ratio,trace_client_error_ratio,0.0
1776462963.63,ad,5680c7ee-584c-4353-b6d2-93bc605a0324,error_ratio,trace_server_error_ratio,0.0
1776462963.63,ad,5680c7ee-584c-4353-b6d2-93bc605a0324,request_count,trace_server_count,0.0
1776462963.63,ad,9f9a3c1c-bd3f-40ea-8764-b59f1ebd2204,dependency_error_ratio,trace_client_error_ratio,0.0
1776462963.63,ad,ad-7fb5b4f859-52ks9,cpu_usage,container_cpu_usage,0.0035180599474395374
1776462963.63,ad,ad-7fb5b4f859-52ks9,memory_usage,container_memory_working_set_bytes,260530176.0
1776462963.63,ad,ad-7fb5b4f859-rd4zw,cpu_usage,container_cpu_usage,0.0013635920285541112
1776462963.63,ad,ad-7fb5b4f859-rd4zw,memory_usage,container_memory_working_set_bytes,238366720.0
1776462963.63,ad,ad-7fb5b4f859-zsstr,cpu_usage,container_cpu_usage,0.0036039541589005194
1776462963.63,ad,ad-7fb5b4f859-zsstr,memory_usage,container_memory_working_set_bytes,261931008.0
1776462963.63,ad,ad::service,pod_restart_count,k8s_container_restarts,3.0
1776462963.63,ad,ad::service,pod_running_count,k8s_container_ready,3.0
1776462963.63,cart,cart-7c7496d7f-th7mc,cpu_usage,container_cpu_usage,0.05458112433165384
1776462963.63,cart,cart-7c7496d7f-th7mc,memory_usage,container_memory_working_set_bytes,62976000.0
1776462963.63,cart,cart::service,pod_restart_count,k8s_container_restarts,1.0
1776462963.63,cart,cart::service,pod_running_count,k8s_container_ready,1.0
1776462963.63,cart,f1f3afac-3031-4c18-925a-048232421d89,dependency_error_ratio,trace_client_error_ratio,0.0
1776462963.63,cart,f1f3afac-3031-4c18-925a-048232421d89,error_ratio,trace_server_error_ratio,0.0
1776462963.63,cart,f1f3afac-3031-4c18-925a-048232421d89,request_count,trace_server_count,0.0
1776462963.63,checkout,4755bdbd-5ad9-49fa-acb7-3a7dcb6a9277,dependency_error_ratio,trace_client_error_ratio,0.0
1776462963.63,checkout,4755bdbd-5ad9-49fa-acb7-3a7dcb6a9277,error_ratio,trace_server_error_ratio,0.0
1776462963.63,checkout,4755bdbd-5ad9-49fa-acb7-3a7dcb6a9277,request_count,trace_server_count,0.0
1776462963.63,checkout,bb49e6b9-109a-41b8-be66-ab2a38272474,dependency_error_ratio,trace_client_error_ratio,0.0
1776462963.63,checkout,bb49e6b9-109a-41b8-be66-ab2a38272474,error_ratio,trace_server_error_ratio,0.0
1776462963.63,checkout,bb49e6b9-109a-41b8-be66-ab2a38272474,request_count,trace_server_count,0.0
1776462963.63,checkout,bc5804df-6f63-4261-8788-8ecfe5481366,dependency_error_ratio,trace_client_error_ratio,0.0
1776462963.63,checkout,bc5804df-6f63-4261-8788-8ecfe5481366,error_ratio,trace_server_error_ratio,0.0
1776462963.63,checkout,bc5804df-6f63-4261-8788-8ecfe5481366,request_count,trace_server_count,0.0
1776462963.63,checkout,checkout-7f4ccfc547-6crwh,cpu_usage,container_cpu_usage,0.13569337877053245
1776462963.63,checkout,checkout-7f4ccfc547-6crwh,memory_usage,container_memory_working_set_bytes,14946304.0
1776462963.63,checkout,checkout-7f4ccfc547-ftx2n,cpu_usage,container_cpu_usage,0.000589199854414507
1776462963.63,checkout,checkout-7f4ccfc547-ftx2n,memory_usage,container_memory_working_set_bytes,12206080.0
1776462963.63,checkout,checkout-7f4ccfc547-qlfgr,cpu_usage,container_cpu_usage,0.0440442677918848
1776462963.63,checkout,checkout-7f4ccfc547-qlfgr,memory_usage,container_memory_working_set_bytes,14700544.0
1776462963.63,checkout,checkout::service,pod_restart_count,k8s_container_restarts,45.0
1776462963.63,checkout,checkout::service,pod_running_count,k8s_container_ready,3.0
1776462963.63,email,email-5dcf48b665-66zvj,cpu_usage,container_cpu_usage,0.018133171324422135
1776462963.63,email,email-5dcf48b665-66zvj,memory_usage,container_memory_working_set_bytes,59609088.0
1776462963.63,email,email-5dcf48b665-9xxmx,cpu_usage,container_cpu_usage,0.0004296305700145953
1776462963.63,email,email-5dcf48b665-9xxmx,memory_usage,container_memory_working_set_bytes,56602624.0
1776462963.63,email,email-5dcf48b665-n4zf2,cpu_usage,container_cpu_usage,0.0019801265908939874
1776462963.63,email,email-5dcf48b665-n4zf2,memory_usage,container_memory_working_set_bytes,54620160.0
1776462963.63,email,email::service,pod_restart_count,k8s_container_restarts,9.0
1776462963.63,email,email::service,pod_running_count,k8s_container_ready,3.0
1776462963.63,email,otel-demo.email-5dcf48b665-66zvj.email,error_ratio,trace_server_error_ratio,0.0
1776462963.63,email,otel-demo.email-5dcf48b665-66zvj.email,request_count,trace_server_count,0.0
1776462963.63,email,otel-demo.email-5dcf48b665-9xxmx.email,error_ratio,trace_server_error_ratio,0.0
1776462963.63,email,otel-demo.email-5dcf48b665-9xxmx.email,request_count,trace_server_count,0.0
1776462963.63,email,otel-demo.email-5dcf48b665-n4zf2.email,error_ratio,trace_server_error_ratio,0.0
1776462963.63,email,otel-demo.email-5dcf48b665-n4zf2.email,request_count,trace_server_count,0.0
1776462963.63,frontend,frontend-b78bf7696-6bjdg,cpu_usage,container_cpu_usage,2.283763478066741
1776462963.63,frontend,frontend-b78bf7696-6bjdg,memory_usage,container_memory_working_set_bytes,123576320.0
1776462963.63,frontend,frontend-b78bf7696-77ldd,cpu_usage,container_cpu_usage,2.1615215471325686
1776462963.63,frontend,frontend-b78bf7696-77ldd,memory_usage,container_memory_working_set_bytes,110870528.0
1776462963.63,frontend,frontend-b78bf7696-p9kqx,cpu_usage,container_cpu_usage,1.6879298692708926
1776462963.63,frontend,frontend-b78bf7696-p9kqx,memory_usage,container_memory_working_set_bytes,123609088.0
1776462963.63,frontend,frontend::service,pod_restart_count,k8s_container_restarts,3.0
1776462963.63,frontend,frontend::service,pod_running_count,k8s_container_ready,3.0
1776462963.63,frontend,otel-demo.frontend-b78bf7696-6bjdg.frontend,dependency_error_ratio,trace_client_error_ratio,0.0
1776462963.63,frontend,otel-demo.frontend-b78bf7696-6bjdg.frontend,error_ratio,trace_server_error_ratio,0.0
1776462963.63,frontend,otel-demo.frontend-b78bf7696-6bjdg.frontend,http_5xx_ratio,http_server_5xx_ratio,0.0
1776462963.63,frontend,otel-demo.frontend-b78bf7696-6bjdg.frontend,request_count,trace_server_count,0.0
1776462963.63,frontend,otel-demo.frontend-b78bf7696-77ldd.frontend,dependency_error_ratio,trace_client_error_ratio,0.0
1776462963.63,frontend,otel-demo.frontend-b78bf7696-77ldd.frontend,error_ratio,trace_server_error_ratio,0.0
1776462963.63,frontend,otel-demo.frontend-b78bf7696-77ldd.frontend,http_5xx_ratio,http_server_5xx_ratio,0.0
1776462963.63,frontend,otel-demo.frontend-b78bf7696-77ldd.frontend,request_count,trace_server_count,0.0
1776462963.63,frontend,otel-demo.frontend-b78bf7696-p9kqx.frontend,dependency_error_ratio,trace_client_error_ratio,0.0
1776462963.63,frontend,otel-demo.frontend-b78bf7696-p9kqx.frontend,error_ratio,trace_server_error_ratio,0.0
1776462963.63,frontend,otel-demo.frontend-b78bf7696-p9kqx.frontend,http_5xx_ratio,http_server_5xx_ratio,0.0
1776462963.63,frontend,otel-demo.frontend-b78bf7696-p9kqx.frontend,request_count,trace_server_count,0.0
1776462963.63,kafka,kafka-66df8bdf76-zjcbb,cpu_usage,container_cpu_usage,0.014916722568279191
1776462963.63,kafka,kafka-66df8bdf76-zjcbb,memory_usage,container_memory_working_set_bytes,666947584.0
1776462963.63,kafka,kafka::service,pod_restart_count,k8s_container_restarts,9.0
1776462963.63,kafka,kafka::service,pod_running_count,k8s_container_ready,1.0
1776462963.63,kafka,kafka::service,queue_lag,queue_size_ratio,0.0
1776462963.63,payment,otel-demo.payment-f9f8d647b-74h8z.payment,dependency_error_ratio,trace_client_error_ratio,0.0
1776462963.63,payment,otel-demo.payment-f9f8d647b-74h8z.payment,error_ratio,trace_server_error_ratio,0.0
1776462963.63,payment,otel-demo.payment-f9f8d647b-74h8z.payment,request_count,trace_server_count,0.0
1776462963.63,payment,otel-demo.payment-f9f8d647b-75hmx.payment,dependency_error_ratio,trace_client_error_ratio,0.0
1776462963.63,payment,otel-demo.payment-f9f8d647b-75hmx.payment,error_ratio,trace_server_error_ratio,0.0
1776462963.63,payment,otel-demo.payment-f9f8d647b-75hmx.payment,request_count,trace_server_count,0.0
1776462963.63,payment,otel-demo.payment-f9f8d647b-tv6l5.payment,dependency_error_ratio,trace_client_error_ratio,0.0
1776462963.63,payment,otel-demo.payment-f9f8d647b-tv6l5.payment,error_ratio,trace_server_error_ratio,0.0
1776462963.63,payment,otel-demo.payment-f9f8d647b-tv6l5.payment,request_count,trace_server_count,0.0
1776462963.63,payment,payment-f9f8d647b-74h8z,cpu_usage,container_cpu_usage,0.011414250729283097
1776462963.63,payment,payment-f9f8d647b-74h8z,memory_usage,container_memory_working_set_bytes,109322240.0
1776462963.63,payment,payment-f9f8d647b-75hmx,cpu_usage,container_cpu_usage,0.014655779459135319
1776462963.63,payment,payment-f9f8d647b-75hmx,memory_usage,container_memory_working_set_bytes,109559808.0
1776462963.63,payment,payment-f9f8d647b-tv6l5,cpu_usage,container_cpu_usage,0.008794863764484837
1776462963.63,payment,payment-f9f8d647b-tv6l5,memory_usage,container_memory_working_set_bytes,101027840.0
1776462963.63,payment,payment::service,pod_restart_count,k8s_container_restarts,39.0
1776462963.63,payment,payment::service,pod_running_count,k8s_container_ready,3.0
1776462963.63,product-catalog,otel-demo.product-catalog-784544475c-7crs7.product-catalog,dependency_error_ratio,trace_client_error_ratio,0.0
1776462963.63,product-catalog,otel-demo.product-catalog-784544475c-7crs7.product-catalog,error_ratio,trace_server_error_ratio,0.0
1776462963.63,product-catalog,otel-demo.product-catalog-784544475c-7crs7.product-catalog,request_count,trace_server_count,0.0
1776462963.63,product-catalog,otel-demo.product-catalog-784544475c-8skc7.product-catalog,dependency_error_ratio,trace_client_error_ratio,0.0
1776462963.63,product-catalog,otel-demo.product-catalog-784544475c-8skc7.product-catalog,error_ratio,trace_server_error_ratio,0.0
1776462963.63,product-catalog,otel-demo.product-catalog-784544475c-8skc7.product-catalog,request_count,trace_server_count,0.0
1776462963.63,product-catalog,otel-demo.product-catalog-784544475c-stwzc.product-catalog,dependency_error_ratio,trace_client_error_ratio,0.0
1776462963.63,product-catalog,otel-demo.product-catalog-784544475c-stwzc.product-catalog,error_ratio,trace_server_error_ratio,0.0
1776462963.63,product-catalog,otel-demo.product-catalog-784544475c-stwzc.product-catalog,request_count,trace_server_count,0.0
1776462963.63,product-catalog,product-catalog-784544475c-7crs7,cpu_usage,container_cpu_usage,0.04788193962285118
1776462963.63,product-catalog,product-catalog-784544475c-7crs7,memory_usage,container_memory_working_set_bytes,15044608.0
1776462963.63,product-catalog,product-catalog-784544475c-8skc7,cpu_usage,container_cpu_usage,0.0741063333236033
1776462963.63,product-catalog,product-catalog-784544475c-8skc7,memory_usage,container_memory_working_set_bytes,15187968.0
1776462963.63,product-catalog,product-catalog-784544475c-stwzc,cpu_usage,container_cpu_usage,0.0004854625550660792
1776462963.63,product-catalog,product-catalog-784544475c-stwzc,memory_usage,container_memory_working_set_bytes,13053952.0
1776462963.63,product-catalog,product-catalog::service,pod_restart_count,k8s_container_restarts,37.0
1776462963.63,product-catalog,product-catalog::service,pod_running_count,k8s_container_ready,3.0
1776462963.63,recommendation,otel-demo.recommendation-5b46f7469c-g2rgb.recommendation,dependency_error_ratio,trace_client_error_ratio,0.0
1776462963.63,recommendation,otel-demo.recommendation-5b46f7469c-rjwxq.recommendation,dependency_error_ratio,trace_client_error_ratio,0.0
1776462963.63,recommendation,otel-demo.recommendation-5b46f7469c-rjwxq.recommendation,error_ratio,trace_server_error_ratio,0.0
1776462963.63,recommendation,otel-demo.recommendation-5b46f7469c-rjwxq.recommendation,request_count,trace_server_count,0.0
1776462963.63,recommendation,otel-demo.recommendation-5b46f7469c-t2fm9.recommendation,dependency_error_ratio,trace_client_error_ratio,0.0
1776462963.63,recommendation,otel-demo.recommendation-5b46f7469c-t2fm9.recommendation,error_ratio,trace_server_error_ratio,0.0
1776462963.63,recommendation,otel-demo.recommendation-5b46f7469c-t2fm9.recommendation,request_count,trace_server_count,0.0
1776462963.63,recommendation,recommendation-5b46f7469c-g2rgb,cpu_usage,container_cpu_usage,0.006519615407868061
1776462963.63,recommendation,recommendation-5b46f7469c-g2rgb,memory_usage,container_memory_working_set_bytes,46886912.0
1776462963.63,recommendation,recommendation-5b46f7469c-rjwxq,cpu_usage,container_cpu_usage,0.026506060260649975
1776462963.63,recommendation,recommendation-5b46f7469c-rjwxq,memory_usage,container_memory_working_set_bytes,47865856.0
1776462963.63,recommendation,recommendation-5b46f7469c-t2fm9,cpu_usage,container_cpu_usage,0.03046687906544701
1776462963.63,recommendation,recommendation-5b46f7469c-t2fm9,memory_usage,container_memory_working_set_bytes,52518912.0
1776462963.63,recommendation,recommendation::service,pod_restart_count,k8s_container_restarts,3.0
1776462963.63,recommendation,recommendation::service,pod_running_count,k8s_container_ready,3.0
1776462973.63,ad,3a8b9295-6ae2-4e8a-b9b0-a607d7fec0a4,dependency_error_ratio,trace_client_error_ratio,0.0
1776462973.63,ad,3a8b9295-6ae2-4e8a-b9b0-a607d7fec0a4,error_ratio,trace_server_error_ratio,0.0
1776462973.63,ad,3a8b9295-6ae2-4e8a-b9b0-a607d7fec0a4,request_count,trace_server_count,0.0
1776462973.63,ad,5680c7ee-584c-4353-b6d2-93bc605a0324,dependency_error_ratio,trace_client_error_ratio,0.0
1776462973.63,ad,5680c7ee-584c-4353-b6d2-93bc605a0324,error_ratio,trace_server_error_ratio,0.0
1776462973.63,ad,5680c7ee-584c-4353-b6d2-93bc605a0324,request_count,trace_server_count,0.0
1776462973.63,ad,9f9a3c1c-bd3f-40ea-8764-b59f1ebd2204,dependency_error_ratio,trace_client_error_ratio,0.0
1776462973.63,ad,ad-7fb5b4f859-52ks9,cpu_usage,container_cpu_usage,0.0035180599474395374
1776462973.63,ad,ad-7fb5b4f859-52ks9,memory_usage,container_memory_working_set_bytes,260530176.0
1776462973.63,ad,ad-7fb5b4f859-rd4zw,cpu_usage,container_cpu_usage,0.0022013510163572895
1776462973.63,ad,ad-7fb5b4f859-rd4zw,memory_usage,container_memory_working_set_bytes,238800896.0
1776462973.63,ad,ad-7fb5b4f859-zsstr,cpu_usage,container_cpu_usage,0.0036039541589005194
1776462973.63,ad,ad-7fb5b4f859-zsstr,memory_usage,container_memory_working_set_bytes,261931008.0
1776462973.63,ad,ad::service,pod_restart_count,k8s_container_restarts,3.0
1776462973.63,ad,ad::service,pod_running_count,k8s_container_ready,3.0
1776462973.63,cart,cart-7c7496d7f-th7mc,cpu_usage,container_cpu_usage,0.05985953241642393
1776462973.63,cart,cart-7c7496d7f-th7mc,memory_usage,container_memory_working_set_bytes,63037440.0
1776462973.63,cart,cart::service,pod_restart_count,k8s_container_restarts,1.0
1776462973.63,cart,cart::service,pod_running_count,k8s_container_ready,1.0
1776462973.63,cart,f1f3afac-3031-4c18-925a-048232421d89,dependency_error_ratio,trace_client_error_ratio,0.0
1776462973.63,cart,f1f3afac-3031-4c18-925a-048232421d89,error_ratio,trace_server_error_ratio,0.0
1776462973.63,cart,f1f3afac-3031-4c18-925a-048232421d89,request_count,trace_server_count,0.0
1776462973.63,checkout,4755bdbd-5ad9-49fa-acb7-3a7dcb6a9277,dependency_error_ratio,trace_client_error_ratio,0.0
1776462973.63,checkout,4755bdbd-5ad9-49fa-acb7-3a7dcb6a9277,error_ratio,trace_server_error_ratio,0.0
1776462973.63,checkout,4755bdbd-5ad9-49fa-acb7-3a7dcb6a9277,request_count,trace_server_count,0.0
1776462973.63,checkout,bb49e6b9-109a-41b8-be66-ab2a38272474,dependency_error_ratio,trace_client_error_ratio,0.0
1776462973.63,checkout,bb49e6b9-109a-41b8-be66-ab2a38272474,error_ratio,trace_server_error_ratio,0.0
1776462973.63,checkout,bb49e6b9-109a-41b8-be66-ab2a38272474,request_count,trace_server_count,0.0
1776462973.63,checkout,bc5804df-6f63-4261-8788-8ecfe5481366,dependency_error_ratio,trace_client_error_ratio,0.0
1776462973.63,checkout,bc5804df-6f63-4261-8788-8ecfe5481366,error_ratio,trace_server_error_ratio,0.0
1776462973.63,checkout,bc5804df-6f63-4261-8788-8ecfe5481366,request_count,trace_server_count,0.0
1776462973.63,checkout,checkout-7f4ccfc547-6crwh,cpu_usage,container_cpu_usage,0.13569337877053245
1776462973.63,checkout,checkout-7f4ccfc547-6crwh,memory_usage,container_memory_working_set_bytes,14946304.0
1776462973.63,checkout,checkout-7f4ccfc547-ftx2n,cpu_usage,container_cpu_usage,0.0006800263753906127
1776462973.63,checkout,checkout-7f4ccfc547-ftx2n,memory_usage,container_memory_working_set_bytes,12206080.0
1776462973.63,checkout,checkout-7f4ccfc547-qlfgr,cpu_usage,container_cpu_usage,0.04187618246794245
1776462973.63,checkout,checkout-7f4ccfc547-qlfgr,memory_usage,container_memory_working_set_bytes,14700544.0
1776462973.63,checkout,checkout::service,pod_restart_count,k8s_container_restarts,45.0
1776462973.63,checkout,checkout::service,pod_running_count,k8s_container_ready,3.0
1776462973.63,email,email-5dcf48b665-66zvj,cpu_usage,container_cpu_usage,0.018133171324422135
1776462973.63,email,email-5dcf48b665-66zvj,memory_usage,container_memory_working_set_bytes,59609088.0
1776462973.63,email,email-5dcf48b665-9xxmx,cpu_usage,container_cpu_usage,0.0004296305700145953
1776462973.63,email,email-5dcf48b665-9xxmx,memory_usage,container_memory_working_set_bytes,56602624.0
1776462973.63,email,email-5dcf48b665-n4zf2,cpu_usage,container_cpu_usage,0.003430889295283313
1776462973.63,email,email-5dcf48b665-n4zf2,memory_usage,container_memory_working_set_bytes,54640640.0
1776462973.63,email,email::service,pod_restart_count,k8s_container_restarts,9.0
1776462973.63,email,email::service,pod_running_count,k8s_container_ready,3.0
1776462973.63,email,otel-demo.email-5dcf48b665-66zvj.email,error_ratio,trace_server_error_ratio,0.0
1776462973.63,email,otel-demo.email-5dcf48b665-66zvj.email,request_count,trace_server_count,0.0
1776462973.63,email,otel-demo.email-5dcf48b665-9xxmx.email,error_ratio,trace_server_error_ratio,0.0
1776462973.63,email,otel-demo.email-5dcf48b665-9xxmx.email,request_count,trace_server_count,0.0
1776462973.63,email,otel-demo.email-5dcf48b665-n4zf2.email,error_ratio,trace_server_error_ratio,0.0
1776462973.63,email,otel-demo.email-5dcf48b665-n4zf2.email,request_count,trace_server_count,0.0
1776462973.63,frontend,frontend-b78bf7696-6bjdg,cpu_usage,container_cpu_usage,2.100381220930209
1776462973.63,frontend,frontend-b78bf7696-6bjdg,memory_usage,container_memory_working_set_bytes,123576320.0
1776462973.63,frontend,frontend-b78bf7696-77ldd,cpu_usage,container_cpu_usage,2.0697891167806373
1776462973.63,frontend,frontend-b78bf7696-77ldd,memory_usage,container_memory_working_set_bytes,110870528.0
1776462973.63,frontend,frontend-b78bf7696-p9kqx,cpu_usage,container_cpu_usage,2.208121411922799
1776462973.63,frontend,frontend-b78bf7696-p9kqx,memory_usage,container_memory_working_set_bytes,122413056.0
1776462973.63,frontend,frontend::service,pod_restart_count,k8s_container_restarts,3.0
1776462973.63,frontend,frontend::service,pod_running_count,k8s_container_ready,3.0
1776462973.63,frontend,otel-demo.frontend-b78bf7696-6bjdg.frontend,dependency_error_ratio,trace_client_error_ratio,0.0
1776462973.63,frontend,otel-demo.frontend-b78bf7696-6bjdg.frontend,error_ratio,trace_server_error_ratio,0.0
1776462973.63,frontend,otel-demo.frontend-b78bf7696-6bjdg.frontend,http_5xx_ratio,http_server_5xx_ratio,0.0
1776462973.63,frontend,otel-demo.frontend-b78bf7696-6bjdg.frontend,request_count,trace_server_count,0.0
1776462973.63,frontend,otel-demo.frontend-b78bf7696-77ldd.frontend,dependency_error_ratio,trace_client_error_ratio,0.0
1776462973.63,frontend,otel-demo.frontend-b78bf7696-77ldd.frontend,error_ratio,trace_server_error_ratio,0.0
1776462973.63,frontend,otel-demo.frontend-b78bf7696-77ldd.frontend,http_5xx_ratio,http_server_5xx_ratio,0.0
1776462973.63,frontend,otel-demo.frontend-b78bf7696-77ldd.frontend,request_count,trace_server_count,0.0
1776462973.63,frontend,otel-demo.frontend-b78bf7696-p9kqx.frontend,dependency_error_ratio,trace_client_error_ratio,0.0
1776462973.63,frontend,otel-demo.frontend-b78bf7696-p9kqx.frontend,error_ratio,trace_server_error_ratio,0.0
1776462973.63,frontend,otel-demo.frontend-b78bf7696-p9kqx.frontend,http_5xx_ratio,http_server_5xx_ratio,0.0
1776462973.63,frontend,otel-demo.frontend-b78bf7696-p9kqx.frontend,request_count,trace_server_count,0.0
1776462973.63,kafka,kafka-66df8bdf76-zjcbb,cpu_usage,container_cpu_usage,0.015745436457441673
1776462973.63,kafka,kafka-66df8bdf76-zjcbb,memory_usage,container_memory_working_set_bytes,667512832.0
1776462973.63,kafka,kafka::service,pod_restart_count,k8s_container_restarts,9.0
1776462973.63,kafka,kafka::service,pod_running_count,k8s_container_ready,1.0
1776462973.63,kafka,kafka::service,queue_lag,queue_size_ratio,0.0
1776462973.63,payment,otel-demo.payment-f9f8d647b-74h8z.payment,dependency_error_ratio,trace_client_error_ratio,0.0
1776462973.63,payment,otel-demo.payment-f9f8d647b-74h8z.payment,error_ratio,trace_server_error_ratio,0.0
1776462973.63,payment,otel-demo.payment-f9f8d647b-74h8z.payment,request_count,trace_server_count,0.0
1776462973.63,payment,otel-demo.payment-f9f8d647b-75hmx.payment,dependency_error_ratio,trace_client_error_ratio,0.0
1776462973.63,payment,otel-demo.payment-f9f8d647b-75hmx.payment,error_ratio,trace_server_error_ratio,0.0
1776462973.63,payment,otel-demo.payment-f9f8d647b-75hmx.payment,request_count,trace_server_count,0.0
1776462973.63,payment,otel-demo.payment-f9f8d647b-tv6l5.payment,dependency_error_ratio,trace_client_error_ratio,0.0
1776462973.63,payment,otel-demo.payment-f9f8d647b-tv6l5.payment,error_ratio,trace_server_error_ratio,0.0
1776462973.63,payment,otel-demo.payment-f9f8d647b-tv6l5.payment,request_count,trace_server_count,0.0
1776462973.63,payment,payment-f9f8d647b-74h8z,cpu_usage,container_cpu_usage,0.011888671836460404
1776462973.63,payment,payment-f9f8d647b-74h8z,memory_usage,container_memory_working_set_bytes,109322240.0
1776462973.63,payment,payment-f9f8d647b-75hmx,cpu_usage,container_cpu_usage,0.014743713425234438
1776462973.63,payment,payment-f9f8d647b-75hmx,memory_usage,container_memory_working_set_bytes,109559808.0
1776462973.63,payment,payment-f9f8d647b-tv6l5,cpu_usage,container_cpu_usage,0.008772650653181504
1776462973.63,payment,payment-f9f8d647b-tv6l5,memory_usage,container_memory_working_set_bytes,101027840.0
1776462973.63,payment,payment::service,pod_restart_count,k8s_container_restarts,39.0
1776462973.63,payment,payment::service,pod_running_count,k8s_container_ready,3.0
1776462973.63,product-catalog,otel-demo.product-catalog-784544475c-7crs7.product-catalog,dependency_error_ratio,trace_client_error_ratio,0.0
1776462973.63,product-catalog,otel-demo.product-catalog-784544475c-7crs7.product-catalog,error_ratio,trace_server_error_ratio,0.0
1776462973.63,product-catalog,otel-demo.product-catalog-784544475c-7crs7.product-catalog,request_count,trace_server_count,0.0
1776462973.63,product-catalog,otel-demo.product-catalog-784544475c-8skc7.product-catalog,dependency_error_ratio,trace_client_error_ratio,0.0
1776462973.63,product-catalog,otel-demo.product-catalog-784544475c-8skc7.product-catalog,error_ratio,trace_server_error_ratio,0.0
1776462973.63,product-catalog,otel-demo.product-catalog-784544475c-8skc7.product-catalog,request_count,trace_server_count,0.0
1776462973.63,product-catalog,otel-demo.product-catalog-784544475c-stwzc.product-catalog,dependency_error_ratio,trace_client_error_ratio,0.0
1776462973.63,product-catalog,otel-demo.product-catalog-784544475c-stwzc.product-catalog,error_ratio,trace_server_error_ratio,0.0
1776462973.63,product-catalog,otel-demo.product-catalog-784544475c-stwzc.product-catalog,request_count,trace_server_count,0.0
1776462973.63,product-catalog,product-catalog-784544475c-7crs7,cpu_usage,container_cpu_usage,0.046244914598708116
1776462973.63,product-catalog,product-catalog-784544475c-7crs7,memory_usage,container_memory_working_set_bytes,15396864.0
1776462973.63,product-catalog,product-catalog-784544475c-8skc7,cpu_usage,container_cpu_usage,0.07544214447843375
1776462973.63,product-catalog,product-catalog-784544475c-8skc7,memory_usage,container_memory_working_set_bytes,15425536.0
1776462973.63,product-catalog,product-catalog-784544475c-stwzc,cpu_usage,container_cpu_usage,0.00045077463743008347
1776462973.63,product-catalog,product-catalog-784544475c-stwzc,memory_usage,container_memory_working_set_bytes,13049856.0
1776462973.63,product-catalog,product-catalog::service,pod_restart_count,k8s_container_restarts,37.0
1776462973.63,product-catalog,product-catalog::service,pod_running_count,k8s_container_ready,3.0
1776462973.63,recommendation,otel-demo.recommendation-5b46f7469c-g2rgb.recommendation,dependency_error_ratio,trace_client_error_ratio,0.0
1776462973.63,recommendation,otel-demo.recommendation-5b46f7469c-rjwxq.recommendation,dependency_error_ratio,trace_client_error_ratio,0.0
1776462973.63,recommendation,otel-demo.recommendation-5b46f7469c-rjwxq.recommendation,error_ratio,trace_server_error_ratio,0.0
1776462973.63,recommendation,otel-demo.recommendation-5b46f7469c-rjwxq.recommendation,request_count,trace_server_count,0.0
1776462973.63,recommendation,otel-demo.recommendation-5b46f7469c-t2fm9.recommendation,dependency_error_ratio,trace_client_error_ratio,0.0
1776462973.63,recommendation,otel-demo.recommendation-5b46f7469c-t2fm9.recommendation,error_ratio,trace_server_error_ratio,0.0
1776462973.63,recommendation,otel-demo.recommendation-5b46f7469c-t2fm9.recommendation,request_count,trace_server_count,0.0
1776462973.63,recommendation,recommendation-5b46f7469c-g2rgb,cpu_usage,container_cpu_usage,0.00795506218422079
1776462973.63,recommendation,recommendation-5b46f7469c-g2rgb,memory_usage,container_memory_working_set_bytes,46886912.0
1776462973.63,recommendation,recommendation-5b46f7469c-rjwxq,cpu_usage,container_cpu_usage,0.028537332810000836
1776462973.63,recommendation,recommendation-5b46f7469c-rjwxq,memory_usage,container_memory_working_set_bytes,47865856.0
1776462973.63,recommendation,recommendation-5b46f7469c-t2fm9,cpu_usage,container_cpu_usage,0.028330594027158085
1776462973.63,recommendation,recommendation-5b46f7469c-t2fm9,memory_usage,container_memory_working_set_bytes,52518912.0
1776462973.63,recommendation,recommendation::service,pod_restart_count,k8s_container_restarts,3.0
1776462973.63,recommendation,recommendation::service,pod_running_count,k8s_container_ready,3.0
1776462983.63,ad,3a8b9295-6ae2-4e8a-b9b0-a607d7fec0a4,dependency_error_ratio,trace_client_error_ratio,0.0
1776462983.63,ad,3a8b9295-6ae2-4e8a-b9b0-a607d7fec0a4,error_ratio,trace_server_error_ratio,0.0
1776462983.63,ad,3a8b9295-6ae2-4e8a-b9b0-a607d7fec0a4,request_count,trace_server_count,0.0
1776462983.63,ad,5680c7ee-584c-4353-b6d2-93bc605a0324,dependency_error_ratio,trace_client_error_ratio,0.0
1776462983.63,ad,5680c7ee-584c-4353-b6d2-93bc605a0324,error_ratio,trace_server_error_ratio,0.0
1776462983.63,ad,5680c7ee-584c-4353-b6d2-93bc605a0324,request_count,trace_server_count,0.0
1776462983.63,ad,9f9a3c1c-bd3f-40ea-8764-b59f1ebd2204,dependency_error_ratio,trace_client_error_ratio,0.0
1776462983.63,ad,ad-7fb5b4f859-52ks9,cpu_usage,container_cpu_usage,0.0025365529547132773
1776462983.63,ad,ad-7fb5b4f859-52ks9,memory_usage,container_memory_working_set_bytes,260530176.0
1776462983.63,ad,ad-7fb5b4f859-rd4zw,cpu_usage,container_cpu_usage,0.0024929712268912524
1776462983.63,ad,ad-7fb5b4f859-rd4zw,memory_usage,container_memory_working_set_bytes,238800896.0
1776462983.63,ad,ad-7fb5b4f859-zsstr,cpu_usage,container_cpu_usage,0.0037158944736973613
1776462983.63,ad,ad-7fb5b4f859-zsstr,memory_usage,container_memory_working_set_bytes,262045696.0
1776462983.63,ad,ad::service,pod_restart_count,k8s_container_restarts,3.0
1776462983.63,ad,ad::service,pod_running_count,k8s_container_ready,3.0
1776462983.63,cart,cart-7c7496d7f-th7mc,cpu_usage,container_cpu_usage,0.05611290474842745
1776462983.63,cart,cart-7c7496d7f-th7mc,memory_usage,container_memory_working_set_bytes,63037440.0
1776462983.63,cart,cart::service,pod_restart_count,k8s_container_restarts,1.0
1776462983.63,cart,cart::service,pod_running_count,k8s_container_ready,1.0
1776462983.63,cart,f1f3afac-3031-4c18-925a-048232421d89,dependency_error_ratio,trace_client_error_ratio,0.0
1776462983.63,cart,f1f3afac-3031-4c18-925a-048232421d89,error_ratio,trace_server_error_ratio,0.0
1776462983.63,cart,f1f3afac-3031-4c18-925a-048232421d89,request_count,trace_server_count,0.0
1776462983.63,checkout,4755bdbd-5ad9-49fa-acb7-3a7dcb6a9277,dependency_error_ratio,trace_client_error_ratio,0.0
1776462983.63,checkout,4755bdbd-5ad9-49fa-acb7-3a7dcb6a9277,error_ratio,trace_server_error_ratio,0.0
1776462983.63,checkout,4755bdbd-5ad9-49fa-acb7-3a7dcb6a9277,request_count,trace_server_count,0.0
1776462983.63,checkout,bb49e6b9-109a-41b8-be66-ab2a38272474,dependency_error_ratio,trace_client_error_ratio,0.0
1776462983.63,checkout,bb49e6b9-109a-41b8-be66-ab2a38272474,error_ratio,trace_server_error_ratio,0.0
1776462983.63,checkout,bb49e6b9-109a-41b8-be66-ab2a38272474,request_count,trace_server_count,0.0
1776462983.63,checkout,bc5804df-6f63-4261-8788-8ecfe5481366,dependency_error_ratio,trace_client_error_ratio,0.0
1776462983.63,checkout,bc5804df-6f63-4261-8788-8ecfe5481366,error_ratio,trace_server_error_ratio,0.0
1776462983.63,checkout,bc5804df-6f63-4261-8788-8ecfe5481366,request_count,trace_server_count,0.0
1776462983.63,checkout,checkout-7f4ccfc547-6crwh,cpu_usage,container_cpu_usage,0.12817531339499524
1776462983.63,checkout,checkout-7f4ccfc547-6crwh,memory_usage,container_memory_working_set_bytes,15572992.0
1776462983.63,checkout,checkout-7f4ccfc547-ftx2n,cpu_usage,container_cpu_usage,0.000548399197254151
1776462983.63,checkout,checkout-7f4ccfc547-ftx2n,memory_usage,container_memory_working_set_bytes,12206080.0
1776462983.63,checkout,checkout-7f4ccfc547-qlfgr,cpu_usage,container_cpu_usage,0.03681100829990893
1776462983.63,checkout,checkout-7f4ccfc547-qlfgr,memory_usage,container_memory_working_set_bytes,14884864.0
1776462983.63,checkout,checkout::service,pod_restart_count,k8s_container_restarts,45.0
1776462983.63,checkout,checkout::service,pod_running_count,k8s_container_ready,3.0
1776462983.63,email,email-5dcf48b665-66zvj,cpu_usage,container_cpu_usage,0.013058033474711947
1776462983.63,email,email-5dcf48b665-66zvj,memory_usage,container_memory_working_set_bytes,59744256.0
1776462983.63,email,email-5dcf48b665-9xxmx,cpu_usage,container_cpu_usage,0.0003888654576139831
1776462983.63,email,email-5dcf48b665-9xxmx,memory_usage,container_memory_working_set_bytes,56602624.0
1776462983.63,email,email-5dcf48b665-n4zf2,cpu_usage,container_cpu_usage,0.006946334544048387
1776462983.63,email,email-5dcf48b665-n4zf2,memory_usage,container_memory_working_set_bytes,54476800.0
1776462983.63,email,email::service,pod_restart_count,k8s_container_restarts,9.0
1776462983.63,email,email::service,pod_running_count,k8s_container_ready,3.0
1776462983.63,email,otel-demo.email-5dcf48b665-66zvj.email,error_ratio,trace_server_error_ratio,0.0
1776462983.63,email,otel-demo.email-5dcf48b665-66zvj.email,request_count,trace_server_count,0.0
1776462983.63,email,otel-demo.email-5dcf48b665-9xxmx.email,error_ratio,trace_server_error_ratio,0.0
1776462983.63,email,otel-demo.email-5dcf48b665-9xxmx.email,request_count,trace_server_count,0.0
1776462983.63,email,otel-demo.email-5dcf48b665-n4zf2.email,error_ratio,trace_server_error_ratio,0.0
1776462983.63,email,otel-demo.email-5dcf48b665-n4zf2.email,request_count,trace_server_count,0.0
1776462983.63,frontend,frontend-b78bf7696-6bjdg,cpu_usage,container_cpu_usage,2.260932587041087
1776462983.63,frontend,frontend-b78bf7696-6bjdg,memory_usage,container_memory_working_set_bytes,122671104.0
1776462983.63,frontend,frontend-b78bf7696-77ldd,cpu_usage,container_cpu_usage,2.0159651396194085
1776462983.63,frontend,frontend-b78bf7696-77ldd,memory_usage,container_memory_working_set_bytes,110141440.0
1776462983.63,frontend,frontend-b78bf7696-p9kqx,cpu_usage,container_cpu_usage,1.8564843601661136
1776462983.63,frontend,frontend-b78bf7696-p9kqx,memory_usage,container_memory_working_set_bytes,122413056.0
1776462983.63,frontend,frontend::service,pod_restart_count,k8s_container_restarts,3.0
1776462983.63,frontend,frontend::service,pod_running_count,k8s_container_ready,3.0
1776462983.63,frontend,otel-demo.frontend-b78bf7696-6bjdg.frontend,dependency_error_ratio,trace_client_error_ratio,0.0
1776462983.63,frontend,otel-demo.frontend-b78bf7696-6bjdg.frontend,error_ratio,trace_server_error_ratio,0.0
1776462983.63,frontend,otel-demo.frontend-b78bf7696-6bjdg.frontend,http_5xx_ratio,http_server_5xx_ratio,0.0
1776462983.63,frontend,otel-demo.frontend-b78bf7696-6bjdg.frontend,request_count,trace_server_count,0.0
1776462983.63,frontend,otel-demo.frontend-b78bf7696-77ldd.frontend,dependency_error_ratio,trace_client_error_ratio,0.0
1776462983.63,frontend,otel-demo.frontend-b78bf7696-77ldd.frontend,error_ratio,trace_server_error_ratio,0.0
1776462983.63,frontend,otel-demo.frontend-b78bf7696-77ldd.frontend,http_5xx_ratio,http_server_5xx_ratio,0.0
1776462983.63,frontend,otel-demo.frontend-b78bf7696-77ldd.frontend,request_count,trace_server_count,0.0
1776462983.63,frontend,otel-demo.frontend-b78bf7696-p9kqx.frontend,dependency_error_ratio,trace_client_error_ratio,0.0
1776462983.63,frontend,otel-demo.frontend-b78bf7696-p9kqx.frontend,error_ratio,trace_server_error_ratio,0.0
1776462983.63,frontend,otel-demo.frontend-b78bf7696-p9kqx.frontend,http_5xx_ratio,http_server_5xx_ratio,0.0
1776462983.63,frontend,otel-demo.frontend-b78bf7696-p9kqx.frontend,request_count,trace_server_count,0.0
1776462983.63,kafka,kafka-66df8bdf76-zjcbb,cpu_usage,container_cpu_usage,0.015423500834977764
1776462983.63,kafka,kafka-66df8bdf76-zjcbb,memory_usage,container_memory_working_set_bytes,667512832.0
1776462983.63,kafka,kafka::service,pod_restart_count,k8s_container_restarts,9.0
1776462983.63,kafka,kafka::service,pod_running_count,k8s_container_ready,1.0
1776462983.63,kafka,kafka::service,queue_lag,queue_size_ratio,0.0
1776462983.63,payment,otel-demo.payment-f9f8d647b-74h8z.payment,dependency_error_ratio,trace_client_error_ratio,0.0
1776462983.63,payment,otel-demo.payment-f9f8d647b-74h8z.payment,error_ratio,trace_server_error_ratio,0.0
1776462983.63,payment,otel-demo.payment-f9f8d647b-74h8z.payment,request_count,trace_server_count,0.0
1776462983.63,payment,otel-demo.payment-f9f8d647b-75hmx.payment,dependency_error_ratio,trace_client_error_ratio,0.0
1776462983.63,payment,otel-demo.payment-f9f8d647b-75hmx.payment,error_ratio,trace_server_error_ratio,0.0
1776462983.63,payment,otel-demo.payment-f9f8d647b-75hmx.payment,request_count,trace_server_count,0.0
1776462983.63,payment,otel-demo.payment-f9f8d647b-tv6l5.payment,dependency_error_ratio,trace_client_error_ratio,0.0
1776462983.63,payment,otel-demo.payment-f9f8d647b-tv6l5.payment,error_ratio,trace_server_error_ratio,0.0
1776462983.63,payment,otel-demo.payment-f9f8d647b-tv6l5.payment,request_count,trace_server_count,0.0
1776462983.63,payment,payment-f9f8d647b-74h8z,cpu_usage,container_cpu_usage,0.010799655658161936
1776462983.63,payment,payment-f9f8d647b-74h8z,memory_usage,container_memory_working_set_bytes,109322240.0
1776462983.63,payment,payment-f9f8d647b-75hmx,cpu_usage,container_cpu_usage,0.015144959478384177
1776462983.63,payment,payment-f9f8d647b-75hmx,memory_usage,container_memory_working_set_bytes,109568000.0
1776462983.63,payment,payment-f9f8d647b-tv6l5,cpu_usage,container_cpu_usage,0.008016678447930045
1776462983.63,payment,payment-f9f8d647b-tv6l5,memory_usage,container_memory_working_set_bytes,101027840.0
1776462983.63,payment,payment::service,pod_restart_count,k8s_container_restarts,39.0
1776462983.63,payment,payment::service,pod_running_count,k8s_container_ready,3.0
1776462983.63,product-catalog,otel-demo.product-catalog-784544475c-7crs7.product-catalog,dependency_error_ratio,trace_client_error_ratio,0.0
1776462983.63,product-catalog,otel-demo.product-catalog-784544475c-7crs7.product-catalog,error_ratio,trace_server_error_ratio,0.0
1776462983.63,product-catalog,otel-demo.product-catalog-784544475c-7crs7.product-catalog,request_count,trace_server_count,0.0
1776462983.63,product-catalog,otel-demo.product-catalog-784544475c-8skc7.product-catalog,dependency_error_ratio,trace_client_error_ratio,0.0
1776462983.63,product-catalog,otel-demo.product-catalog-784544475c-8skc7.product-catalog,error_ratio,trace_server_error_ratio,0.0
1776462983.63,product-catalog,otel-demo.product-catalog-784544475c-8skc7.product-catalog,request_count,trace_server_count,0.0
1776462983.63,product-catalog,otel-demo.product-catalog-784544475c-stwzc.product-catalog,dependency_error_ratio,trace_client_error_ratio,0.0
1776462983.63,product-catalog,otel-demo.product-catalog-784544475c-stwzc.product-catalog,error_ratio,trace_server_error_ratio,0.0
1776462983.63,product-catalog,otel-demo.product-catalog-784544475c-stwzc.product-catalog,request_count,trace_server_count,0.0
1776462983.63,product-catalog,product-catalog-784544475c-7crs7,cpu_usage,container_cpu_usage,0.025961449999999966
1776462983.63,product-catalog,product-catalog-784544475c-7crs7,memory_usage,container_memory_working_set_bytes,15396864.0
1776462983.63,product-catalog,product-catalog-784544475c-8skc7,cpu_usage,container_cpu_usage,0.0751829446943476
1776462983.63,product-catalog,product-catalog-784544475c-8skc7,memory_usage,container_memory_working_set_bytes,15765504.0
1776462983.63,product-catalog,product-catalog-784544475c-stwzc,cpu_usage,container_cpu_usage,0.00045077463743008347
1776462983.63,product-catalog,product-catalog-784544475c-stwzc,memory_usage,container_memory_working_set_bytes,13049856.0
1776462983.63,product-catalog,product-catalog::service,pod_restart_count,k8s_container_restarts,37.0
1776462983.63,product-catalog,product-catalog::service,pod_running_count,k8s_container_ready,3.0
1776462983.63,recommendation,otel-demo.recommendation-5b46f7469c-g2rgb.recommendation,dependency_error_ratio,trace_client_error_ratio,0.0
1776462983.63,recommendation,otel-demo.recommendation-5b46f7469c-rjwxq.recommendation,dependency_error_ratio,trace_client_error_ratio,0.0
1776462983.63,recommendation,otel-demo.recommendation-5b46f7469c-rjwxq.recommendation,error_ratio,trace_server_error_ratio,0.0
1776462983.63,recommendation,otel-demo.recommendation-5b46f7469c-rjwxq.recommendation,request_count,trace_server_count,0.0
1776462983.63,recommendation,otel-demo.recommendation-5b46f7469c-t2fm9.recommendation,dependency_error_ratio,trace_client_error_ratio,0.0
1776462983.63,recommendation,otel-demo.recommendation-5b46f7469c-t2fm9.recommendation,error_ratio,trace_server_error_ratio,0.0
1776462983.63,recommendation,otel-demo.recommendation-5b46f7469c-t2fm9.recommendation,request_count,trace_server_count,0.0
1776462983.63,recommendation,recommendation-5b46f7469c-g2rgb,cpu_usage,container_cpu_usage,0.005961130766424916
1776462983.63,recommendation,recommendation-5b46f7469c-g2rgb,memory_usage,container_memory_working_set_bytes,46886912.0
1776462983.63,recommendation,recommendation-5b46f7469c-rjwxq,cpu_usage,container_cpu_usage,0.02509947715745933
1776462983.63,recommendation,recommendation-5b46f7469c-rjwxq,memory_usage,container_memory_working_set_bytes,47865856.0
1776462983.63,recommendation,recommendation-5b46f7469c-t2fm9,cpu_usage,container_cpu_usage,0.027371798496067676
1776462983.63,recommendation,recommendation-5b46f7469c-t2fm9,memory_usage,container_memory_working_set_bytes,52518912.0
1776462983.63,recommendation,recommendation::service,pod_restart_count,k8s_container_restarts,3.0
1776462983.63,recommendation,recommendation::service,pod_running_count,k8s_container_ready,3.0
1776462993.63,ad,3a8b9295-6ae2-4e8a-b9b0-a607d7fec0a4,dependency_error_ratio,trace_client_error_ratio,0.0
1776462993.63,ad,3a8b9295-6ae2-4e8a-b9b0-a607d7fec0a4,error_ratio,trace_server_error_ratio,0.0
1776462993.63,ad,3a8b9295-6ae2-4e8a-b9b0-a607d7fec0a4,request_count,trace_server_count,0.0
1776462993.63,ad,5680c7ee-584c-4353-b6d2-93bc605a0324,dependency_error_ratio,trace_client_error_ratio,0.0
1776462993.63,ad,5680c7ee-584c-4353-b6d2-93bc605a0324,error_ratio,trace_server_error_ratio,0.0
1776462993.63,ad,5680c7ee-584c-4353-b6d2-93bc605a0324,request_count,trace_server_count,0.0
1776462993.63,ad,9f9a3c1c-bd3f-40ea-8764-b59f1ebd2204,dependency_error_ratio,trace_client_error_ratio,0.0
1776462993.63,ad,ad-7fb5b4f859-52ks9,cpu_usage,container_cpu_usage,0.0029286805714738764
1776462993.63,ad,ad-7fb5b4f859-52ks9,memory_usage,container_memory_working_set_bytes,260497408.0
1776462993.63,ad,ad-7fb5b4f859-rd4zw,cpu_usage,container_cpu_usage,0.0019312345122826547
1776462993.63,ad,ad-7fb5b4f859-rd4zw,memory_usage,container_memory_working_set_bytes,238800896.0
1776462993.63,ad,ad-7fb5b4f859-zsstr,cpu_usage,container_cpu_usage,0.0031139185515799287
1776462993.63,ad,ad-7fb5b4f859-zsstr,memory_usage,container_memory_working_set_bytes,262045696.0
1776462993.63,ad,ad::service,pod_restart_count,k8s_container_restarts,3.0
1776462993.63,ad,ad::service,pod_running_count,k8s_container_ready,3.0
1776462993.63,cart,cart-7c7496d7f-th7mc,cpu_usage,container_cpu_usage,0.051622351023365515
1776462993.63,cart,cart-7c7496d7f-th7mc,memory_usage,container_memory_working_set_bytes,62967808.0
1776462993.63,cart,cart::service,pod_restart_count,k8s_container_restarts,1.0
1776462993.63,cart,cart::service,pod_running_count,k8s_container_ready,1.0
1776462993.63,cart,f1f3afac-3031-4c18-925a-048232421d89,dependency_error_ratio,trace_client_error_ratio,0.0
1776462993.63,cart,f1f3afac-3031-4c18-925a-048232421d89,error_ratio,trace_server_error_ratio,0.0
1776462993.63,cart,f1f3afac-3031-4c18-925a-048232421d89,request_count,trace_server_count,0.0
1776462993.63,checkout,4755bdbd-5ad9-49fa-acb7-3a7dcb6a9277,dependency_error_ratio,trace_client_error_ratio,0.0
1776462993.63,checkout,4755bdbd-5ad9-49fa-acb7-3a7dcb6a9277,error_ratio,trace_server_error_ratio,0.0
1776462993.63,checkout,4755bdbd-5ad9-49fa-acb7-3a7dcb6a9277,request_count,trace_server_count,0.0
1776462993.63,checkout,bb49e6b9-109a-41b8-be66-ab2a38272474,dependency_error_ratio,trace_client_error_ratio,0.0
1776462993.63,checkout,bb49e6b9-109a-41b8-be66-ab2a38272474,error_ratio,trace_server_error_ratio,0.0
1776462993.63,checkout,bb49e6b9-109a-41b8-be66-ab2a38272474,request_count,trace_server_count,0.0
1776462993.63,checkout,bc5804df-6f63-4261-8788-8ecfe5481366,dependency_error_ratio,trace_client_error_ratio,0.0
1776462993.63,checkout,bc5804df-6f63-4261-8788-8ecfe5481366,error_ratio,trace_server_error_ratio,0.0
1776462993.63,checkout,bc5804df-6f63-4261-8788-8ecfe5481366,request_count,trace_server_count,0.0
1776462993.63,checkout,checkout-7f4ccfc547-6crwh,cpu_usage,container_cpu_usage,0.12817531339499524
1776462993.63,checkout,checkout-7f4ccfc547-6crwh,memory_usage,container_memory_working_set_bytes,15572992.0
1776462993.63,checkout,checkout-7f4ccfc547-ftx2n,cpu_usage,container_cpu_usage,0.0005218318915127413
1776462993.63,checkout,checkout-7f4ccfc547-ftx2n,memory_usage,container_memory_working_set_bytes,12206080.0
1776462993.63,checkout,checkout-7f4ccfc547-qlfgr,cpu_usage,container_cpu_usage,0.040033852663973635
1776462993.63,checkout,checkout-7f4ccfc547-qlfgr,memory_usage,container_memory_working_set_bytes,14688256.0
1776462993.63,checkout,checkout::service,pod_restart_count,k8s_container_restarts,45.0
1776462993.63,checkout,checkout::service,pod_running_count,k8s_container_ready,3.0
1776462993.63,email,email-5dcf48b665-66zvj,cpu_usage,container_cpu_usage,0.009873379810462829
1776462993.63,email,email-5dcf48b665-66zvj,memory_usage,container_memory_working_set_bytes,59817984.0
1776462993.63,email,email-5dcf48b665-9xxmx,cpu_usage,container_cpu_usage,0.0006799198973449739
1776462993.63,email,email-5dcf48b665-9xxmx,memory_usage,container_memory_working_set_bytes,56700928.0
1776462993.63,email,email-5dcf48b665-n4zf2,cpu_usage,container_cpu_usage,0.007281979929387993
1776462993.63,email,email-5dcf48b665-n4zf2,memory_usage,container_memory_working_set_bytes,54628352.0
1776462993.63,email,email::service,pod_restart_count,k8s_container_restarts,9.0
1776462993.63,email,email::service,pod_running_count,k8s_container_ready,3.0
1776462993.63,email,otel-demo.email-5dcf48b665-66zvj.email,error_ratio,trace_server_error_ratio,0.0
1776462993.63,email,otel-demo.email-5dcf48b665-66zvj.email,request_count,trace_server_count,0.0
1776462993.63,email,otel-demo.email-5dcf48b665-9xxmx.email,error_ratio,trace_server_error_ratio,0.0
1776462993.63,email,otel-demo.email-5dcf48b665-9xxmx.email,request_count,trace_server_count,0.0
1776462993.63,email,otel-demo.email-5dcf48b665-n4zf2.email,error_ratio,trace_server_error_ratio,0.0
1776462993.63,email,otel-demo.email-5dcf48b665-n4zf2.email,request_count,trace_server_count,0.0
1776462993.63,frontend,frontend-b78bf7696-6bjdg,cpu_usage,container_cpu_usage,2.4077070014543596
1776462993.63,frontend,frontend-b78bf7696-6bjdg,memory_usage,container_memory_working_set_bytes,122671104.0
1776462993.63,frontend,frontend-b78bf7696-77ldd,cpu_usage,container_cpu_usage,2.2267980254154667
1776462993.63,frontend,frontend-b78bf7696-77ldd,memory_usage,container_memory_working_set_bytes,111202304.0
1776462993.63,frontend,frontend-b78bf7696-p9kqx,cpu_usage,container_cpu_usage,2.3395120099623994
1776462993.63,frontend,frontend-b78bf7696-p9kqx,memory_usage,container_memory_working_set_bytes,122691584.0
1776462993.63,frontend,frontend::service,pod_restart_count,k8s_container_restarts,3.0
1776462993.63,frontend,frontend::service,pod_running_count,k8s_container_ready,3.0
1776462993.63,frontend,otel-demo.frontend-b78bf7696-6bjdg.frontend,dependency_error_ratio,trace_client_error_ratio,0.0
1776462993.63,frontend,otel-demo.frontend-b78bf7696-6bjdg.frontend,error_ratio,trace_server_error_ratio,0.0
1776462993.63,frontend,otel-demo.frontend-b78bf7696-6bjdg.frontend,http_5xx_ratio,http_server_5xx_ratio,0.0
1776462993.63,frontend,otel-demo.frontend-b78bf7696-6bjdg.frontend,request_count,trace_server_count,0.0
1776462993.63,frontend,otel-demo.frontend-b78bf7696-77ldd.frontend,dependency_error_ratio,trace_client_error_ratio,0.0
1776462993.63,frontend,otel-demo.frontend-b78bf7696-77ldd.frontend,error_ratio,trace_server_error_ratio,0.0
1776462993.63,frontend,otel-demo.frontend-b78bf7696-77ldd.frontend,http_5xx_ratio,http_server_5xx_ratio,0.0
1776462993.63,frontend,otel-demo.frontend-b78bf7696-77ldd.frontend,request_count,trace_server_count,0.0
1776462993.63,frontend,otel-demo.frontend-b78bf7696-p9kqx.frontend,dependency_error_ratio,trace_client_error_ratio,0.0
1776462993.63,frontend,otel-demo.frontend-b78bf7696-p9kqx.frontend,error_ratio,trace_server_error_ratio,0.0
1776462993.63,frontend,otel-demo.frontend-b78bf7696-p9kqx.frontend,http_5xx_ratio,http_server_5xx_ratio,0.0
1776462993.63,frontend,otel-demo.frontend-b78bf7696-p9kqx.frontend,request_count,trace_server_count,0.0
1776462993.63,kafka,kafka-66df8bdf76-zjcbb,cpu_usage,container_cpu_usage,0.018441884044612885
1776462993.63,kafka,kafka-66df8bdf76-zjcbb,memory_usage,container_memory_working_set_bytes,666796032.0
1776462993.63,kafka,kafka::service,pod_restart_count,k8s_container_restarts,9.0
1776462993.63,kafka,kafka::service,pod_running_count,k8s_container_ready,1.0
1776462993.63,kafka,kafka::service,queue_lag,queue_size_ratio,0.0
1776462993.63,payment,otel-demo.payment-f9f8d647b-74h8z.payment,dependency_error_ratio,trace_client_error_ratio,0.0
1776462993.63,payment,otel-demo.payment-f9f8d647b-74h8z.payment,error_ratio,trace_server_error_ratio,0.0
1776462993.63,payment,otel-demo.payment-f9f8d647b-74h8z.payment,request_count,trace_server_count,0.0
1776462993.63,payment,otel-demo.payment-f9f8d647b-75hmx.payment,dependency_error_ratio,trace_client_error_ratio,0.0
1776462993.63,payment,otel-demo.payment-f9f8d647b-75hmx.payment,error_ratio,trace_server_error_ratio,0.0
1776462993.63,payment,otel-demo.payment-f9f8d647b-75hmx.payment,request_count,trace_server_count,0.0
1776462993.63,payment,otel-demo.payment-f9f8d647b-tv6l5.payment,dependency_error_ratio,trace_client_error_ratio,0.0
1776462993.63,payment,otel-demo.payment-f9f8d647b-tv6l5.payment,error_ratio,trace_server_error_ratio,0.0
1776462993.63,payment,otel-demo.payment-f9f8d647b-tv6l5.payment,request_count,trace_server_count,0.0
1776462993.63,payment,payment-f9f8d647b-74h8z,cpu_usage,container_cpu_usage,0.010059520182013585
1776462993.63,payment,payment-f9f8d647b-74h8z,memory_usage,container_memory_working_set_bytes,109322240.0
1776462993.63,payment,payment-f9f8d647b-75hmx,cpu_usage,container_cpu_usage,0.015144959478384177
1776462993.63,payment,payment-f9f8d647b-75hmx,memory_usage,container_memory_working_set_bytes,109568000.0
1776462993.63,payment,payment-f9f8d647b-tv6l5,cpu_usage,container_cpu_usage,0.0077652761917557465
1776462993.63,payment,payment-f9f8d647b-tv6l5,memory_usage,container_memory_working_set_bytes,101027840.0
1776462993.63,payment,payment::service,pod_restart_count,k8s_container_restarts,39.0
1776462993.63,payment,payment::service,pod_running_count,k8s_container_ready,3.0
1776462993.63,product-catalog,otel-demo.product-catalog-784544475c-7crs7.product-catalog,dependency_error_ratio,trace_client_error_ratio,0.0
1776462993.63,product-catalog,otel-demo.product-catalog-784544475c-7crs7.product-catalog,error_ratio,trace_server_error_ratio,0.0
1776462993.63,product-catalog,otel-demo.product-catalog-784544475c-7crs7.product-catalog,request_count,trace_server_count,0.0
1776462993.63,product-catalog,otel-demo.product-catalog-784544475c-8skc7.product-catalog,dependency_error_ratio,trace_client_error_ratio,0.0
1776462993.63,product-catalog,otel-demo.product-catalog-784544475c-8skc7.product-catalog,error_ratio,trace_server_error_ratio,0.0
1776462993.63,product-catalog,otel-demo.product-catalog-784544475c-8skc7.product-catalog,request_count,trace_server_count,0.0
1776462993.63,product-catalog,otel-demo.product-catalog-784544475c-stwzc.product-catalog,dependency_error_ratio,trace_client_error_ratio,0.0
1776462993.63,product-catalog,otel-demo.product-catalog-784544475c-stwzc.product-catalog,error_ratio,trace_server_error_ratio,0.0
1776462993.63,product-catalog,otel-demo.product-catalog-784544475c-stwzc.product-catalog,request_count,trace_server_count,0.0
1776462993.63,product-catalog,product-catalog-784544475c-7crs7,cpu_usage,container_cpu_usage,0.03542547228343411
1776462993.63,product-catalog,product-catalog-784544475c-7crs7,memory_usage,container_memory_working_set_bytes,15122432.0
1776462993.63,product-catalog,product-catalog-784544475c-8skc7,cpu_usage,container_cpu_usage,0.07724482881111269
1776462993.63,product-catalog,product-catalog-784544475c-8skc7,memory_usage,container_memory_working_set_bytes,15765504.0
1776462993.63,product-catalog,product-catalog-784544475c-stwzc,cpu_usage,container_cpu_usage,0.0004822739340933935
1776462993.63,product-catalog,product-catalog-784544475c-stwzc,memory_usage,container_memory_working_set_bytes,13049856.0
1776462993.63,product-catalog,product-catalog::service,pod_restart_count,k8s_container_restarts,37.0
1776462993.63,product-catalog,product-catalog::service,pod_running_count,k8s_container_ready,3.0
1776462993.63,recommendation,otel-demo.recommendation-5b46f7469c-g2rgb.recommendation,dependency_error_ratio,trace_client_error_ratio,0.0
1776462993.63,recommendation,otel-demo.recommendation-5b46f7469c-rjwxq.recommendation,dependency_error_ratio,trace_client_error_ratio,0.0
1776462993.63,recommendation,otel-demo.recommendation-5b46f7469c-rjwxq.recommendation,error_ratio,trace_server_error_ratio,0.0
1776462993.63,recommendation,otel-demo.recommendation-5b46f7469c-rjwxq.recommendation,request_count,trace_server_count,0.0
1776462993.63,recommendation,otel-demo.recommendation-5b46f7469c-t2fm9.recommendation,dependency_error_ratio,trace_client_error_ratio,0.0
1776462993.63,recommendation,otel-demo.recommendation-5b46f7469c-t2fm9.recommendation,error_ratio,trace_server_error_ratio,0.0
1776462993.63,recommendation,otel-demo.recommendation-5b46f7469c-t2fm9.recommendation,request_count,trace_server_count,0.0
1776462993.63,recommendation,recommendation-5b46f7469c-g2rgb,cpu_usage,container_cpu_usage,0.019411173184356426
1776462993.63,recommendation,recommendation-5b46f7469c-g2rgb,memory_usage,container_memory_working_set_bytes,46891008.0
1776462993.63,recommendation,recommendation-5b46f7469c-rjwxq,cpu_usage,container_cpu_usage,0.02134124861767658
1776462993.63,recommendation,recommendation-5b46f7469c-rjwxq,memory_usage,container_memory_working_set_bytes,47865856.0
1776462993.63,recommendation,recommendation-5b46f7469c-t2fm9,cpu_usage,container_cpu_usage,0.03605710460890849
1776462993.63,recommendation,recommendation-5b46f7469c-t2fm9,memory_usage,container_memory_working_set_bytes,52658176.0
1776462993.63,recommendation,recommendation::service,pod_restart_count,k8s_container_restarts,3.0
1776462993.63,recommendation,recommendation::service,pod_running_count,k8s_container_ready,3.0
1776463003.63,ad,3a8b9295-6ae2-4e8a-b9b0-a607d7fec0a4,dependency_error_ratio,trace_client_error_ratio,0.0
1776463003.63,ad,3a8b9295-6ae2-4e8a-b9b0-a607d7fec0a4,error_ratio,trace_server_error_ratio,0.0
1776463003.63,ad,3a8b9295-6ae2-4e8a-b9b0-a607d7fec0a4,request_count,trace_server_count,0.0
1776463003.63,ad,5680c7ee-584c-4353-b6d2-93bc605a0324,dependency_error_ratio,trace_client_error_ratio,0.0
1776463003.63,ad,5680c7ee-584c-4353-b6d2-93bc605a0324,error_ratio,trace_server_error_ratio,0.0
1776463003.63,ad,5680c7ee-584c-4353-b6d2-93bc605a0324,request_count,trace_server_count,0.0
1776463003.63,ad,9f9a3c1c-bd3f-40ea-8764-b59f1ebd2204,dependency_error_ratio,trace_client_error_ratio,0.0
1776463003.63,ad,ad-7fb5b4f859-52ks9,cpu_usage,container_cpu_usage,0.0028344596603176544
1776463003.63,ad,ad-7fb5b4f859-52ks9,memory_usage,container_memory_working_set_bytes,260493312.0
1776463003.63,ad,ad-7fb5b4f859-rd4zw,cpu_usage,container_cpu_usage,0.0022699324809668715
1776463003.63,ad,ad-7fb5b4f859-rd4zw,memory_usage,container_memory_working_set_bytes,238800896.0
1776463003.63,ad,ad-7fb5b4f859-zsstr,cpu_usage,container_cpu_usage,0.004010649688895953
1776463003.63,ad,ad-7fb5b4f859-zsstr,memory_usage,container_memory_working_set_bytes,262045696.0
1776463003.63,ad,ad::service,pod_restart_count,k8s_container_restarts,3.0
1776463003.63,ad,ad::service,pod_running_count,k8s_container_ready,3.0
1776463003.63,cart,cart-7c7496d7f-th7mc,cpu_usage,container_cpu_usage,0.04412221776501339
1776463003.63,cart,cart-7c7496d7f-th7mc,memory_usage,container_memory_working_set_bytes,62967808.0
1776463003.63,cart,cart::service,pod_restart_count,k8s_container_restarts,1.0
1776463003.63,cart,cart::service,pod_running_count,k8s_container_ready,1.0
1776463003.63,cart,f1f3afac-3031-4c18-925a-048232421d89,dependency_error_ratio,trace_client_error_ratio,0.0
1776463003.63,cart,f1f3afac-3031-4c18-925a-048232421d89,error_ratio,trace_server_error_ratio,0.0
1776463003.63,cart,f1f3afac-3031-4c18-925a-048232421d89,request_count,trace_server_count,0.0
1776463003.63,checkout,4755bdbd-5ad9-49fa-acb7-3a7dcb6a9277,dependency_error_ratio,trace_client_error_ratio,0.0
1776463003.63,checkout,4755bdbd-5ad9-49fa-acb7-3a7dcb6a9277,error_ratio,trace_server_error_ratio,0.0
1776463003.63,checkout,4755bdbd-5ad9-49fa-acb7-3a7dcb6a9277,request_count,trace_server_count,0.0
1776463003.63,checkout,bb49e6b9-109a-41b8-be66-ab2a38272474,dependency_error_ratio,trace_client_error_ratio,0.0
1776463003.63,checkout,bb49e6b9-109a-41b8-be66-ab2a38272474,error_ratio,trace_server_error_ratio,0.0
1776463003.63,checkout,bb49e6b9-109a-41b8-be66-ab2a38272474,request_count,trace_server_count,0.0
1776463003.63,checkout,bc5804df-6f63-4261-8788-8ecfe5481366,dependency_error_ratio,trace_client_error_ratio,0.0
1776463003.63,checkout,bc5804df-6f63-4261-8788-8ecfe5481366,error_ratio,trace_server_error_ratio,0.0
1776463003.63,checkout,bc5804df-6f63-4261-8788-8ecfe5481366,request_count,trace_server_count,0.0
1776463003.63,checkout,checkout-7f4ccfc547-6crwh,cpu_usage,container_cpu_usage,0.13548320184618887
1776463003.63,checkout,checkout-7f4ccfc547-6crwh,memory_usage,container_memory_working_set_bytes,16408576.0
1776463003.63,checkout,checkout-7f4ccfc547-ftx2n,cpu_usage,container_cpu_usage,0.0004904068840964698
1776463003.63,checkout,checkout-7f4ccfc547-ftx2n,memory_usage,container_memory_working_set_bytes,12206080.0
1776463003.63,checkout,checkout-7f4ccfc547-qlfgr,cpu_usage,container_cpu_usage,0.05135447291054196
1776463003.63,checkout,checkout-7f4ccfc547-qlfgr,memory_usage,container_memory_working_set_bytes,15187968.0
1776463003.63,checkout,checkout::service,pod_restart_count,k8s_container_restarts,45.0
1776463003.63,checkout,checkout::service,pod_running_count,k8s_container_ready,3.0
1776463003.63,email,email-5dcf48b665-66zvj,cpu_usage,container_cpu_usage,0.009615658026978089
1776463003.63,email,email-5dcf48b665-66zvj,memory_usage,container_memory_working_set_bytes,59817984.0
1776463003.63,email,email-5dcf48b665-9xxmx,cpu_usage,container_cpu_usage,0.0008087104519347068
1776463003.63,email,email-5dcf48b665-9xxmx,memory_usage,container_memory_working_set_bytes,56700928.0
1776463003.63,email,email-5dcf48b665-n4zf2,cpu_usage,container_cpu_usage,0.008066889407122097
1776463003.63,email,email-5dcf48b665-n4zf2,memory_usage,container_memory_working_set_bytes,54628352.0
1776463003.63,email,email::service,pod_restart_count,k8s_container_restarts,9.0
1776463003.63,email,email::service,pod_running_count,k8s_container_ready,3.0
1776463003.63,email,otel-demo.email-5dcf48b665-66zvj.email,error_ratio,trace_server_error_ratio,0.0
1776463003.63,email,otel-demo.email-5dcf48b665-66zvj.email,request_count,trace_server_count,0.0
1776463003.63,email,otel-demo.email-5dcf48b665-9xxmx.email,error_ratio,trace_server_error_ratio,0.0
1776463003.63,email,otel-demo.email-5dcf48b665-9xxmx.email,request_count,trace_server_count,0.0
1776463003.63,email,otel-demo.email-5dcf48b665-n4zf2.email,error_ratio,trace_server_error_ratio,0.0
1776463003.63,email,otel-demo.email-5dcf48b665-n4zf2.email,request_count,trace_server_count,0.0
1776463003.63,frontend,frontend-b78bf7696-6bjdg,cpu_usage,container_cpu_usage,2.5728131052913037
1776463003.63,frontend,frontend-b78bf7696-6bjdg,memory_usage,container_memory_working_set_bytes,123064320.0
1776463003.63,frontend,frontend-b78bf7696-77ldd,cpu_usage,container_cpu_usage,2.6106074188217203
1776463003.63,frontend,frontend-b78bf7696-77ldd,memory_usage,container_memory_working_set_bytes,110702592.0
1776463003.63,frontend,frontend-b78bf7696-p9kqx,cpu_usage,container_cpu_usage,2.6375131888333074
1776463003.63,frontend,frontend-b78bf7696-p9kqx,memory_usage,container_memory_working_set_bytes,122163200.0
1776463003.63,frontend,frontend::service,pod_restart_count,k8s_container_restarts,3.0
1776463003.63,frontend,frontend::service,pod_running_count,k8s_container_ready,3.0
1776463003.63,frontend,otel-demo.frontend-b78bf7696-6bjdg.frontend,dependency_error_ratio,trace_client_error_ratio,0.0
1776463003.63,frontend,otel-demo.frontend-b78bf7696-6bjdg.frontend,error_ratio,trace_server_error_ratio,0.0
1776463003.63,frontend,otel-demo.frontend-b78bf7696-6bjdg.frontend,http_5xx_ratio,http_server_5xx_ratio,0.0
1776463003.63,frontend,otel-demo.frontend-b78bf7696-6bjdg.frontend,request_count,trace_server_count,0.0
1776463003.63,frontend,otel-demo.frontend-b78bf7696-77ldd.frontend,dependency_error_ratio,trace_client_error_ratio,0.0
1776463003.63,frontend,otel-demo.frontend-b78bf7696-77ldd.frontend,error_ratio,trace_server_error_ratio,0.0
1776463003.63,frontend,otel-demo.frontend-b78bf7696-77ldd.frontend,http_5xx_ratio,http_server_5xx_ratio,0.0
1776463003.63,frontend,otel-demo.frontend-b78bf7696-77ldd.frontend,request_count,trace_server_count,0.0
1776463003.63,frontend,otel-demo.frontend-b78bf7696-p9kqx.frontend,dependency_error_ratio,trace_client_error_ratio,0.0
1776463003.63,frontend,otel-demo.frontend-b78bf7696-p9kqx.frontend,error_ratio,trace_server_error_ratio,0.0
1776463003.63,frontend,otel-demo.frontend-b78bf7696-p9kqx.frontend,http_5xx_ratio,http_server_5xx_ratio,0.0
1776463003.63,frontend,otel-demo.frontend-b78bf7696-p9kqx.frontend,request_count,trace_server_count,0.0
1776463003.63,kafka,kafka-66df8bdf76-zjcbb,cpu_usage,container_cpu_usage,0.0173687776909047
1776463003.63,kafka,kafka-66df8bdf76-zjcbb,memory_usage,container_memory_working_set_bytes,666836992.0
1776463003.63,kafka,kafka::service,pod_restart_count,k8s_container_restarts,9.0
1776463003.63,kafka,kafka::service,pod_running_count,k8s_container_ready,1.0
1776463003.63,kafka,kafka::service,queue_lag,queue_size_ratio,0.0
1776463003.63,payment,otel-demo.payment-f9f8d647b-74h8z.payment,dependency_error_ratio,trace_client_error_ratio,0.0
1776463003.63,payment,otel-demo.payment-f9f8d647b-74h8z.payment,error_ratio,trace_server_error_ratio,0.0
1776463003.63,payment,otel-demo.payment-f9f8d647b-74h8z.payment,request_count,trace_server_count,0.0
1776463003.63,payment,otel-demo.payment-f9f8d647b-75hmx.payment,dependency_error_ratio,trace_client_error_ratio,0.0
1776463003.63,payment,otel-demo.payment-f9f8d647b-75hmx.payment,error_ratio,trace_server_error_ratio,0.0
1776463003.63,payment,otel-demo.payment-f9f8d647b-75hmx.payment,request_count,trace_server_count,0.0
1776463003.63,payment,otel-demo.payment-f9f8d647b-tv6l5.payment,dependency_error_ratio,trace_client_error_ratio,0.0
1776463003.63,payment,otel-demo.payment-f9f8d647b-tv6l5.payment,error_ratio,trace_server_error_ratio,0.0
1776463003.63,payment,otel-demo.payment-f9f8d647b-tv6l5.payment,request_count,trace_server_count,0.0
1776463003.63,payment,payment-f9f8d647b-74h8z,cpu_usage,container_cpu_usage,0.009350170317199043
1776463003.63,payment,payment-f9f8d647b-74h8z,memory_usage,container_memory_working_set_bytes,109322240.0
1776463003.63,payment,payment-f9f8d647b-75hmx,cpu_usage,container_cpu_usage,0.016025801875291536
1776463003.63,payment,payment-f9f8d647b-75hmx,memory_usage,container_memory_working_set_bytes,109568000.0
1776463003.63,payment,payment-f9f8d647b-tv6l5,cpu_usage,container_cpu_usage,0.007765276191755745
1776463003.63,payment,payment-f9f8d647b-tv6l5,memory_usage,container_memory_working_set_bytes,101027840.0
1776463003.63,payment,payment::service,pod_restart_count,k8s_container_restarts,39.0
1776463003.63,payment,payment::service,pod_running_count,k8s_container_ready,3.0
1776463003.63,product-catalog,otel-demo.product-catalog-784544475c-7crs7.product-catalog,dependency_error_ratio,trace_client_error_ratio,0.0
1776463003.63,product-catalog,otel-demo.product-catalog-784544475c-7crs7.product-catalog,error_ratio,trace_server_error_ratio,0.0
1776463003.63,product-catalog,otel-demo.product-catalog-784544475c-7crs7.product-catalog,request_count,trace_server_count,0.0
1776463003.63,product-catalog,otel-demo.product-catalog-784544475c-8skc7.product-catalog,dependency_error_ratio,trace_client_error_ratio,0.0
1776463003.63,product-catalog,otel-demo.product-catalog-784544475c-8skc7.product-catalog,error_ratio,trace_server_error_ratio,0.0
1776463003.63,product-catalog,otel-demo.product-catalog-784544475c-8skc7.product-catalog,request_count,trace_server_count,0.0
1776463003.63,product-catalog,otel-demo.product-catalog-784544475c-stwzc.product-catalog,dependency_error_ratio,trace_client_error_ratio,0.0
1776463003.63,product-catalog,otel-demo.product-catalog-784544475c-stwzc.product-catalog,error_ratio,trace_server_error_ratio,0.0
1776463003.63,product-catalog,otel-demo.product-catalog-784544475c-stwzc.product-catalog,request_count,trace_server_count,0.0
1776463003.63,product-catalog,product-catalog-784544475c-7crs7,cpu_usage,container_cpu_usage,0.034979334789075535
1776463003.63,product-catalog,product-catalog-784544475c-7crs7,memory_usage,container_memory_working_set_bytes,15122432.0
1776463003.63,product-catalog,product-catalog-784544475c-8skc7,cpu_usage,container_cpu_usage,0.10746364702160482
1776463003.63,product-catalog,product-catalog-784544475c-8skc7,memory_usage,container_memory_working_set_bytes,15810560.0
1776463003.63,product-catalog,product-catalog-784544475c-stwzc,cpu_usage,container_cpu_usage,0.00041854214964199995
1776463003.63,product-catalog,product-catalog-784544475c-stwzc,memory_usage,container_memory_working_set_bytes,13049856.0
1776463003.63,product-catalog,product-catalog::service,pod_restart_count,k8s_container_restarts,37.0
1776463003.63,product-catalog,product-catalog::service,pod_running_count,k8s_container_ready,3.0
1776463003.63,recommendation,otel-demo.recommendation-5b46f7469c-g2rgb.recommendation,dependency_error_ratio,trace_client_error_ratio,0.0
1776463003.63,recommendation,otel-demo.recommendation-5b46f7469c-rjwxq.recommendation,dependency_error_ratio,trace_client_error_ratio,0.0
1776463003.63,recommendation,otel-demo.recommendation-5b46f7469c-rjwxq.recommendation,error_ratio,trace_server_error_ratio,0.0
1776463003.63,recommendation,otel-demo.recommendation-5b46f7469c-rjwxq.recommendation,request_count,trace_server_count,0.0
1776463003.63,recommendation,otel-demo.recommendation-5b46f7469c-t2fm9.recommendation,dependency_error_ratio,trace_client_error_ratio,0.0
1776463003.63,recommendation,otel-demo.recommendation-5b46f7469c-t2fm9.recommendation,error_ratio,trace_server_error_ratio,0.0
1776463003.63,recommendation,otel-demo.recommendation-5b46f7469c-t2fm9.recommendation,request_count,trace_server_count,0.0
1776463003.63,recommendation,recommendation-5b46f7469c-g2rgb,cpu_usage,container_cpu_usage,0.01600863716480355
1776463003.63,recommendation,recommendation-5b46f7469c-g2rgb,memory_usage,container_memory_working_set_bytes,46891008.0
1776463003.63,recommendation,recommendation-5b46f7469c-rjwxq,cpu_usage,container_cpu_usage,0.028057139443182295
1776463003.63,recommendation,recommendation-5b46f7469c-rjwxq,memory_usage,container_memory_working_set_bytes,47865856.0
1776463003.63,recommendation,recommendation-5b46f7469c-t2fm9,cpu_usage,container_cpu_usage,0.04009976130300114
1776463003.63,recommendation,recommendation-5b46f7469c-t2fm9,memory_usage,container_memory_working_set_bytes,52551680.0
1776463003.63,recommendation,recommendation::service,pod_restart_count,k8s_container_restarts,3.0
1776463003.63,recommendation,recommendation::service,pod_running_count,k8s_container_ready,3.0
1776463013.63,ad,3a8b9295-6ae2-4e8a-b9b0-a607d7fec0a4,dependency_error_ratio,trace_client_error_ratio,0.0
1776463013.63,ad,3a8b9295-6ae2-4e8a-b9b0-a607d7fec0a4,error_ratio,trace_server_error_ratio,0.0
1776463013.63,ad,3a8b9295-6ae2-4e8a-b9b0-a607d7fec0a4,request_count,trace_server_count,0.0
1776463013.63,ad,5680c7ee-584c-4353-b6d2-93bc605a0324,dependency_error_ratio,trace_client_error_ratio,0.0
1776463013.63,ad,5680c7ee-584c-4353-b6d2-93bc605a0324,error_ratio,trace_server_error_ratio,0.0
1776463013.63,ad,5680c7ee-584c-4353-b6d2-93bc605a0324,request_count,trace_server_count,0.0
1776463013.63,ad,9f9a3c1c-bd3f-40ea-8764-b59f1ebd2204,dependency_error_ratio,trace_client_error_ratio,0.0
1776463013.63,ad,ad-7fb5b4f859-52ks9,cpu_usage,container_cpu_usage,0.002599057917795198
1776463013.63,ad,ad-7fb5b4f859-52ks9,memory_usage,container_memory_working_set_bytes,260493312.0
1776463013.63,ad,ad-7fb5b4f859-rd4zw,cpu_usage,container_cpu_usage,0.0017955372217251968
1776463013.63,ad,ad-7fb5b4f859-rd4zw,memory_usage,container_memory_working_set_bytes,238800896.0
1776463013.63,ad,ad-7fb5b4f859-zsstr,cpu_usage,container_cpu_usage,0.0036883112308676133
1776463013.63,ad,ad-7fb5b4f859-zsstr,memory_usage,container_memory_working_set_bytes,261947392.0
1776463013.63,ad,ad::service,pod_restart_count,k8s_container_restarts,3.0
1776463013.63,ad,ad::service,pod_running_count,k8s_container_ready,3.0
1776463013.63,cart,cart-7c7496d7f-th7mc,cpu_usage,container_cpu_usage,0.050090329583583136
1776463013.63,cart,cart-7c7496d7f-th7mc,memory_usage,container_memory_working_set_bytes,62971904.0
1776463013.63,cart,cart::service,pod_restart_count,k8s_container_restarts,1.0
1776463013.63,cart,cart::service,pod_running_count,k8s_container_ready,1.0
1776463013.63,cart,f1f3afac-3031-4c18-925a-048232421d89,dependency_error_ratio,trace_client_error_ratio,0.0
1776463013.63,cart,f1f3afac-3031-4c18-925a-048232421d89,error_ratio,trace_server_error_ratio,0.0
1776463013.63,cart,f1f3afac-3031-4c18-925a-048232421d89,request_count,trace_server_count,0.0
1776463013.63,checkout,4755bdbd-5ad9-49fa-acb7-3a7dcb6a9277,dependency_error_ratio,trace_client_error_ratio,0.0
1776463013.63,checkout,4755bdbd-5ad9-49fa-acb7-3a7dcb6a9277,error_ratio,trace_server_error_ratio,0.0
1776463013.63,checkout,4755bdbd-5ad9-49fa-acb7-3a7dcb6a9277,request_count,trace_server_count,0.0
1776463013.63,checkout,bb49e6b9-109a-41b8-be66-ab2a38272474,dependency_error_ratio,trace_client_error_ratio,0.0
1776463013.63,checkout,bb49e6b9-109a-41b8-be66-ab2a38272474,error_ratio,trace_server_error_ratio,0.0
1776463013.63,checkout,bb49e6b9-109a-41b8-be66-ab2a38272474,request_count,trace_server_count,0.0
1776463013.63,checkout,bc5804df-6f63-4261-8788-8ecfe5481366,dependency_error_ratio,trace_client_error_ratio,0.0
1776463013.63,checkout,bc5804df-6f63-4261-8788-8ecfe5481366,error_ratio,trace_server_error_ratio,0.0
1776463013.63,checkout,bc5804df-6f63-4261-8788-8ecfe5481366,request_count,trace_server_count,0.0
1776463013.63,checkout,checkout-7f4ccfc547-6crwh,cpu_usage,container_cpu_usage,0.13548320184618887
1776463013.63,checkout,checkout-7f4ccfc547-6crwh,memory_usage,container_memory_working_set_bytes,16408576.0
1776463013.63,checkout,checkout-7f4ccfc547-ftx2n,cpu_usage,container_cpu_usage,0.0003048672370229119
1776463013.63,checkout,checkout-7f4ccfc547-ftx2n,memory_usage,container_memory_working_set_bytes,12210176.0
1776463013.63,checkout,checkout-7f4ccfc547-qlfgr,cpu_usage,container_cpu_usage,0.05135447291054196
1776463013.63,checkout,checkout-7f4ccfc547-qlfgr,memory_usage,container_memory_working_set_bytes,15187968.0
1776463013.63,checkout,checkout::service,pod_restart_count,k8s_container_restarts,45.0
1776463013.63,checkout,checkout::service,pod_running_count,k8s_container_ready,3.0
1776463013.63,email,email-5dcf48b665-66zvj,cpu_usage,container_cpu_usage,0.00811396454820624
1776463013.63,email,email-5dcf48b665-66zvj,memory_usage,container_memory_working_set_bytes,59670528.0
1776463013.63,email,email-5dcf48b665-9xxmx,cpu_usage,container_cpu_usage,0.0009630875947066849
1776463013.63,email,email-5dcf48b665-9xxmx,memory_usage,container_memory_working_set_bytes,56844288.0
1776463013.63,email,email-5dcf48b665-n4zf2,cpu_usage,container_cpu_usage,0.00881100588451601
1776463013.63,email,email-5dcf48b665-n4zf2,memory_usage,container_memory_working_set_bytes,54566912.0
1776463013.63,email,email::service,pod_restart_count,k8s_container_restarts,9.0
1776463013.63,email,email::service,pod_running_count,k8s_container_ready,3.0
1776463013.63,email,otel-demo.email-5dcf48b665-66zvj.email,error_ratio,trace_server_error_ratio,0.0
1776463013.63,email,otel-demo.email-5dcf48b665-66zvj.email,request_count,trace_server_count,0.0
1776463013.63,email,otel-demo.email-5dcf48b665-9xxmx.email,error_ratio,trace_server_error_ratio,0.0
1776463013.63,email,otel-demo.email-5dcf48b665-9xxmx.email,request_count,trace_server_count,0.0
1776463013.63,email,otel-demo.email-5dcf48b665-n4zf2.email,error_ratio,trace_server_error_ratio,0.0
1776463013.63,email,otel-demo.email-5dcf48b665-n4zf2.email,request_count,trace_server_count,0.0
1776463013.63,frontend,frontend-b78bf7696-6bjdg,cpu_usage,container_cpu_usage,2.651814925670973
1776463013.63,frontend,frontend-b78bf7696-6bjdg,memory_usage,container_memory_working_set_bytes,121675776.0
1776463013.63,frontend,frontend-b78bf7696-77ldd,cpu_usage,container_cpu_usage,2.6106074188217203
1776463013.63,frontend,frontend-b78bf7696-77ldd,memory_usage,container_memory_working_set_bytes,110702592.0
1776463013.63,frontend,frontend-b78bf7696-p9kqx,cpu_usage,container_cpu_usage,2.637513188833308
1776463013.63,frontend,frontend-b78bf7696-p9kqx,memory_usage,container_memory_working_set_bytes,122163200.0
1776463013.63,frontend,frontend::service,pod_restart_count,k8s_container_restarts,3.0
1776463013.63,frontend,frontend::service,pod_running_count,k8s_container_ready,3.0
1776463013.63,frontend,otel-demo.frontend-b78bf7696-6bjdg.frontend,dependency_error_ratio,trace_client_error_ratio,0.0
1776463013.63,frontend,otel-demo.frontend-b78bf7696-6bjdg.frontend,error_ratio,trace_server_error_ratio,0.0
1776463013.63,frontend,otel-demo.frontend-b78bf7696-6bjdg.frontend,http_5xx_ratio,http_server_5xx_ratio,0.0
1776463013.63,frontend,otel-demo.frontend-b78bf7696-6bjdg.frontend,request_count,trace_server_count,0.0
1776463013.63,frontend,otel-demo.frontend-b78bf7696-77ldd.frontend,dependency_error_ratio,trace_client_error_ratio,0.0
1776463013.63,frontend,otel-demo.frontend-b78bf7696-77ldd.frontend,error_ratio,trace_server_error_ratio,0.0
1776463013.63,frontend,otel-demo.frontend-b78bf7696-77ldd.frontend,http_5xx_ratio,http_server_5xx_ratio,0.0
1776463013.63,frontend,otel-demo.frontend-b78bf7696-77ldd.frontend,request_count,trace_server_count,0.0
1776463013.63,frontend,otel-demo.frontend-b78bf7696-p9kqx.frontend,dependency_error_ratio,trace_client_error_ratio,0.0
1776463013.63,frontend,otel-demo.frontend-b78bf7696-p9kqx.frontend,error_ratio,trace_server_error_ratio,0.0
1776463013.63,frontend,otel-demo.frontend-b78bf7696-p9kqx.frontend,http_5xx_ratio,http_server_5xx_ratio,0.0
1776463013.63,frontend,otel-demo.frontend-b78bf7696-p9kqx.frontend,request_count,trace_server_count,0.0
1776463013.63,kafka,kafka-66df8bdf76-zjcbb,cpu_usage,container_cpu_usage,0.01771866144490071
1776463013.63,kafka,kafka-66df8bdf76-zjcbb,memory_usage,container_memory_working_set_bytes,666836992.0
1776463013.63,kafka,kafka::service,pod_restart_count,k8s_container_restarts,9.0
1776463013.63,kafka,kafka::service,pod_running_count,k8s_container_ready,1.0
1776463013.63,kafka,kafka::service,queue_lag,queue_size_ratio,0.0
1776463013.63,payment,otel-demo.payment-f9f8d647b-74h8z.payment,dependency_error_ratio,trace_client_error_ratio,0.0
1776463013.63,payment,otel-demo.payment-f9f8d647b-74h8z.payment,error_ratio,trace_server_error_ratio,0.0
1776463013.63,payment,otel-demo.payment-f9f8d647b-74h8z.payment,request_count,trace_server_count,0.0
1776463013.63,payment,otel-demo.payment-f9f8d647b-75hmx.payment,dependency_error_ratio,trace_client_error_ratio,0.0
1776463013.63,payment,otel-demo.payment-f9f8d647b-75hmx.payment,error_ratio,trace_server_error_ratio,0.0
1776463013.63,payment,otel-demo.payment-f9f8d647b-75hmx.payment,request_count,trace_server_count,0.0
1776463013.63,payment,otel-demo.payment-f9f8d647b-tv6l5.payment,dependency_error_ratio,trace_client_error_ratio,0.0
1776463013.63,payment,otel-demo.payment-f9f8d647b-tv6l5.payment,error_ratio,trace_server_error_ratio,0.0
1776463013.63,payment,otel-demo.payment-f9f8d647b-tv6l5.payment,request_count,trace_server_count,0.0
1776463013.63,payment,payment-f9f8d647b-74h8z,cpu_usage,container_cpu_usage,0.010952702867602441
1776463013.63,payment,payment-f9f8d647b-74h8z,memory_usage,container_memory_working_set_bytes,109322240.0
1776463013.63,payment,payment-f9f8d647b-75hmx,cpu_usage,container_cpu_usage,0.01396806437561617
1776463013.63,payment,payment-f9f8d647b-75hmx,memory_usage,container_memory_working_set_bytes,109572096.0
1776463013.63,payment,payment-f9f8d647b-tv6l5,cpu_usage,container_cpu_usage,0.006682577115366711
1776463013.63,payment,payment-f9f8d647b-tv6l5,memory_usage,container_memory_working_set_bytes,101027840.0
1776463013.63,payment,payment::service,pod_restart_count,k8s_container_restarts,39.0
1776463013.63,payment,payment::service,pod_running_count,k8s_container_ready,3.0
1776463013.63,product-catalog,otel-demo.product-catalog-784544475c-7crs7.product-catalog,dependency_error_ratio,trace_client_error_ratio,0.0
1776463013.63,product-catalog,otel-demo.product-catalog-784544475c-7crs7.product-catalog,error_ratio,trace_server_error_ratio,0.0
1776463013.63,product-catalog,otel-demo.product-catalog-784544475c-7crs7.product-catalog,request_count,trace_server_count,0.0
1776463013.63,product-catalog,otel-demo.product-catalog-784544475c-8skc7.product-catalog,dependency_error_ratio,trace_client_error_ratio,0.0
1776463013.63,product-catalog,otel-demo.product-catalog-784544475c-8skc7.product-catalog,error_ratio,trace_server_error_ratio,0.0
1776463013.63,product-catalog,otel-demo.product-catalog-784544475c-8skc7.product-catalog,request_count,trace_server_count,0.0
1776463013.63,product-catalog,otel-demo.product-catalog-784544475c-stwzc.product-catalog,dependency_error_ratio,trace_client_error_ratio,0.0
1776463013.63,product-catalog,otel-demo.product-catalog-784544475c-stwzc.product-catalog,error_ratio,trace_server_error_ratio,0.0
1776463013.63,product-catalog,otel-demo.product-catalog-784544475c-stwzc.product-catalog,request_count,trace_server_count,0.0
1776463013.63,product-catalog,product-catalog-784544475c-7crs7,cpu_usage,container_cpu_usage,0.04236621924380914
1776463013.63,product-catalog,product-catalog-784544475c-7crs7,memory_usage,container_memory_working_set_bytes,15949824.0
1776463013.63,product-catalog,product-catalog-784544475c-8skc7,cpu_usage,container_cpu_usage,0.12279067887152964
1776463013.63,product-catalog,product-catalog-784544475c-8skc7,memory_usage,container_memory_working_set_bytes,15810560.0
1776463013.63,product-catalog,product-catalog-784544475c-stwzc,cpu_usage,container_cpu_usage,0.00032336480974150267
1776463013.63,product-catalog,product-catalog-784544475c-stwzc,memory_usage,container_memory_working_set_bytes,13049856.0
1776463013.63,product-catalog,product-catalog::service,pod_restart_count,k8s_container_restarts,37.0
1776463013.63,product-catalog,product-catalog::service,pod_running_count,k8s_container_ready,3.0
1776463013.63,recommendation,otel-demo.recommendation-5b46f7469c-g2rgb.recommendation,dependency_error_ratio,trace_client_error_ratio,0.0
1776463013.63,recommendation,otel-demo.recommendation-5b46f7469c-rjwxq.recommendation,dependency_error_ratio,trace_client_error_ratio,0.0
1776463013.63,recommendation,otel-demo.recommendation-5b46f7469c-rjwxq.recommendation,error_ratio,trace_server_error_ratio,0.0
1776463013.63,recommendation,otel-demo.recommendation-5b46f7469c-rjwxq.recommendation,request_count,trace_server_count,0.0
1776463013.63,recommendation,otel-demo.recommendation-5b46f7469c-t2fm9.recommendation,dependency_error_ratio,trace_client_error_ratio,0.0
1776463013.63,recommendation,otel-demo.recommendation-5b46f7469c-t2fm9.recommendation,error_ratio,trace_server_error_ratio,0.0
1776463013.63,recommendation,otel-demo.recommendation-5b46f7469c-t2fm9.recommendation,request_count,trace_server_count,0.0
1776463013.63,recommendation,recommendation-5b46f7469c-g2rgb,cpu_usage,container_cpu_usage,0.015758782992522907
1776463013.63,recommendation,recommendation-5b46f7469c-g2rgb,memory_usage,container_memory_working_set_bytes,46891008.0
1776463013.63,recommendation,recommendation-5b46f7469c-rjwxq,cpu_usage,container_cpu_usage,0.028057139443182295
1776463013.63,recommendation,recommendation-5b46f7469c-rjwxq,memory_usage,container_memory_working_set_bytes,47865856.0
1776463013.63,recommendation,recommendation-5b46f7469c-t2fm9,cpu_usage,container_cpu_usage,0.04009976130300114
1776463013.63,recommendation,recommendation-5b46f7469c-t2fm9,memory_usage,container_memory_working_set_bytes,52551680.0
1776463013.63,recommendation,recommendation::service,pod_restart_count,k8s_container_restarts,3.0
1776463013.63,recommendation,recommendation::service,pod_running_count,k8s_container_ready,3.0
1776463023.63,ad,3a8b9295-6ae2-4e8a-b9b0-a607d7fec0a4,dependency_error_ratio,trace_client_error_ratio,0.0
1776463023.63,ad,3a8b9295-6ae2-4e8a-b9b0-a607d7fec0a4,error_ratio,trace_server_error_ratio,0.0
1776463023.63,ad,3a8b9295-6ae2-4e8a-b9b0-a607d7fec0a4,request_count,trace_server_count,0.0
1776463023.63,ad,5680c7ee-584c-4353-b6d2-93bc605a0324,dependency_error_ratio,trace_client_error_ratio,0.0
1776463023.63,ad,5680c7ee-584c-4353-b6d2-93bc605a0324,error_ratio,trace_server_error_ratio,0.0
1776463023.63,ad,5680c7ee-584c-4353-b6d2-93bc605a0324,request_count,trace_server_count,0.0
1776463023.63,ad,9f9a3c1c-bd3f-40ea-8764-b59f1ebd2204,dependency_error_ratio,trace_client_error_ratio,0.0
1776463023.63,ad,ad-7fb5b4f859-52ks9,cpu_usage,container_cpu_usage,0.0026308805790106254
1776463023.63,ad,ad-7fb5b4f859-52ks9,memory_usage,container_memory_working_set_bytes,260493312.0
1776463023.63,ad,ad-7fb5b4f859-rd4zw,cpu_usage,container_cpu_usage,0.0010281295607578761
1776463023.63,ad,ad-7fb5b4f859-rd4zw,memory_usage,container_memory_working_set_bytes,238800896.0
1776463023.63,ad,ad-7fb5b4f859-zsstr,cpu_usage,container_cpu_usage,0.003561366787897628
1776463023.63,ad,ad-7fb5b4f859-zsstr,memory_usage,container_memory_working_set_bytes,261947392.0
1776463023.63,ad,ad::service,pod_restart_count,k8s_container_restarts,3.0
1776463023.63,ad,ad::service,pod_running_count,k8s_container_ready,3.0
1776463023.63,cart,cart-7c7496d7f-th7mc,cpu_usage,container_cpu_usage,0.04571620274519049
1776463023.63,cart,cart-7c7496d7f-th7mc,memory_usage,container_memory_working_set_bytes,62971904.0
1776463023.63,cart,cart::service,pod_restart_count,k8s_container_restarts,1.0
1776463023.63,cart,cart::service,pod_running_count,k8s_container_ready,1.0
1776463023.63,cart,f1f3afac-3031-4c18-925a-048232421d89,dependency_error_ratio,trace_client_error_ratio,0.0
1776463023.63,cart,f1f3afac-3031-4c18-925a-048232421d89,error_ratio,trace_server_error_ratio,0.0
1776463023.63,cart,f1f3afac-3031-4c18-925a-048232421d89,request_count,trace_server_count,0.0
1776463023.63,checkout,4755bdbd-5ad9-49fa-acb7-3a7dcb6a9277,dependency_error_ratio,trace_client_error_ratio,0.0
1776463023.63,checkout,4755bdbd-5ad9-49fa-acb7-3a7dcb6a9277,error_ratio,trace_server_error_ratio,0.0
1776463023.63,checkout,4755bdbd-5ad9-49fa-acb7-3a7dcb6a9277,request_count,trace_server_count,0.0
1776463023.63,checkout,bb49e6b9-109a-41b8-be66-ab2a38272474,dependency_error_ratio,trace_client_error_ratio,0.0
1776463023.63,checkout,bb49e6b9-109a-41b8-be66-ab2a38272474,error_ratio,trace_server_error_ratio,0.0
1776463023.63,checkout,bb49e6b9-109a-41b8-be66-ab2a38272474,request_count,trace_server_count,0.0
1776463023.63,checkout,bc5804df-6f63-4261-8788-8ecfe5481366,dependency_error_ratio,trace_client_error_ratio,0.0
1776463023.63,checkout,bc5804df-6f63-4261-8788-8ecfe5481366,error_ratio,trace_server_error_ratio,0.0
1776463023.63,checkout,bc5804df-6f63-4261-8788-8ecfe5481366,request_count,trace_server_count,0.0
1776463023.63,checkout,checkout-7f4ccfc547-6crwh,cpu_usage,container_cpu_usage,0.12731422454168162
1776463023.63,checkout,checkout-7f4ccfc547-6crwh,memory_usage,container_memory_working_set_bytes,16580608.0
1776463023.63,checkout,checkout-7f4ccfc547-ftx2n,cpu_usage,container_cpu_usage,0.00020590000000000332
1776463023.63,checkout,checkout-7f4ccfc547-ftx2n,memory_usage,container_memory_working_set_bytes,12210176.0
1776463023.63,checkout,checkout-7f4ccfc547-qlfgr,cpu_usage,container_cpu_usage,0.05951288869355019
1776463023.63,checkout,checkout-7f4ccfc547-qlfgr,memory_usage,container_memory_working_set_bytes,15093760.0
1776463023.63,checkout,checkout::service,pod_restart_count,k8s_container_restarts,45.0
1776463023.63,checkout,checkout::service,pod_running_count,k8s_container_ready,3.0
1776463023.63,email,email-5dcf48b665-66zvj,cpu_usage,container_cpu_usage,0.008994767032302387
1776463023.63,email,email-5dcf48b665-66zvj,memory_usage,container_memory_working_set_bytes,59777024.0
1776463023.63,email,email-5dcf48b665-9xxmx,cpu_usage,container_cpu_usage,0.0012586328649212607
1776463023.63,email,email-5dcf48b665-9xxmx,memory_usage,container_memory_working_set_bytes,56791040.0
1776463023.63,email,email-5dcf48b665-n4zf2,cpu_usage,container_cpu_usage,0.007519945536173705
1776463023.63,email,email-5dcf48b665-n4zf2,memory_usage,container_memory_working_set_bytes,54542336.0
1776463023.63,email,email::service,pod_restart_count,k8s_container_restarts,9.0
1776463023.63,email,email::service,pod_running_count,k8s_container_ready,3.0
1776463023.63,email,otel-demo.email-5dcf48b665-66zvj.email,error_ratio,trace_server_error_ratio,0.0
1776463023.63,email,otel-demo.email-5dcf48b665-66zvj.email,request_count,trace_server_count,0.0
1776463023.63,email,otel-demo.email-5dcf48b665-9xxmx.email,error_ratio,trace_server_error_ratio,0.0
1776463023.63,email,otel-demo.email-5dcf48b665-9xxmx.email,request_count,trace_server_count,0.0
1776463023.63,email,otel-demo.email-5dcf48b665-n4zf2.email,error_ratio,trace_server_error_ratio,0.0
1776463023.63,email,otel-demo.email-5dcf48b665-n4zf2.email,request_count,trace_server_count,0.0
1776463023.63,frontend,frontend-b78bf7696-6bjdg,cpu_usage,container_cpu_usage,2.2676280013593604
1776463023.63,frontend,frontend-b78bf7696-6bjdg,memory_usage,container_memory_working_set_bytes,121675776.0
1776463023.63,frontend,frontend-b78bf7696-77ldd,cpu_usage,container_cpu_usage,2.741242381037234
1776463023.63,frontend,frontend-b78bf7696-77ldd,memory_usage,container_memory_working_set_bytes,111796224.0
1776463023.63,frontend,frontend-b78bf7696-p9kqx,cpu_usage,container_cpu_usage,2.6119469412150496
1776463023.63,frontend,frontend-b78bf7696-p9kqx,memory_usage,container_memory_working_set_bytes,122646528.0
1776463023.63,frontend,frontend::service,pod_restart_count,k8s_container_restarts,3.0
1776463023.63,frontend,frontend::service,pod_running_count,k8s_container_ready,3.0
1776463023.63,frontend,otel-demo.frontend-b78bf7696-6bjdg.frontend,dependency_error_ratio,trace_client_error_ratio,0.0
1776463023.63,frontend,otel-demo.frontend-b78bf7696-6bjdg.frontend,error_ratio,trace_server_error_ratio,0.0
1776463023.63,frontend,otel-demo.frontend-b78bf7696-6bjdg.frontend,http_5xx_ratio,http_server_5xx_ratio,0.0
1776463023.63,frontend,otel-demo.frontend-b78bf7696-6bjdg.frontend,request_count,trace_server_count,0.0
1776463023.63,frontend,otel-demo.frontend-b78bf7696-77ldd.frontend,dependency_error_ratio,trace_client_error_ratio,0.0
1776463023.63,frontend,otel-demo.frontend-b78bf7696-77ldd.frontend,error_ratio,trace_server_error_ratio,0.0
1776463023.63,frontend,otel-demo.frontend-b78bf7696-77ldd.frontend,http_5xx_ratio,http_server_5xx_ratio,0.0
1776463023.63,frontend,otel-demo.frontend-b78bf7696-77ldd.frontend,request_count,trace_server_count,0.0
1776463023.63,frontend,otel-demo.frontend-b78bf7696-p9kqx.frontend,dependency_error_ratio,trace_client_error_ratio,0.0
1776463023.63,frontend,otel-demo.frontend-b78bf7696-p9kqx.frontend,error_ratio,trace_server_error_ratio,0.0
1776463023.63,frontend,otel-demo.frontend-b78bf7696-p9kqx.frontend,http_5xx_ratio,http_server_5xx_ratio,0.0
1776463023.63,frontend,otel-demo.frontend-b78bf7696-p9kqx.frontend,request_count,trace_server_count,0.0
1776463023.63,kafka,kafka-66df8bdf76-zjcbb,cpu_usage,container_cpu_usage,0.01570640474728817
1776463023.63,kafka,kafka-66df8bdf76-zjcbb,memory_usage,container_memory_working_set_bytes,666865664.0
1776463023.63,kafka,kafka::service,pod_restart_count,k8s_container_restarts,9.0
1776463023.63,kafka,kafka::service,pod_running_count,k8s_container_ready,1.0
1776463023.63,kafka,kafka::service,queue_lag,queue_size_ratio,0.0
1776463023.63,payment,otel-demo.payment-f9f8d647b-74h8z.payment,dependency_error_ratio,trace_client_error_ratio,0.0
1776463023.63,payment,otel-demo.payment-f9f8d647b-74h8z.payment,error_ratio,trace_server_error_ratio,0.0
1776463023.63,payment,otel-demo.payment-f9f8d647b-74h8z.payment,request_count,trace_server_count,0.0
1776463023.63,payment,otel-demo.payment-f9f8d647b-75hmx.payment,dependency_error_ratio,trace_client_error_ratio,0.0
1776463023.63,payment,otel-demo.payment-f9f8d647b-75hmx.payment,error_ratio,trace_server_error_ratio,0.0
1776463023.63,payment,otel-demo.payment-f9f8d647b-75hmx.payment,request_count,trace_server_count,0.0
1776463023.63,payment,otel-demo.payment-f9f8d647b-tv6l5.payment,dependency_error_ratio,trace_client_error_ratio,0.0
1776463023.63,payment,otel-demo.payment-f9f8d647b-tv6l5.payment,error_ratio,trace_server_error_ratio,0.0
1776463023.63,payment,otel-demo.payment-f9f8d647b-tv6l5.payment,request_count,trace_server_count,0.0
1776463023.63,payment,payment-f9f8d647b-74h8z,cpu_usage,container_cpu_usage,0.010423593281461483
1776463023.63,payment,payment-f9f8d647b-74h8z,memory_usage,container_memory_working_set_bytes,109322240.0
1776463023.63,payment,payment-f9f8d647b-75hmx,cpu_usage,container_cpu_usage,0.011463632838927769
1776463023.63,payment,payment-f9f8d647b-75hmx,memory_usage,container_memory_working_set_bytes,109572096.0
1776463023.63,payment,payment-f9f8d647b-tv6l5,cpu_usage,container_cpu_usage,0.0068376997828641884
1776463023.63,payment,payment-f9f8d647b-tv6l5,memory_usage,container_memory_working_set_bytes,101027840.0
1776463023.63,payment,payment::service,pod_restart_count,k8s_container_restarts,39.0
1776463023.63,payment,payment::service,pod_running_count,k8s_container_ready,3.0
1776463023.63,product-catalog,otel-demo.product-catalog-784544475c-7crs7.product-catalog,dependency_error_ratio,trace_client_error_ratio,0.0
1776463023.63,product-catalog,otel-demo.product-catalog-784544475c-7crs7.product-catalog,error_ratio,trace_server_error_ratio,0.0
1776463023.63,product-catalog,otel-demo.product-catalog-784544475c-7crs7.product-catalog,request_count,trace_server_count,0.0
1776463023.63,product-catalog,otel-demo.product-catalog-784544475c-8skc7.product-catalog,dependency_error_ratio,trace_client_error_ratio,0.0
1776463023.63,product-catalog,otel-demo.product-catalog-784544475c-8skc7.product-catalog,error_ratio,trace_server_error_ratio,0.0
1776463023.63,product-catalog,otel-demo.product-catalog-784544475c-8skc7.product-catalog,request_count,trace_server_count,0.0
1776463023.63,product-catalog,otel-demo.product-catalog-784544475c-stwzc.product-catalog,dependency_error_ratio,trace_client_error_ratio,0.0
1776463023.63,product-catalog,otel-demo.product-catalog-784544475c-stwzc.product-catalog,error_ratio,trace_server_error_ratio,0.0
1776463023.63,product-catalog,otel-demo.product-catalog-784544475c-stwzc.product-catalog,request_count,trace_server_count,0.0
1776463023.63,product-catalog,product-catalog-784544475c-7crs7,cpu_usage,container_cpu_usage,0.04877538922155685
1776463023.63,product-catalog,product-catalog-784544475c-7crs7,memory_usage,container_memory_working_set_bytes,16388096.0
1776463023.63,product-catalog,product-catalog-784544475c-8skc7,cpu_usage,container_cpu_usage,0.16486030624686543
1776463023.63,product-catalog,product-catalog-784544475c-8skc7,memory_usage,container_memory_working_set_bytes,16392192.0
1776463023.63,product-catalog,product-catalog-784544475c-stwzc,cpu_usage,container_cpu_usage,0.00042632687824995414
1776463023.63,product-catalog,product-catalog-784544475c-stwzc,memory_usage,container_memory_working_set_bytes,13049856.0
1776463023.63,product-catalog,product-catalog::service,pod_restart_count,k8s_container_restarts,37.0
1776463023.63,product-catalog,product-catalog::service,pod_running_count,k8s_container_ready,3.0
1776463023.63,recommendation,otel-demo.recommendation-5b46f7469c-g2rgb.recommendation,dependency_error_ratio,trace_client_error_ratio,0.0
1776463023.63,recommendation,otel-demo.recommendation-5b46f7469c-rjwxq.recommendation,dependency_error_ratio,trace_client_error_ratio,0.0
1776463023.63,recommendation,otel-demo.recommendation-5b46f7469c-rjwxq.recommendation,error_ratio,trace_server_error_ratio,0.0
1776463023.63,recommendation,otel-demo.recommendation-5b46f7469c-rjwxq.recommendation,request_count,trace_server_count,0.0
1776463023.63,recommendation,otel-demo.recommendation-5b46f7469c-t2fm9.recommendation,dependency_error_ratio,trace_client_error_ratio,0.0
1776463023.63,recommendation,otel-demo.recommendation-5b46f7469c-t2fm9.recommendation,error_ratio,trace_server_error_ratio,0.0
1776463023.63,recommendation,otel-demo.recommendation-5b46f7469c-t2fm9.recommendation,request_count,trace_server_count,0.0
1776463023.63,recommendation,recommendation-5b46f7469c-g2rgb,cpu_usage,container_cpu_usage,0.005887518634415478
1776463023.63,recommendation,recommendation-5b46f7469c-g2rgb,memory_usage,container_memory_working_set_bytes,46891008.0
1776463023.63,recommendation,recommendation-5b46f7469c-rjwxq,cpu_usage,container_cpu_usage,0.03344895311381617
1776463023.63,recommendation,recommendation-5b46f7469c-rjwxq,memory_usage,container_memory_working_set_bytes,47931392.0
1776463023.63,recommendation,recommendation-5b46f7469c-t2fm9,cpu_usage,container_cpu_usage,0.05100244393655208
1776463023.63,recommendation,recommendation-5b46f7469c-t2fm9,memory_usage,container_memory_working_set_bytes,52633600.0
1776463023.63,recommendation,recommendation::service,pod_restart_count,k8s_container_restarts,3.0
1776463023.63,recommendation,recommendation::service,pod_running_count,k8s_container_ready,3.0
1776463033.63,ad,3a8b9295-6ae2-4e8a-b9b0-a607d7fec0a4,dependency_error_ratio,trace_client_error_ratio,0.0
1776463033.63,ad,3a8b9295-6ae2-4e8a-b9b0-a607d7fec0a4,error_ratio,trace_server_error_ratio,0.0
1776463033.63,ad,3a8b9295-6ae2-4e8a-b9b0-a607d7fec0a4,request_count,trace_server_count,0.0
1776463033.63,ad,5680c7ee-584c-4353-b6d2-93bc605a0324,dependency_error_ratio,trace_client_error_ratio,0.0
1776463033.63,ad,5680c7ee-584c-4353-b6d2-93bc605a0324,error_ratio,trace_server_error_ratio,0.0
1776463033.63,ad,5680c7ee-584c-4353-b6d2-93bc605a0324,request_count,trace_server_count,0.0
1776463033.63,ad,9f9a3c1c-bd3f-40ea-8764-b59f1ebd2204,dependency_error_ratio,trace_client_error_ratio,0.0
1776463033.63,ad,ad-7fb5b4f859-52ks9,cpu_usage,container_cpu_usage,0.0026308805790106254
1776463033.63,ad,ad-7fb5b4f859-52ks9,memory_usage,container_memory_working_set_bytes,260493312.0
1776463033.63,ad,ad-7fb5b4f859-rd4zw,cpu_usage,container_cpu_usage,0.0014154481380173262
1776463033.63,ad,ad-7fb5b4f859-rd4zw,memory_usage,container_memory_working_set_bytes,238436352.0
1776463033.63,ad,ad-7fb5b4f859-zsstr,cpu_usage,container_cpu_usage,0.0038230015213716454
1776463033.63,ad,ad-7fb5b4f859-zsstr,memory_usage,container_memory_working_set_bytes,261853184.0
1776463033.63,ad,ad::service,pod_restart_count,k8s_container_restarts,3.0
1776463033.63,ad,ad::service,pod_running_count,k8s_container_ready,3.0
1776463033.63,cart,cart-7c7496d7f-th7mc,cpu_usage,container_cpu_usage,0.052021730647295046
1776463033.63,cart,cart-7c7496d7f-th7mc,memory_usage,container_memory_working_set_bytes,63270912.0
1776463033.63,cart,cart::service,pod_restart_count,k8s_container_restarts,1.0
1776463033.63,cart,cart::service,pod_running_count,k8s_container_ready,1.0
1776463033.63,cart,f1f3afac-3031-4c18-925a-048232421d89,dependency_error_ratio,trace_client_error_ratio,0.0
1776463033.63,cart,f1f3afac-3031-4c18-925a-048232421d89,error_ratio,trace_server_error_ratio,0.0
1776463033.63,cart,f1f3afac-3031-4c18-925a-048232421d89,request_count,trace_server_count,0.0
1776463033.63,checkout,4755bdbd-5ad9-49fa-acb7-3a7dcb6a9277,dependency_error_ratio,trace_client_error_ratio,0.0
1776463033.63,checkout,4755bdbd-5ad9-49fa-acb7-3a7dcb6a9277,error_ratio,trace_server_error_ratio,0.0
1776463033.63,checkout,4755bdbd-5ad9-49fa-acb7-3a7dcb6a9277,request_count,trace_server_count,0.0
1776463033.63,checkout,bb49e6b9-109a-41b8-be66-ab2a38272474,dependency_error_ratio,trace_client_error_ratio,0.0
1776463033.63,checkout,bb49e6b9-109a-41b8-be66-ab2a38272474,error_ratio,trace_server_error_ratio,0.0
1776463033.63,checkout,bb49e6b9-109a-41b8-be66-ab2a38272474,request_count,trace_server_count,0.0
1776463033.63,checkout,bc5804df-6f63-4261-8788-8ecfe5481366,dependency_error_ratio,trace_client_error_ratio,0.0
1776463033.63,checkout,bc5804df-6f63-4261-8788-8ecfe5481366,error_ratio,trace_server_error_ratio,0.0
1776463033.63,checkout,bc5804df-6f63-4261-8788-8ecfe5481366,request_count,trace_server_count,0.0
1776463033.63,checkout,checkout-7f4ccfc547-6crwh,cpu_usage,container_cpu_usage,0.13819607033765374
1776463033.63,checkout,checkout-7f4ccfc547-6crwh,memory_usage,container_memory_working_set_bytes,17752064.0
1776463033.63,checkout,checkout-7f4ccfc547-ftx2n,cpu_usage,container_cpu_usage,0.0004568975131035991
1776463033.63,checkout,checkout-7f4ccfc547-ftx2n,memory_usage,container_memory_working_set_bytes,12210176.0
1776463033.63,checkout,checkout-7f4ccfc547-qlfgr,cpu_usage,container_cpu_usage,0.05951288869355018
1776463033.63,checkout,checkout-7f4ccfc547-qlfgr,memory_usage,container_memory_working_set_bytes,15093760.0
1776463033.63,checkout,checkout::service,pod_restart_count,k8s_container_restarts,45.0
1776463033.63,checkout,checkout::service,pod_running_count,k8s_container_ready,3.0
1776463033.63,email,email-5dcf48b665-66zvj,cpu_usage,container_cpu_usage,0.007419583441234411
1776463033.63,email,email-5dcf48b665-66zvj,memory_usage,container_memory_working_set_bytes,59777024.0
1776463033.63,email,email-5dcf48b665-9xxmx,cpu_usage,container_cpu_usage,0.0031314832117362626
1776463033.63,email,email-5dcf48b665-9xxmx,memory_usage,container_memory_working_set_bytes,56463360.0
1776463033.63,email,email-5dcf48b665-n4zf2,cpu_usage,container_cpu_usage,0.006074415712285839
1776463033.63,email,email-5dcf48b665-n4zf2,memory_usage,container_memory_working_set_bytes,54542336.0
1776463033.63,email,email::service,pod_restart_count,k8s_container_restarts,9.0
1776463033.63,email,email::service,pod_running_count,k8s_container_ready,3.0
1776463033.63,email,otel-demo.email-5dcf48b665-66zvj.email,error_ratio,trace_server_error_ratio,0.0
1776463033.63,email,otel-demo.email-5dcf48b665-66zvj.email,request_count,trace_server_count,0.0
1776463033.63,email,otel-demo.email-5dcf48b665-9xxmx.email,error_ratio,trace_server_error_ratio,0.0
1776463033.63,email,otel-demo.email-5dcf48b665-9xxmx.email,request_count,trace_server_count,0.0
1776463033.63,email,otel-demo.email-5dcf48b665-n4zf2.email,error_ratio,trace_server_error_ratio,0.0
1776463033.63,email,otel-demo.email-5dcf48b665-n4zf2.email,request_count,trace_server_count,0.0
1776463033.63,frontend,frontend-b78bf7696-6bjdg,cpu_usage,container_cpu_usage,2.7562467411356666
1776463033.63,frontend,frontend-b78bf7696-6bjdg,memory_usage,container_memory_working_set_bytes,122322944.0
1776463033.63,frontend,frontend-b78bf7696-77ldd,cpu_usage,container_cpu_usage,2.741242381037234
1776463033.63,frontend,frontend-b78bf7696-77ldd,memory_usage,container_memory_working_set_bytes,111796224.0
1776463033.63,frontend,frontend-b78bf7696-p9kqx,cpu_usage,container_cpu_usage,2.6996778793903444
1776463033.63,frontend,frontend-b78bf7696-p9kqx,memory_usage,container_memory_working_set_bytes,122646528.0
1776463033.63,frontend,frontend::service,pod_restart_count,k8s_container_restarts,3.0
1776463033.63,frontend,frontend::service,pod_running_count,k8s_container_ready,3.0
1776463033.63,frontend,otel-demo.frontend-b78bf7696-6bjdg.frontend,dependency_error_ratio,trace_client_error_ratio,0.0
1776463033.63,frontend,otel-demo.frontend-b78bf7696-6bjdg.frontend,error_ratio,trace_server_error_ratio,0.0
1776463033.63,frontend,otel-demo.frontend-b78bf7696-6bjdg.frontend,http_5xx_ratio,http_server_5xx_ratio,0.0
1776463033.63,frontend,otel-demo.frontend-b78bf7696-6bjdg.frontend,request_count,trace_server_count,0.0
1776463033.63,frontend,otel-demo.frontend-b78bf7696-77ldd.frontend,dependency_error_ratio,trace_client_error_ratio,0.0
1776463033.63,frontend,otel-demo.frontend-b78bf7696-77ldd.frontend,error_ratio,trace_server_error_ratio,0.0
1776463033.63,frontend,otel-demo.frontend-b78bf7696-77ldd.frontend,http_5xx_ratio,http_server_5xx_ratio,0.0
1776463033.63,frontend,otel-demo.frontend-b78bf7696-77ldd.frontend,request_count,trace_server_count,0.0
1776463033.63,frontend,otel-demo.frontend-b78bf7696-p9kqx.frontend,dependency_error_ratio,trace_client_error_ratio,0.0
1776463033.63,frontend,otel-demo.frontend-b78bf7696-p9kqx.frontend,error_ratio,trace_server_error_ratio,0.0
1776463033.63,frontend,otel-demo.frontend-b78bf7696-p9kqx.frontend,http_5xx_ratio,http_server_5xx_ratio,0.0
1776463033.63,frontend,otel-demo.frontend-b78bf7696-p9kqx.frontend,request_count,trace_server_count,0.0
1776463033.63,kafka,kafka-66df8bdf76-zjcbb,cpu_usage,container_cpu_usage,0.0141012171293654
1776463033.63,kafka,kafka-66df8bdf76-zjcbb,memory_usage,container_memory_working_set_bytes,666853376.0
1776463033.63,kafka,kafka::service,pod_restart_count,k8s_container_restarts,9.0
1776463033.63,kafka,kafka::service,pod_running_count,k8s_container_ready,1.0
1776463033.63,kafka,kafka::service,queue_lag,queue_size_ratio,0.0
1776463033.63,payment,otel-demo.payment-f9f8d647b-74h8z.payment,dependency_error_ratio,trace_client_error_ratio,0.0
1776463033.63,payment,otel-demo.payment-f9f8d647b-74h8z.payment,error_ratio,trace_server_error_ratio,0.0
1776463033.63,payment,otel-demo.payment-f9f8d647b-74h8z.payment,request_count,trace_server_count,0.0
1776463033.63,payment,otel-demo.payment-f9f8d647b-75hmx.payment,dependency_error_ratio,trace_client_error_ratio,0.0
1776463033.63,payment,otel-demo.payment-f9f8d647b-75hmx.payment,error_ratio,trace_server_error_ratio,0.0
1776463033.63,payment,otel-demo.payment-f9f8d647b-75hmx.payment,request_count,trace_server_count,0.0
1776463033.63,payment,otel-demo.payment-f9f8d647b-tv6l5.payment,dependency_error_ratio,trace_client_error_ratio,0.0
1776463033.63,payment,otel-demo.payment-f9f8d647b-tv6l5.payment,error_ratio,trace_server_error_ratio,0.0
1776463033.63,payment,otel-demo.payment-f9f8d647b-tv6l5.payment,request_count,trace_server_count,0.0
1776463033.63,payment,payment-f9f8d647b-74h8z,cpu_usage,container_cpu_usage,0.011369787064852597
1776463033.63,payment,payment-f9f8d647b-74h8z,memory_usage,container_memory_working_set_bytes,109322240.0
1776463033.63,payment,payment-f9f8d647b-75hmx,cpu_usage,container_cpu_usage,0.013547739404723421
1776463033.63,payment,payment-f9f8d647b-75hmx,memory_usage,container_memory_working_set_bytes,109568000.0
1776463033.63,payment,payment-f9f8d647b-tv6l5,cpu_usage,container_cpu_usage,0.007118844323264219
1776463033.63,payment,payment-f9f8d647b-tv6l5,memory_usage,container_memory_working_set_bytes,101027840.0
1776463033.63,payment,payment::service,pod_restart_count,k8s_container_restarts,39.0
1776463033.63,payment,payment::service,pod_running_count,k8s_container_ready,3.0
1776463033.63,product-catalog,otel-demo.product-catalog-784544475c-7crs7.product-catalog,dependency_error_ratio,trace_client_error_ratio,0.0
1776463033.63,product-catalog,otel-demo.product-catalog-784544475c-7crs7.product-catalog,error_ratio,trace_server_error_ratio,0.0
1776463033.63,product-catalog,otel-demo.product-catalog-784544475c-7crs7.product-catalog,request_count,trace_server_count,0.0
1776463033.63,product-catalog,otel-demo.product-catalog-784544475c-8skc7.product-catalog,dependency_error_ratio,trace_client_error_ratio,0.0
1776463033.63,product-catalog,otel-demo.product-catalog-784544475c-8skc7.product-catalog,error_ratio,trace_server_error_ratio,0.0
1776463033.63,product-catalog,otel-demo.product-catalog-784544475c-8skc7.product-catalog,request_count,trace_server_count,0.0
1776463033.63,product-catalog,otel-demo.product-catalog-784544475c-stwzc.product-catalog,dependency_error_ratio,trace_client_error_ratio,0.0
1776463033.63,product-catalog,otel-demo.product-catalog-784544475c-stwzc.product-catalog,error_ratio,trace_server_error_ratio,0.0
1776463033.63,product-catalog,otel-demo.product-catalog-784544475c-stwzc.product-catalog,request_count,trace_server_count,0.0
1776463033.63,product-catalog,product-catalog-784544475c-7crs7,cpu_usage,container_cpu_usage,0.06021970521317649
1776463033.63,product-catalog,product-catalog-784544475c-7crs7,memory_usage,container_memory_working_set_bytes,16388096.0
1776463033.63,product-catalog,product-catalog-784544475c-8skc7,cpu_usage,container_cpu_usage,0.20610929704030517
1776463033.63,product-catalog,product-catalog-784544475c-8skc7,memory_usage,container_memory_working_set_bytes,16392192.0
1776463033.63,product-catalog,product-catalog-784544475c-stwzc,cpu_usage,container_cpu_usage,0.00034674049467108063
1776463033.63,product-catalog,product-catalog-784544475c-stwzc,memory_usage,container_memory_working_set_bytes,13049856.0
1776463033.63,product-catalog,product-catalog::service,pod_restart_count,k8s_container_restarts,37.0
1776463033.63,product-catalog,product-catalog::service,pod_running_count,k8s_container_ready,3.0
1776463033.63,recommendation,otel-demo.recommendation-5b46f7469c-g2rgb.recommendation,dependency_error_ratio,trace_client_error_ratio,0.0
1776463033.63,recommendation,otel-demo.recommendation-5b46f7469c-rjwxq.recommendation,dependency_error_ratio,trace_client_error_ratio,0.0
1776463033.63,recommendation,otel-demo.recommendation-5b46f7469c-rjwxq.recommendation,error_ratio,trace_server_error_ratio,0.0
1776463033.63,recommendation,otel-demo.recommendation-5b46f7469c-rjwxq.recommendation,request_count,trace_server_count,0.0
1776463033.63,recommendation,otel-demo.recommendation-5b46f7469c-t2fm9.recommendation,dependency_error_ratio,trace_client_error_ratio,0.0
1776463033.63,recommendation,otel-demo.recommendation-5b46f7469c-t2fm9.recommendation,error_ratio,trace_server_error_ratio,0.0
1776463033.63,recommendation,otel-demo.recommendation-5b46f7469c-t2fm9.recommendation,request_count,trace_server_count,0.0
1776463033.63,recommendation,recommendation-5b46f7469c-g2rgb,cpu_usage,container_cpu_usage,0.0073889640812086045
1776463033.63,recommendation,recommendation-5b46f7469c-g2rgb,memory_usage,container_memory_working_set_bytes,46891008.0
1776463033.63,recommendation,recommendation-5b46f7469c-rjwxq,cpu_usage,container_cpu_usage,0.03344895311381617
1776463033.63,recommendation,recommendation-5b46f7469c-rjwxq,memory_usage,container_memory_working_set_bytes,47931392.0
1776463033.63,recommendation,recommendation-5b46f7469c-t2fm9,cpu_usage,container_cpu_usage,0.05235264097343364
1776463033.63,recommendation,recommendation-5b46f7469c-t2fm9,memory_usage,container_memory_working_set_bytes,52654080.0
1776463033.63,recommendation,recommendation::service,pod_restart_count,k8s_container_restarts,3.0
1776463033.63,recommendation,recommendation::service,pod_running_count,k8s_container_ready,3.0
1776463043.63,ad,3a8b9295-6ae2-4e8a-b9b0-a607d7fec0a4,dependency_error_ratio,trace_client_error_ratio,0.0
1776463043.63,ad,3a8b9295-6ae2-4e8a-b9b0-a607d7fec0a4,error_ratio,trace_server_error_ratio,0.0
1776463043.63,ad,3a8b9295-6ae2-4e8a-b9b0-a607d7fec0a4,request_count,trace_server_count,0.0
1776463043.63,ad,5680c7ee-584c-4353-b6d2-93bc605a0324,dependency_error_ratio,trace_client_error_ratio,0.0
1776463043.63,ad,5680c7ee-584c-4353-b6d2-93bc605a0324,error_ratio,trace_server_error_ratio,0.0
1776463043.63,ad,5680c7ee-584c-4353-b6d2-93bc605a0324,request_count,trace_server_count,0.0
1776463043.63,ad,9f9a3c1c-bd3f-40ea-8764-b59f1ebd2204,dependency_error_ratio,trace_client_error_ratio,0.0
1776463043.63,ad,ad-7fb5b4f859-52ks9,cpu_usage,container_cpu_usage,0.0021043430643215818
1776463043.63,ad,ad-7fb5b4f859-52ks9,memory_usage,container_memory_working_set_bytes,260493312.0
1776463043.63,ad,ad-7fb5b4f859-rd4zw,cpu_usage,container_cpu_usage,0.0012807979119980517
1776463043.63,ad,ad-7fb5b4f859-rd4zw,memory_usage,container_memory_working_set_bytes,238436352.0
1776463043.63,ad,ad-7fb5b4f859-zsstr,cpu_usage,container_cpu_usage,0.0037080040075733183
1776463043.63,ad,ad-7fb5b4f859-zsstr,memory_usage,container_memory_working_set_bytes,261853184.0
1776463043.63,ad,ad::service,pod_restart_count,k8s_container_restarts,3.0
1776463043.63,ad,ad::service,pod_running_count,k8s_container_ready,3.0
1776463043.63,cart,cart-7c7496d7f-th7mc,cpu_usage,container_cpu_usage,0.052021730647295046
1776463043.63,cart,cart-7c7496d7f-th7mc,memory_usage,container_memory_working_set_bytes,63270912.0
1776463043.63,cart,cart::service,pod_restart_count,k8s_container_restarts,1.0
1776463043.63,cart,cart::service,pod_running_count,k8s_container_ready,1.0
1776463043.63,cart,f1f3afac-3031-4c18-925a-048232421d89,dependency_error_ratio,trace_client_error_ratio,0.0
1776463043.63,cart,f1f3afac-3031-4c18-925a-048232421d89,error_ratio,trace_server_error_ratio,0.0
1776463043.63,cart,f1f3afac-3031-4c18-925a-048232421d89,request_count,trace_server_count,0.0
1776463043.63,checkout,4755bdbd-5ad9-49fa-acb7-3a7dcb6a9277,dependency_error_ratio,trace_client_error_ratio,0.0
1776463043.63,checkout,4755bdbd-5ad9-49fa-acb7-3a7dcb6a9277,error_ratio,trace_server_error_ratio,0.0
1776463043.63,checkout,4755bdbd-5ad9-49fa-acb7-3a7dcb6a9277,request_count,trace_server_count,0.0
1776463043.63,checkout,bb49e6b9-109a-41b8-be66-ab2a38272474,dependency_error_ratio,trace_client_error_ratio,0.0
1776463043.63,checkout,bb49e6b9-109a-41b8-be66-ab2a38272474,error_ratio,trace_server_error_ratio,0.0
1776463043.63,checkout,bb49e6b9-109a-41b8-be66-ab2a38272474,request_count,trace_server_count,0.0
1776463043.63,checkout,bc5804df-6f63-4261-8788-8ecfe5481366,dependency_error_ratio,trace_client_error_ratio,0.0
1776463043.63,checkout,bc5804df-6f63-4261-8788-8ecfe5481366,error_ratio,trace_server_error_ratio,0.0
1776463043.63,checkout,bc5804df-6f63-4261-8788-8ecfe5481366,request_count,trace_server_count,0.0
1776463043.63,checkout,checkout-7f4ccfc547-6crwh,cpu_usage,container_cpu_usage,0.1380307555818422
1776463043.63,checkout,checkout-7f4ccfc547-6crwh,memory_usage,container_memory_working_set_bytes,17752064.0
1776463043.63,checkout,checkout-7f4ccfc547-ftx2n,cpu_usage,container_cpu_usage,0.00047516958378694885
1776463043.63,checkout,checkout-7f4ccfc547-ftx2n,memory_usage,container_memory_working_set_bytes,12210176.0
1776463043.63,checkout,checkout-7f4ccfc547-qlfgr,cpu_usage,container_cpu_usage,0.06380331123198445
1776463043.63,checkout,checkout-7f4ccfc547-qlfgr,memory_usage,container_memory_working_set_bytes,15286272.0
1776463043.63,checkout,checkout::service,pod_restart_count,k8s_container_restarts,45.0
1776463043.63,checkout,checkout::service,pod_running_count,k8s_container_ready,3.0
1776463043.63,email,email-5dcf48b665-66zvj,cpu_usage,container_cpu_usage,0.010392904410194331
1776463043.63,email,email-5dcf48b665-66zvj,memory_usage,container_memory_working_set_bytes,59875328.0
1776463043.63,email,email-5dcf48b665-9xxmx,cpu_usage,container_cpu_usage,0.003224164200515574
1776463043.63,email,email-5dcf48b665-9xxmx,memory_usage,container_memory_working_set_bytes,56463360.0
1776463043.63,email,email-5dcf48b665-n4zf2,cpu_usage,container_cpu_usage,0.0048133044539046465
1776463043.63,email,email-5dcf48b665-n4zf2,memory_usage,container_memory_working_set_bytes,54796288.0
1776463043.63,email,email::service,pod_restart_count,k8s_container_restarts,9.0
1776463043.63,email,email::service,pod_running_count,k8s_container_ready,3.0
1776463043.63,email,otel-demo.email-5dcf48b665-66zvj.email,error_ratio,trace_server_error_ratio,0.0
1776463043.63,email,otel-demo.email-5dcf48b665-66zvj.email,request_count,trace_server_count,0.0
1776463043.63,email,otel-demo.email-5dcf48b665-9xxmx.email,error_ratio,trace_server_error_ratio,0.0
1776463043.63,email,otel-demo.email-5dcf48b665-9xxmx.email,request_count,trace_server_count,0.0
1776463043.63,email,otel-demo.email-5dcf48b665-n4zf2.email,error_ratio,trace_server_error_ratio,0.0
1776463043.63,email,otel-demo.email-5dcf48b665-n4zf2.email,request_count,trace_server_count,0.0
1776463043.63,frontend,frontend-b78bf7696-6bjdg,cpu_usage,container_cpu_usage,2.668972879017797
1776463043.63,frontend,frontend-b78bf7696-6bjdg,memory_usage,container_memory_working_set_bytes,122322944.0
1776463043.63,frontend,frontend-b78bf7696-77ldd,cpu_usage,container_cpu_usage,2.613307108464705
1776463043.63,frontend,frontend-b78bf7696-77ldd,memory_usage,container_memory_working_set_bytes,113053696.0
1776463043.63,frontend,frontend-b78bf7696-p9kqx,cpu_usage,container_cpu_usage,2.7252048195145147
1776463043.63,frontend,frontend-b78bf7696-p9kqx,memory_usage,container_memory_working_set_bytes,122376192.0
1776463043.63,frontend,frontend::service,pod_restart_count,k8s_container_restarts,3.0
1776463043.63,frontend,frontend::service,pod_running_count,k8s_container_ready,3.0
1776463043.63,frontend,otel-demo.frontend-b78bf7696-6bjdg.frontend,dependency_error_ratio,trace_client_error_ratio,0.0
1776463043.63,frontend,otel-demo.frontend-b78bf7696-6bjdg.frontend,error_ratio,trace_server_error_ratio,0.0
1776463043.63,frontend,otel-demo.frontend-b78bf7696-6bjdg.frontend,http_5xx_ratio,http_server_5xx_ratio,0.0
1776463043.63,frontend,otel-demo.frontend-b78bf7696-6bjdg.frontend,request_count,trace_server_count,0.0
1776463043.63,frontend,otel-demo.frontend-b78bf7696-77ldd.frontend,dependency_error_ratio,trace_client_error_ratio,0.0
1776463043.63,frontend,otel-demo.frontend-b78bf7696-77ldd.frontend,error_ratio,trace_server_error_ratio,0.0
1776463043.63,frontend,otel-demo.frontend-b78bf7696-77ldd.frontend,http_5xx_ratio,http_server_5xx_ratio,0.0
1776463043.63,frontend,otel-demo.frontend-b78bf7696-77ldd.frontend,request_count,trace_server_count,0.0
1776463043.63,frontend,otel-demo.frontend-b78bf7696-p9kqx.frontend,dependency_error_ratio,trace_client_error_ratio,0.0
1776463043.63,frontend,otel-demo.frontend-b78bf7696-p9kqx.frontend,error_ratio,trace_server_error_ratio,0.0
1776463043.63,frontend,otel-demo.frontend-b78bf7696-p9kqx.frontend,http_5xx_ratio,http_server_5xx_ratio,0.0
1776463043.63,frontend,otel-demo.frontend-b78bf7696-p9kqx.frontend,request_count,trace_server_count,0.0
1776463043.63,kafka,kafka-66df8bdf76-zjcbb,cpu_usage,container_cpu_usage,0.0141012171293654
1776463043.63,kafka,kafka-66df8bdf76-zjcbb,memory_usage,container_memory_working_set_bytes,666853376.0
1776463043.63,kafka,kafka::service,pod_restart_count,k8s_container_restarts,9.0
1776463043.63,kafka,kafka::service,pod_running_count,k8s_container_ready,1.0
1776463043.63,kafka,kafka::service,queue_lag,queue_size_ratio,0.0
1776463043.63,payment,otel-demo.payment-f9f8d647b-74h8z.payment,dependency_error_ratio,trace_client_error_ratio,0.0
1776463043.63,payment,otel-demo.payment-f9f8d647b-74h8z.payment,error_ratio,trace_server_error_ratio,0.0
1776463043.63,payment,otel-demo.payment-f9f8d647b-74h8z.payment,request_count,trace_server_count,0.0
1776463043.63,payment,otel-demo.payment-f9f8d647b-75hmx.payment,dependency_error_ratio,trace_client_error_ratio,0.0
1776463043.63,payment,otel-demo.payment-f9f8d647b-75hmx.payment,error_ratio,trace_server_error_ratio,0.0
1776463043.63,payment,otel-demo.payment-f9f8d647b-75hmx.payment,request_count,trace_server_count,0.0
1776463043.63,payment,otel-demo.payment-f9f8d647b-tv6l5.payment,dependency_error_ratio,trace_client_error_ratio,0.0
1776463043.63,payment,otel-demo.payment-f9f8d647b-tv6l5.payment,error_ratio,trace_server_error_ratio,0.0
1776463043.63,payment,otel-demo.payment-f9f8d647b-tv6l5.payment,request_count,trace_server_count,0.0
1776463043.63,payment,payment-f9f8d647b-74h8z,cpu_usage,container_cpu_usage,0.011369787064852597
1776463043.63,payment,payment-f9f8d647b-74h8z,memory_usage,container_memory_working_set_bytes,109322240.0
1776463043.63,payment,payment-f9f8d647b-75hmx,cpu_usage,container_cpu_usage,0.010823654504196985
1776463043.63,payment,payment-f9f8d647b-75hmx,memory_usage,container_memory_working_set_bytes,109568000.0
1776463043.63,payment,payment-f9f8d647b-tv6l5,cpu_usage,container_cpu_usage,0.006613442816202712
1776463043.63,payment,payment-f9f8d647b-tv6l5,memory_usage,container_memory_working_set_bytes,101027840.0
1776463043.63,payment,payment::service,pod_restart_count,k8s_container_restarts,39.0
1776463043.63,payment,payment::service,pod_running_count,k8s_container_ready,3.0
1776463043.63,product-catalog,otel-demo.product-catalog-784544475c-7crs7.product-catalog,dependency_error_ratio,trace_client_error_ratio,0.0
1776463043.63,product-catalog,otel-demo.product-catalog-784544475c-7crs7.product-catalog,error_ratio,trace_server_error_ratio,0.0
1776463043.63,product-catalog,otel-demo.product-catalog-784544475c-7crs7.product-catalog,request_count,trace_server_count,0.0
1776463043.63,product-catalog,otel-demo.product-catalog-784544475c-8skc7.product-catalog,dependency_error_ratio,trace_client_error_ratio,0.0
1776463043.63,product-catalog,otel-demo.product-catalog-784544475c-8skc7.product-catalog,error_ratio,trace_server_error_ratio,0.0
1776463043.63,product-catalog,otel-demo.product-catalog-784544475c-8skc7.product-catalog,request_count,trace_server_count,0.0
1776463043.63,product-catalog,otel-demo.product-catalog-784544475c-stwzc.product-catalog,dependency_error_ratio,trace_client_error_ratio,0.0
1776463043.63,product-catalog,otel-demo.product-catalog-784544475c-stwzc.product-catalog,error_ratio,trace_server_error_ratio,0.0
1776463043.63,product-catalog,otel-demo.product-catalog-784544475c-stwzc.product-catalog,request_count,trace_server_count,0.0
1776463043.63,product-catalog,product-catalog-784544475c-7crs7,cpu_usage,container_cpu_usage,0.07600694874574183
1776463043.63,product-catalog,product-catalog-784544475c-7crs7,memory_usage,container_memory_working_set_bytes,16113664.0
1776463043.63,product-catalog,product-catalog-784544475c-8skc7,cpu_usage,container_cpu_usage,0.27661322857764836
1776463043.63,product-catalog,product-catalog-784544475c-8skc7,memory_usage,container_memory_working_set_bytes,16728064.0
1776463043.63,product-catalog,product-catalog-784544475c-stwzc,cpu_usage,container_cpu_usage,0.0003344613728196057
1776463043.63,product-catalog,product-catalog-784544475c-stwzc,memory_usage,container_memory_working_set_bytes,13049856.0
1776463043.63,product-catalog,product-catalog::service,pod_restart_count,k8s_container_restarts,37.0
1776463043.63,product-catalog,product-catalog::service,pod_running_count,k8s_container_ready,3.0
1776463043.63,recommendation,otel-demo.recommendation-5b46f7469c-g2rgb.recommendation,dependency_error_ratio,trace_client_error_ratio,0.0
1776463043.63,recommendation,otel-demo.recommendation-5b46f7469c-rjwxq.recommendation,dependency_error_ratio,trace_client_error_ratio,0.0
1776463043.63,recommendation,otel-demo.recommendation-5b46f7469c-rjwxq.recommendation,error_ratio,trace_server_error_ratio,0.0
1776463043.63,recommendation,otel-demo.recommendation-5b46f7469c-rjwxq.recommendation,request_count,trace_server_count,0.0
1776463043.63,recommendation,otel-demo.recommendation-5b46f7469c-t2fm9.recommendation,dependency_error_ratio,trace_client_error_ratio,0.0
1776463043.63,recommendation,otel-demo.recommendation-5b46f7469c-t2fm9.recommendation,error_ratio,trace_server_error_ratio,0.0
1776463043.63,recommendation,otel-demo.recommendation-5b46f7469c-t2fm9.recommendation,request_count,trace_server_count,0.0
1776463043.63,recommendation,recommendation-5b46f7469c-g2rgb,cpu_usage,container_cpu_usage,0.0073889640812086045
1776463043.63,recommendation,recommendation-5b46f7469c-g2rgb,memory_usage,container_memory_working_set_bytes,46891008.0
1776463043.63,recommendation,recommendation-5b46f7469c-rjwxq,cpu_usage,container_cpu_usage,0.03552777210536979
1776463043.63,recommendation,recommendation-5b46f7469c-rjwxq,memory_usage,container_memory_working_set_bytes,47947776.0
1776463043.63,recommendation,recommendation-5b46f7469c-t2fm9,cpu_usage,container_cpu_usage,0.04360233330673231
1776463043.63,recommendation,recommendation-5b46f7469c-t2fm9,memory_usage,container_memory_working_set_bytes,52654080.0
1776463043.63,recommendation,recommendation::service,pod_restart_count,k8s_container_restarts,3.0
1776463043.63,recommendation,recommendation::service,pod_running_count,k8s_container_ready,3.0
1776463053.63,ad,3a8b9295-6ae2-4e8a-b9b0-a607d7fec0a4,dependency_error_ratio,trace_client_error_ratio,0.0
1776463053.63,ad,3a8b9295-6ae2-4e8a-b9b0-a607d7fec0a4,error_ratio,trace_server_error_ratio,0.0
1776463053.63,ad,3a8b9295-6ae2-4e8a-b9b0-a607d7fec0a4,request_count,trace_server_count,0.0
1776463053.63,ad,5680c7ee-584c-4353-b6d2-93bc605a0324,dependency_error_ratio,trace_client_error_ratio,0.0
1776463053.63,ad,5680c7ee-584c-4353-b6d2-93bc605a0324,error_ratio,trace_server_error_ratio,0.0
1776463053.63,ad,5680c7ee-584c-4353-b6d2-93bc605a0324,request_count,trace_server_count,0.0
1776463053.63,ad,9f9a3c1c-bd3f-40ea-8764-b59f1ebd2204,dependency_error_ratio,trace_client_error_ratio,0.0
1776463053.63,ad,ad-7fb5b4f859-52ks9,cpu_usage,container_cpu_usage,0.002351616132728721
1776463053.63,ad,ad-7fb5b4f859-52ks9,memory_usage,container_memory_working_set_bytes,260399104.0
1776463053.63,ad,ad-7fb5b4f859-rd4zw,cpu_usage,container_cpu_usage,0.0011796049367538935
1776463053.63,ad,ad-7fb5b4f859-rd4zw,memory_usage,container_memory_working_set_bytes,238436352.0
1776463053.63,ad,ad-7fb5b4f859-zsstr,cpu_usage,container_cpu_usage,0.003844992312760098
1776463053.63,ad,ad-7fb5b4f859-zsstr,memory_usage,container_memory_working_set_bytes,261853184.0
1776463053.63,ad,ad::service,pod_restart_count,k8s_container_restarts,3.0
1776463053.63,ad,ad::service,pod_running_count,k8s_container_ready,3.0
1776463053.63,cart,cart-7c7496d7f-th7mc,cpu_usage,container_cpu_usage,0.049447163022415364
1776463053.63,cart,cart-7c7496d7f-th7mc,memory_usage,container_memory_working_set_bytes,62963712.0
1776463053.63,cart,cart::service,pod_restart_count,k8s_container_restarts,1.0
1776463053.63,cart,cart::service,pod_running_count,k8s_container_ready,1.0
1776463053.63,cart,f1f3afac-3031-4c18-925a-048232421d89,dependency_error_ratio,trace_client_error_ratio,0.0
1776463053.63,cart,f1f3afac-3031-4c18-925a-048232421d89,error_ratio,trace_server_error_ratio,0.0
1776463053.63,cart,f1f3afac-3031-4c18-925a-048232421d89,request_count,trace_server_count,0.0
1776463053.63,checkout,4755bdbd-5ad9-49fa-acb7-3a7dcb6a9277,dependency_error_ratio,trace_client_error_ratio,0.0
1776463053.63,checkout,4755bdbd-5ad9-49fa-acb7-3a7dcb6a9277,error_ratio,trace_server_error_ratio,0.0
1776463053.63,checkout,4755bdbd-5ad9-49fa-acb7-3a7dcb6a9277,request_count,trace_server_count,0.0
1776463053.63,checkout,bb49e6b9-109a-41b8-be66-ab2a38272474,dependency_error_ratio,trace_client_error_ratio,0.0
1776463053.63,checkout,bb49e6b9-109a-41b8-be66-ab2a38272474,error_ratio,trace_server_error_ratio,0.0
1776463053.63,checkout,bb49e6b9-109a-41b8-be66-ab2a38272474,request_count,trace_server_count,0.0
1776463053.63,checkout,bc5804df-6f63-4261-8788-8ecfe5481366,dependency_error_ratio,trace_client_error_ratio,0.0
1776463053.63,checkout,bc5804df-6f63-4261-8788-8ecfe5481366,error_ratio,trace_server_error_ratio,0.0
1776463053.63,checkout,bc5804df-6f63-4261-8788-8ecfe5481366,request_count,trace_server_count,0.0
1776463053.63,checkout,checkout-7f4ccfc547-6crwh,cpu_usage,container_cpu_usage,0.12204260723976572
1776463053.63,checkout,checkout-7f4ccfc547-6crwh,memory_usage,container_memory_working_set_bytes,16048128.0
1776463053.63,checkout,checkout-7f4ccfc547-ftx2n,cpu_usage,container_cpu_usage,0.00047516958378694885
1776463053.63,checkout,checkout-7f4ccfc547-ftx2n,memory_usage,container_memory_working_set_bytes,12210176.0
1776463053.63,checkout,checkout-7f4ccfc547-qlfgr,cpu_usage,container_cpu_usage,0.05758751345532737
1776463053.63,checkout,checkout-7f4ccfc547-qlfgr,memory_usage,container_memory_working_set_bytes,15286272.0
1776463053.63,checkout,checkout::service,pod_restart_count,k8s_container_restarts,45.0
1776463053.63,checkout,checkout::service,pod_running_count,k8s_container_ready,3.0
1776463053.63,email,email-5dcf48b665-66zvj,cpu_usage,container_cpu_usage,0.009074540775986784
1776463053.63,email,email-5dcf48b665-66zvj,memory_usage,container_memory_working_set_bytes,59875328.0
1776463053.63,email,email-5dcf48b665-9xxmx,cpu_usage,container_cpu_usage,0.0062614847482545775
1776463053.63,email,email-5dcf48b665-9xxmx,memory_usage,container_memory_working_set_bytes,56401920.0
1776463053.63,email,email-5dcf48b665-n4zf2,cpu_usage,container_cpu_usage,0.003921836290099173
1776463053.63,email,email-5dcf48b665-n4zf2,memory_usage,container_memory_working_set_bytes,54677504.0
1776463053.63,email,email::service,pod_restart_count,k8s_container_restarts,9.0
1776463053.63,email,email::service,pod_running_count,k8s_container_ready,3.0
1776463053.63,email,otel-demo.email-5dcf48b665-66zvj.email,error_ratio,trace_server_error_ratio,0.0
1776463053.63,email,otel-demo.email-5dcf48b665-66zvj.email,request_count,trace_server_count,0.0
1776463053.63,email,otel-demo.email-5dcf48b665-9xxmx.email,error_ratio,trace_server_error_ratio,0.0
1776463053.63,email,otel-demo.email-5dcf48b665-9xxmx.email,request_count,trace_server_count,0.0
1776463053.63,email,otel-demo.email-5dcf48b665-n4zf2.email,error_ratio,trace_server_error_ratio,0.0
1776463053.63,email,otel-demo.email-5dcf48b665-n4zf2.email,request_count,trace_server_count,0.0
1776463053.63,frontend,frontend-b78bf7696-6bjdg,cpu_usage,container_cpu_usage,2.5891675668308105
1776463053.63,frontend,frontend-b78bf7696-6bjdg,memory_usage,container_memory_working_set_bytes,121716736.0
1776463053.63,frontend,frontend-b78bf7696-77ldd,cpu_usage,container_cpu_usage,2.5110613167833242
1776463053.63,frontend,frontend-b78bf7696-77ldd,memory_usage,container_memory_working_set_bytes,113053696.0
1776463053.63,frontend,frontend-b78bf7696-p9kqx,cpu_usage,container_cpu_usage,2.521135472106187
1776463053.63,frontend,frontend-b78bf7696-p9kqx,memory_usage,container_memory_working_set_bytes,121450496.0
1776463053.63,frontend,frontend::service,pod_restart_count,k8s_container_restarts,3.0
1776463053.63,frontend,frontend::service,pod_running_count,k8s_container_ready,3.0
1776463053.63,frontend,otel-demo.frontend-b78bf7696-6bjdg.frontend,dependency_error_ratio,trace_client_error_ratio,0.0
1776463053.63,frontend,otel-demo.frontend-b78bf7696-6bjdg.frontend,error_ratio,trace_server_error_ratio,0.0
1776463053.63,frontend,otel-demo.frontend-b78bf7696-6bjdg.frontend,http_5xx_ratio,http_server_5xx_ratio,0.0
1776463053.63,frontend,otel-demo.frontend-b78bf7696-6bjdg.frontend,request_count,trace_server_count,0.0
1776463053.63,frontend,otel-demo.frontend-b78bf7696-77ldd.frontend,dependency_error_ratio,trace_client_error_ratio,0.0
1776463053.63,frontend,otel-demo.frontend-b78bf7696-77ldd.frontend,error_ratio,trace_server_error_ratio,0.0
1776463053.63,frontend,otel-demo.frontend-b78bf7696-77ldd.frontend,http_5xx_ratio,http_server_5xx_ratio,0.0
1776463053.63,frontend,otel-demo.frontend-b78bf7696-77ldd.frontend,request_count,trace_server_count,0.0
1776463053.63,frontend,otel-demo.frontend-b78bf7696-p9kqx.frontend,dependency_error_ratio,trace_client_error_ratio,0.0
1776463053.63,frontend,otel-demo.frontend-b78bf7696-p9kqx.frontend,error_ratio,trace_server_error_ratio,0.0
1776463053.63,frontend,otel-demo.frontend-b78bf7696-p9kqx.frontend,http_5xx_ratio,http_server_5xx_ratio,0.0
1776463053.63,frontend,otel-demo.frontend-b78bf7696-p9kqx.frontend,request_count,trace_server_count,0.0
1776463053.63,kafka,kafka-66df8bdf76-zjcbb,cpu_usage,container_cpu_usage,0.013438475975976034
1776463053.63,kafka,kafka-66df8bdf76-zjcbb,memory_usage,container_memory_working_set_bytes,666886144.0
1776463053.63,kafka,kafka::service,pod_restart_count,k8s_container_restarts,9.0
1776463053.63,kafka,kafka::service,pod_running_count,k8s_container_ready,1.0
1776463053.63,kafka,kafka::service,queue_lag,queue_size_ratio,0.0
1776463053.63,payment,otel-demo.payment-f9f8d647b-74h8z.payment,dependency_error_ratio,trace_client_error_ratio,0.0
1776463053.63,payment,otel-demo.payment-f9f8d647b-74h8z.payment,error_ratio,trace_server_error_ratio,0.0
1776463053.63,payment,otel-demo.payment-f9f8d647b-74h8z.payment,request_count,trace_server_count,0.0
1776463053.63,payment,otel-demo.payment-f9f8d647b-75hmx.payment,dependency_error_ratio,trace_client_error_ratio,0.0
1776463053.63,payment,otel-demo.payment-f9f8d647b-75hmx.payment,error_ratio,trace_server_error_ratio,0.0
1776463053.63,payment,otel-demo.payment-f9f8d647b-75hmx.payment,request_count,trace_server_count,0.0
1776463053.63,payment,otel-demo.payment-f9f8d647b-tv6l5.payment,dependency_error_ratio,trace_client_error_ratio,0.0
1776463053.63,payment,otel-demo.payment-f9f8d647b-tv6l5.payment,error_ratio,trace_server_error_ratio,0.0
1776463053.63,payment,otel-demo.payment-f9f8d647b-tv6l5.payment,request_count,trace_server_count,0.0
1776463053.63,payment,payment-f9f8d647b-74h8z,cpu_usage,container_cpu_usage,0.009735411507051005
1776463053.63,payment,payment-f9f8d647b-74h8z,memory_usage,container_memory_working_set_bytes,109322240.0
1776463053.63,payment,payment-f9f8d647b-75hmx,cpu_usage,container_cpu_usage,0.012406637410861112
1776463053.63,payment,payment-f9f8d647b-75hmx,memory_usage,container_memory_working_set_bytes,109568000.0
1776463053.63,payment,payment-f9f8d647b-tv6l5,cpu_usage,container_cpu_usage,0.007797373119102051
1776463053.63,payment,payment-f9f8d647b-tv6l5,memory_usage,container_memory_working_set_bytes,101171200.0
1776463053.63,payment,payment::service,pod_restart_count,k8s_container_restarts,39.0
1776463053.63,payment,payment::service,pod_running_count,k8s_container_ready,3.0
1776463053.63,product-catalog,otel-demo.product-catalog-784544475c-7crs7.product-catalog,dependency_error_ratio,trace_client_error_ratio,0.0
1776463053.63,product-catalog,otel-demo.product-catalog-784544475c-7crs7.product-catalog,error_ratio,trace_server_error_ratio,0.0
1776463053.63,product-catalog,otel-demo.product-catalog-784544475c-7crs7.product-catalog,request_count,trace_server_count,0.0
1776463053.63,product-catalog,otel-demo.product-catalog-784544475c-8skc7.product-catalog,dependency_error_ratio,trace_client_error_ratio,0.0
1776463053.63,product-catalog,otel-demo.product-catalog-784544475c-8skc7.product-catalog,error_ratio,trace_server_error_ratio,0.0
1776463053.63,product-catalog,otel-demo.product-catalog-784544475c-8skc7.product-catalog,request_count,trace_server_count,0.0
1776463053.63,product-catalog,otel-demo.product-catalog-784544475c-stwzc.product-catalog,dependency_error_ratio,trace_client_error_ratio,0.0
1776463053.63,product-catalog,otel-demo.product-catalog-784544475c-stwzc.product-catalog,error_ratio,trace_server_error_ratio,0.0
1776463053.63,product-catalog,otel-demo.product-catalog-784544475c-stwzc.product-catalog,request_count,trace_server_count,0.0
1776463053.63,product-catalog,product-catalog-784544475c-7crs7,cpu_usage,container_cpu_usage,0.08820173033570956
1776463053.63,product-catalog,product-catalog-784544475c-7crs7,memory_usage,container_memory_working_set_bytes,16113664.0
1776463053.63,product-catalog,product-catalog-784544475c-8skc7,cpu_usage,container_cpu_usage,0.27661322857764836
1776463053.63,product-catalog,product-catalog-784544475c-8skc7,memory_usage,container_memory_working_set_bytes,16728064.0
1776463053.63,product-catalog,product-catalog-784544475c-stwzc,cpu_usage,container_cpu_usage,0.00045010390689942013
1776463053.63,product-catalog,product-catalog-784544475c-stwzc,memory_usage,container_memory_working_set_bytes,13053952.0
1776463053.63,product-catalog,product-catalog::service,pod_restart_count,k8s_container_restarts,37.0
1776463053.63,product-catalog,product-catalog::service,pod_running_count,k8s_container_ready,3.0
1776463053.63,recommendation,otel-demo.recommendation-5b46f7469c-g2rgb.recommendation,dependency_error_ratio,trace_client_error_ratio,0.0
1776463053.63,recommendation,otel-demo.recommendation-5b46f7469c-rjwxq.recommendation,dependency_error_ratio,trace_client_error_ratio,0.0
1776463053.63,recommendation,otel-demo.recommendation-5b46f7469c-rjwxq.recommendation,error_ratio,trace_server_error_ratio,0.0
1776463053.63,recommendation,otel-demo.recommendation-5b46f7469c-rjwxq.recommendation,request_count,trace_server_count,0.0
1776463053.63,recommendation,otel-demo.recommendation-5b46f7469c-t2fm9.recommendation,dependency_error_ratio,trace_client_error_ratio,0.0
1776463053.63,recommendation,otel-demo.recommendation-5b46f7469c-t2fm9.recommendation,error_ratio,trace_server_error_ratio,0.0
1776463053.63,recommendation,otel-demo.recommendation-5b46f7469c-t2fm9.recommendation,request_count,trace_server_count,0.0
1776463053.63,recommendation,recommendation-5b46f7469c-g2rgb,cpu_usage,container_cpu_usage,0.009732796554630729
1776463053.63,recommendation,recommendation-5b46f7469c-g2rgb,memory_usage,container_memory_working_set_bytes,46891008.0
1776463053.63,recommendation,recommendation-5b46f7469c-rjwxq,cpu_usage,container_cpu_usage,0.02750723376677365
1776463053.63,recommendation,recommendation-5b46f7469c-rjwxq,memory_usage,container_memory_working_set_bytes,47947776.0
1776463053.63,recommendation,recommendation-5b46f7469c-t2fm9,cpu_usage,container_cpu_usage,0.05412599636111512
1776463053.63,recommendation,recommendation-5b46f7469c-t2fm9,memory_usage,container_memory_working_set_bytes,52637696.0
1776463053.63,recommendation,recommendation::service,pod_restart_count,k8s_container_restarts,3.0
1776463053.63,recommendation,recommendation::service,pod_running_count,k8s_container_ready,3.0
1776463063.63,ad,3a8b9295-6ae2-4e8a-b9b0-a607d7fec0a4,dependency_error_ratio,trace_client_error_ratio,0.0
1776463063.63,ad,3a8b9295-6ae2-4e8a-b9b0-a607d7fec0a4,error_ratio,trace_server_error_ratio,0.0
1776463063.63,ad,3a8b9295-6ae2-4e8a-b9b0-a607d7fec0a4,request_count,trace_server_count,0.0
1776463063.63,ad,5680c7ee-584c-4353-b6d2-93bc605a0324,dependency_error_ratio,trace_client_error_ratio,0.0
1776463063.63,ad,5680c7ee-584c-4353-b6d2-93bc605a0324,error_ratio,trace_server_error_ratio,0.0
1776463063.63,ad,5680c7ee-584c-4353-b6d2-93bc605a0324,request_count,trace_server_count,0.0
1776463063.63,ad,9f9a3c1c-bd3f-40ea-8764-b59f1ebd2204,dependency_error_ratio,trace_client_error_ratio,0.0
1776463063.63,ad,ad-7fb5b4f859-52ks9,cpu_usage,container_cpu_usage,0.002242483245794949
1776463063.63,ad,ad-7fb5b4f859-52ks9,memory_usage,container_memory_working_set_bytes,260399104.0
1776463063.63,ad,ad-7fb5b4f859-rd4zw,cpu_usage,container_cpu_usage,0.0014328551712607155
1776463063.63,ad,ad-7fb5b4f859-rd4zw,memory_usage,container_memory_working_set_bytes,238436352.0
1776463063.63,ad,ad-7fb5b4f859-zsstr,cpu_usage,container_cpu_usage,0.003961113909168002
1776463063.63,ad,ad-7fb5b4f859-zsstr,memory_usage,container_memory_working_set_bytes,261885952.0
1776463063.63,ad,ad::service,pod_restart_count,k8s_container_restarts,3.0
1776463063.63,ad,ad::service,pod_running_count,k8s_container_ready,3.0
1776463063.63,cart,cart-7c7496d7f-th7mc,cpu_usage,container_cpu_usage,0.05073125012003602
1776463063.63,cart,cart-7c7496d7f-th7mc,memory_usage,container_memory_working_set_bytes,63160320.0
1776463063.63,cart,cart::service,pod_restart_count,k8s_container_restarts,1.0
1776463063.63,cart,cart::service,pod_running_count,k8s_container_ready,1.0
1776463063.63,cart,f1f3afac-3031-4c18-925a-048232421d89,dependency_error_ratio,trace_client_error_ratio,0.0
1776463063.63,cart,f1f3afac-3031-4c18-925a-048232421d89,error_ratio,trace_server_error_ratio,0.0
1776463063.63,cart,f1f3afac-3031-4c18-925a-048232421d89,request_count,trace_server_count,0.0
1776463063.63,checkout,4755bdbd-5ad9-49fa-acb7-3a7dcb6a9277,dependency_error_ratio,trace_client_error_ratio,0.0
1776463063.63,checkout,4755bdbd-5ad9-49fa-acb7-3a7dcb6a9277,error_ratio,trace_server_error_ratio,0.0
1776463063.63,checkout,4755bdbd-5ad9-49fa-acb7-3a7dcb6a9277,request_count,trace_server_count,0.0
1776463063.63,checkout,bb49e6b9-109a-41b8-be66-ab2a38272474,dependency_error_ratio,trace_client_error_ratio,0.0
1776463063.63,checkout,bb49e6b9-109a-41b8-be66-ab2a38272474,error_ratio,trace_server_error_ratio,0.0
1776463063.63,checkout,bb49e6b9-109a-41b8-be66-ab2a38272474,request_count,trace_server_count,0.0
1776463063.63,checkout,bc5804df-6f63-4261-8788-8ecfe5481366,dependency_error_ratio,trace_client_error_ratio,0.0
1776463063.63,checkout,bc5804df-6f63-4261-8788-8ecfe5481366,error_ratio,trace_server_error_ratio,0.0
1776463063.63,checkout,bc5804df-6f63-4261-8788-8ecfe5481366,request_count,trace_server_count,0.0
1776463063.63,checkout,checkout-7f4ccfc547-6crwh,cpu_usage,container_cpu_usage,0.12572509280842684
1776463063.63,checkout,checkout-7f4ccfc547-6crwh,memory_usage,container_memory_working_set_bytes,17174528.0
1776463063.63,checkout,checkout-7f4ccfc547-ftx2n,cpu_usage,container_cpu_usage,0.0007188986132757876
1776463063.63,checkout,checkout-7f4ccfc547-ftx2n,memory_usage,container_memory_working_set_bytes,12210176.0
1776463063.63,checkout,checkout-7f4ccfc547-qlfgr,cpu_usage,container_cpu_usage,0.0709817626576856
1776463063.63,checkout,checkout-7f4ccfc547-qlfgr,memory_usage,container_memory_working_set_bytes,15060992.0
1776463063.63,checkout,checkout::service,pod_restart_count,k8s_container_restarts,45.0
1776463063.63,checkout,checkout::service,pod_running_count,k8s_container_ready,3.0
1776463063.63,email,email-5dcf48b665-66zvj,cpu_usage,container_cpu_usage,0.008260903772442964
1776463063.63,email,email-5dcf48b665-66zvj,memory_usage,container_memory_working_set_bytes,59932672.0
1776463063.63,email,email-5dcf48b665-9xxmx,cpu_usage,container_cpu_usage,0.0062614847482545775
1776463063.63,email,email-5dcf48b665-9xxmx,memory_usage,container_memory_working_set_bytes,56401920.0
1776463063.63,email,email-5dcf48b665-n4zf2,cpu_usage,container_cpu_usage,0.00388131625414785
1776463063.63,email,email-5dcf48b665-n4zf2,memory_usage,container_memory_working_set_bytes,54677504.0
1776463063.63,email,email::service,pod_restart_count,k8s_container_restarts,9.0
1776463063.63,email,email::service,pod_running_count,k8s_container_ready,3.0
1776463063.63,email,otel-demo.email-5dcf48b665-66zvj.email,error_ratio,trace_server_error_ratio,0.0
1776463063.63,email,otel-demo.email-5dcf48b665-66zvj.email,request_count,trace_server_count,0.0
1776463063.63,email,otel-demo.email-5dcf48b665-9xxmx.email,error_ratio,trace_server_error_ratio,0.0
1776463063.63,email,otel-demo.email-5dcf48b665-9xxmx.email,request_count,trace_server_count,0.0
1776463063.63,email,otel-demo.email-5dcf48b665-n4zf2.email,error_ratio,trace_server_error_ratio,0.0
1776463063.63,email,otel-demo.email-5dcf48b665-n4zf2.email,request_count,trace_server_count,0.0
1776463063.63,frontend,frontend-b78bf7696-6bjdg,cpu_usage,container_cpu_usage,2.6323059176779737
1776463063.63,frontend,frontend-b78bf7696-6bjdg,memory_usage,container_memory_working_set_bytes,121716736.0
1776463063.63,frontend,frontend-b78bf7696-77ldd,cpu_usage,container_cpu_usage,2.655666805661155
1776463063.63,frontend,frontend-b78bf7696-77ldd,memory_usage,container_memory_working_set_bytes,113025024.0
1776463063.63,frontend,frontend-b78bf7696-p9kqx,cpu_usage,container_cpu_usage,2.085147763403767
1776463063.63,frontend,frontend-b78bf7696-p9kqx,memory_usage,container_memory_working_set_bytes,121749504.0
1776463063.63,frontend,frontend::service,pod_restart_count,k8s_container_restarts,3.0
1776463063.63,frontend,frontend::service,pod_running_count,k8s_container_ready,3.0
1776463063.63,frontend,otel-demo.frontend-b78bf7696-6bjdg.frontend,dependency_error_ratio,trace_client_error_ratio,0.0
1776463063.63,frontend,otel-demo.frontend-b78bf7696-6bjdg.frontend,error_ratio,trace_server_error_ratio,0.0
1776463063.63,frontend,otel-demo.frontend-b78bf7696-6bjdg.frontend,http_5xx_ratio,http_server_5xx_ratio,0.0
1776463063.63,frontend,otel-demo.frontend-b78bf7696-6bjdg.frontend,request_count,trace_server_count,0.0
1776463063.63,frontend,otel-demo.frontend-b78bf7696-77ldd.frontend,dependency_error_ratio,trace_client_error_ratio,0.0
1776463063.63,frontend,otel-demo.frontend-b78bf7696-77ldd.frontend,error_ratio,trace_server_error_ratio,0.0
1776463063.63,frontend,otel-demo.frontend-b78bf7696-77ldd.frontend,http_5xx_ratio,http_server_5xx_ratio,0.0
1776463063.63,frontend,otel-demo.frontend-b78bf7696-77ldd.frontend,request_count,trace_server_count,0.0
1776463063.63,frontend,otel-demo.frontend-b78bf7696-p9kqx.frontend,dependency_error_ratio,trace_client_error_ratio,0.0
1776463063.63,frontend,otel-demo.frontend-b78bf7696-p9kqx.frontend,error_ratio,trace_server_error_ratio,0.0
1776463063.63,frontend,otel-demo.frontend-b78bf7696-p9kqx.frontend,http_5xx_ratio,http_server_5xx_ratio,0.0
1776463063.63,frontend,otel-demo.frontend-b78bf7696-p9kqx.frontend,request_count,trace_server_count,0.0
1776463063.63,kafka,kafka-66df8bdf76-zjcbb,cpu_usage,container_cpu_usage,0.01405655399121994
1776463063.63,kafka,kafka-66df8bdf76-zjcbb,memory_usage,container_memory_working_set_bytes,666914816.0
1776463063.63,kafka,kafka::service,pod_restart_count,k8s_container_restarts,9.0
1776463063.63,kafka,kafka::service,pod_running_count,k8s_container_ready,1.0
1776463063.63,kafka,kafka::service,queue_lag,queue_size_ratio,0.0
1776463063.63,payment,otel-demo.payment-f9f8d647b-74h8z.payment,dependency_error_ratio,trace_client_error_ratio,0.0
1776463063.63,payment,otel-demo.payment-f9f8d647b-74h8z.payment,error_ratio,trace_server_error_ratio,0.0
1776463063.63,payment,otel-demo.payment-f9f8d647b-74h8z.payment,request_count,trace_server_count,0.0
1776463063.63,payment,otel-demo.payment-f9f8d647b-75hmx.payment,dependency_error_ratio,trace_client_error_ratio,0.0
1776463063.63,payment,otel-demo.payment-f9f8d647b-75hmx.payment,error_ratio,trace_server_error_ratio,0.0
1776463063.63,payment,otel-demo.payment-f9f8d647b-75hmx.payment,request_count,trace_server_count,0.0
1776463063.63,payment,otel-demo.payment-f9f8d647b-tv6l5.payment,dependency_error_ratio,trace_client_error_ratio,0.0
1776463063.63,payment,otel-demo.payment-f9f8d647b-tv6l5.payment,error_ratio,trace_server_error_ratio,0.0
1776463063.63,payment,otel-demo.payment-f9f8d647b-tv6l5.payment,request_count,trace_server_count,0.0
1776463063.63,payment,payment-f9f8d647b-74h8z,cpu_usage,container_cpu_usage,0.008505899939448947
1776463063.63,payment,payment-f9f8d647b-74h8z,memory_usage,container_memory_working_set_bytes,109322240.0
1776463063.63,payment,payment-f9f8d647b-75hmx,cpu_usage,container_cpu_usage,0.013379965127666303
1776463063.63,payment,payment-f9f8d647b-75hmx,memory_usage,container_memory_working_set_bytes,109568000.0
1776463063.63,payment,payment-f9f8d647b-tv6l5,cpu_usage,container_cpu_usage,0.007797373119102051
1776463063.63,payment,payment-f9f8d647b-tv6l5,memory_usage,container_memory_working_set_bytes,101171200.0
1776463063.63,payment,payment::service,pod_restart_count,k8s_container_restarts,39.0
1776463063.63,payment,payment::service,pod_running_count,k8s_container_ready,3.0
1776463063.63,product-catalog,otel-demo.product-catalog-784544475c-7crs7.product-catalog,dependency_error_ratio,trace_client_error_ratio,0.0
1776463063.63,product-catalog,otel-demo.product-catalog-784544475c-7crs7.product-catalog,error_ratio,trace_server_error_ratio,0.0
1776463063.63,product-catalog,otel-demo.product-catalog-784544475c-7crs7.product-catalog,request_count,trace_server_count,0.0
1776463063.63,product-catalog,otel-demo.product-catalog-784544475c-8skc7.product-catalog,dependency_error_ratio,trace_client_error_ratio,0.0
1776463063.63,product-catalog,otel-demo.product-catalog-784544475c-8skc7.product-catalog,error_ratio,trace_server_error_ratio,0.0
1776463063.63,product-catalog,otel-demo.product-catalog-784544475c-8skc7.product-catalog,request_count,trace_server_count,0.0
1776463063.63,product-catalog,otel-demo.product-catalog-784544475c-stwzc.product-catalog,dependency_error_ratio,trace_client_error_ratio,0.0
1776463063.63,product-catalog,otel-demo.product-catalog-784544475c-stwzc.product-catalog,error_ratio,trace_server_error_ratio,0.0
1776463063.63,product-catalog,otel-demo.product-catalog-784544475c-stwzc.product-catalog,request_count,trace_server_count,0.0
1776463063.63,product-catalog,product-catalog-784544475c-7crs7,cpu_usage,container_cpu_usage,0.11988085853738224
1776463063.63,product-catalog,product-catalog-784544475c-7crs7,memory_usage,container_memory_working_set_bytes,16515072.0
1776463063.63,product-catalog,product-catalog-784544475c-8skc7,cpu_usage,container_cpu_usage,0.3029554712624733
1776463063.63,product-catalog,product-catalog-784544475c-8skc7,memory_usage,container_memory_working_set_bytes,17608704.0
1776463063.63,product-catalog,product-catalog-784544475c-stwzc,cpu_usage,container_cpu_usage,0.00042017261600457386
1776463063.63,product-catalog,product-catalog-784544475c-stwzc,memory_usage,container_memory_working_set_bytes,13053952.0
1776463063.63,product-catalog,product-catalog::service,pod_restart_count,k8s_container_restarts,37.0
1776463063.63,product-catalog,product-catalog::service,pod_running_count,k8s_container_ready,3.0
1776463063.63,recommendation,otel-demo.recommendation-5b46f7469c-g2rgb.recommendation,dependency_error_ratio,trace_client_error_ratio,0.0
1776463063.63,recommendation,otel-demo.recommendation-5b46f7469c-rjwxq.recommendation,dependency_error_ratio,trace_client_error_ratio,0.0
1776463063.63,recommendation,otel-demo.recommendation-5b46f7469c-rjwxq.recommendation,error_ratio,trace_server_error_ratio,0.0
1776463063.63,recommendation,otel-demo.recommendation-5b46f7469c-rjwxq.recommendation,request_count,trace_server_count,0.0
1776463063.63,recommendation,otel-demo.recommendation-5b46f7469c-t2fm9.recommendation,dependency_error_ratio,trace_client_error_ratio,0.0
1776463063.63,recommendation,otel-demo.recommendation-5b46f7469c-t2fm9.recommendation,error_ratio,trace_server_error_ratio,0.0
1776463063.63,recommendation,otel-demo.recommendation-5b46f7469c-t2fm9.recommendation,request_count,trace_server_count,0.0
1776463063.63,recommendation,recommendation-5b46f7469c-g2rgb,cpu_usage,container_cpu_usage,0.014264397719173393
1776463063.63,recommendation,recommendation-5b46f7469c-g2rgb,memory_usage,container_memory_working_set_bytes,46891008.0
1776463063.63,recommendation,recommendation-5b46f7469c-rjwxq,cpu_usage,container_cpu_usage,0.03780490811952987
1776463063.63,recommendation,recommendation-5b46f7469c-rjwxq,memory_usage,container_memory_working_set_bytes,47996928.0
1776463063.63,recommendation,recommendation-5b46f7469c-t2fm9,cpu_usage,container_cpu_usage,0.06412977714557064
1776463063.63,recommendation,recommendation-5b46f7469c-t2fm9,memory_usage,container_memory_working_set_bytes,52682752.0
1776463063.63,recommendation,recommendation::service,pod_restart_count,k8s_container_restarts,3.0
1776463063.63,recommendation,recommendation::service,pod_running_count,k8s_container_ready,3.0
1776463073.63,ad,3a8b9295-6ae2-4e8a-b9b0-a607d7fec0a4,dependency_error_ratio,trace_client_error_ratio,0.0
1776463073.63,ad,3a8b9295-6ae2-4e8a-b9b0-a607d7fec0a4,error_ratio,trace_server_error_ratio,0.0
1776463073.63,ad,3a8b9295-6ae2-4e8a-b9b0-a607d7fec0a4,request_count,trace_server_count,0.0
1776463073.63,ad,5680c7ee-584c-4353-b6d2-93bc605a0324,dependency_error_ratio,trace_client_error_ratio,0.0
1776463073.63,ad,5680c7ee-584c-4353-b6d2-93bc605a0324,error_ratio,trace_server_error_ratio,0.0
1776463073.63,ad,5680c7ee-584c-4353-b6d2-93bc605a0324,request_count,trace_server_count,0.0
1776463073.63,ad,9f9a3c1c-bd3f-40ea-8764-b59f1ebd2204,dependency_error_ratio,trace_client_error_ratio,0.0
1776463073.63,ad,ad-7fb5b4f859-52ks9,cpu_usage,container_cpu_usage,0.002768368257334715
1776463073.63,ad,ad-7fb5b4f859-52ks9,memory_usage,container_memory_working_set_bytes,260435968.0
1776463073.63,ad,ad-7fb5b4f859-rd4zw,cpu_usage,container_cpu_usage,0.0011975282006960774
1776463073.63,ad,ad-7fb5b4f859-rd4zw,memory_usage,container_memory_working_set_bytes,238436352.0
1776463073.63,ad,ad-7fb5b4f859-zsstr,cpu_usage,container_cpu_usage,0.0037222942320050503
1776463073.63,ad,ad-7fb5b4f859-zsstr,memory_usage,container_memory_working_set_bytes,261885952.0
1776463073.63,ad,ad::service,pod_restart_count,k8s_container_restarts,3.0
1776463073.63,ad,ad::service,pod_running_count,k8s_container_ready,3.0
1776463073.63,cart,cart-7c7496d7f-th7mc,cpu_usage,container_cpu_usage,0.04694011400953832
1776463073.63,cart,cart-7c7496d7f-th7mc,memory_usage,container_memory_working_set_bytes,63160320.0
1776463073.63,cart,cart::service,pod_restart_count,k8s_container_restarts,1.0
1776463073.63,cart,cart::service,pod_running_count,k8s_container_ready,1.0
1776463073.63,cart,f1f3afac-3031-4c18-925a-048232421d89,dependency_error_ratio,trace_client_error_ratio,0.0
1776463073.63,cart,f1f3afac-3031-4c18-925a-048232421d89,error_ratio,trace_server_error_ratio,0.0
1776463073.63,cart,f1f3afac-3031-4c18-925a-048232421d89,request_count,trace_server_count,0.0
1776463073.63,checkout,4755bdbd-5ad9-49fa-acb7-3a7dcb6a9277,dependency_error_ratio,trace_client_error_ratio,0.0
1776463073.63,checkout,4755bdbd-5ad9-49fa-acb7-3a7dcb6a9277,error_ratio,trace_server_error_ratio,0.0
1776463073.63,checkout,4755bdbd-5ad9-49fa-acb7-3a7dcb6a9277,request_count,trace_server_count,0.0
1776463073.63,checkout,bb49e6b9-109a-41b8-be66-ab2a38272474,dependency_error_ratio,trace_client_error_ratio,0.0
1776463073.63,checkout,bb49e6b9-109a-41b8-be66-ab2a38272474,error_ratio,trace_server_error_ratio,0.0
1776463073.63,checkout,bb49e6b9-109a-41b8-be66-ab2a38272474,request_count,trace_server_count,0.0
1776463073.63,checkout,bc5804df-6f63-4261-8788-8ecfe5481366,dependency_error_ratio,trace_client_error_ratio,0.0
1776463073.63,checkout,bc5804df-6f63-4261-8788-8ecfe5481366,error_ratio,trace_server_error_ratio,0.0
1776463073.63,checkout,bc5804df-6f63-4261-8788-8ecfe5481366,request_count,trace_server_count,0.0
1776463073.63,checkout,checkout-7f4ccfc547-6crwh,cpu_usage,container_cpu_usage,0.12572509280842684
1776463073.63,checkout,checkout-7f4ccfc547-6crwh,memory_usage,container_memory_working_set_bytes,17174528.0
1776463073.63,checkout,checkout-7f4ccfc547-ftx2n,cpu_usage,container_cpu_usage,0.0008857231067790048
1776463073.63,checkout,checkout-7f4ccfc547-ftx2n,memory_usage,container_memory_working_set_bytes,12210176.0
1776463073.63,checkout,checkout-7f4ccfc547-qlfgr,cpu_usage,container_cpu_usage,0.06883326020184335
1776463073.63,checkout,checkout-7f4ccfc547-qlfgr,memory_usage,container_memory_working_set_bytes,15130624.0
1776463073.63,checkout,checkout::service,pod_restart_count,k8s_container_restarts,45.0
1776463073.63,checkout,checkout::service,pod_running_count,k8s_container_ready,3.0
1776463073.63,email,email-5dcf48b665-66zvj,cpu_usage,container_cpu_usage,0.008781188078774062
1776463073.63,email,email-5dcf48b665-66zvj,memory_usage,container_memory_working_set_bytes,59621376.0
1776463073.63,email,email-5dcf48b665-9xxmx,cpu_usage,container_cpu_usage,0.007498165234914649
1776463073.63,email,email-5dcf48b665-9xxmx,memory_usage,container_memory_working_set_bytes,56434688.0
1776463073.63,email,email-5dcf48b665-n4zf2,cpu_usage,container_cpu_usage,0.004376864017176652
1776463073.63,email,email-5dcf48b665-n4zf2,memory_usage,container_memory_working_set_bytes,54730752.0
1776463073.63,email,email::service,pod_restart_count,k8s_container_restarts,9.0
1776463073.63,email,email::service,pod_running_count,k8s_container_ready,3.0
1776463073.63,email,otel-demo.email-5dcf48b665-66zvj.email,error_ratio,trace_server_error_ratio,0.0
1776463073.63,email,otel-demo.email-5dcf48b665-66zvj.email,request_count,trace_server_count,0.0
1776463073.63,email,otel-demo.email-5dcf48b665-9xxmx.email,error_ratio,trace_server_error_ratio,0.0
1776463073.63,email,otel-demo.email-5dcf48b665-9xxmx.email,request_count,trace_server_count,0.0
1776463073.63,email,otel-demo.email-5dcf48b665-n4zf2.email,error_ratio,trace_server_error_ratio,0.0
1776463073.63,email,otel-demo.email-5dcf48b665-n4zf2.email,request_count,trace_server_count,0.0
1776463073.63,frontend,frontend-b78bf7696-6bjdg,cpu_usage,container_cpu_usage,2.46031227726304
1776463073.63,frontend,frontend-b78bf7696-6bjdg,memory_usage,container_memory_working_set_bytes,121716736.0
1776463073.63,frontend,frontend-b78bf7696-77ldd,cpu_usage,container_cpu_usage,2.655666805661155
1776463073.63,frontend,frontend-b78bf7696-77ldd,memory_usage,container_memory_working_set_bytes,113025024.0
1776463073.63,frontend,frontend-b78bf7696-p9kqx,cpu_usage,container_cpu_usage,2.248392798252333
1776463073.63,frontend,frontend-b78bf7696-p9kqx,memory_usage,container_memory_working_set_bytes,121749504.0
1776463073.63,frontend,frontend::service,pod_restart_count,k8s_container_restarts,3.0
1776463073.63,frontend,frontend::service,pod_running_count,k8s_container_ready,3.0
1776463073.63,frontend,otel-demo.frontend-b78bf7696-6bjdg.frontend,dependency_error_ratio,trace_client_error_ratio,0.0
1776463073.63,frontend,otel-demo.frontend-b78bf7696-6bjdg.frontend,error_ratio,trace_server_error_ratio,0.0
1776463073.63,frontend,otel-demo.frontend-b78bf7696-6bjdg.frontend,http_5xx_ratio,http_server_5xx_ratio,0.0
1776463073.63,frontend,otel-demo.frontend-b78bf7696-6bjdg.frontend,request_count,trace_server_count,0.0
1776463073.63,frontend,otel-demo.frontend-b78bf7696-77ldd.frontend,dependency_error_ratio,trace_client_error_ratio,0.0
1776463073.63,frontend,otel-demo.frontend-b78bf7696-77ldd.frontend,error_ratio,trace_server_error_ratio,0.0
1776463073.63,frontend,otel-demo.frontend-b78bf7696-77ldd.frontend,http_5xx_ratio,http_server_5xx_ratio,0.0
1776463073.63,frontend,otel-demo.frontend-b78bf7696-77ldd.frontend,request_count,trace_server_count,0.0
1776463073.63,frontend,otel-demo.frontend-b78bf7696-p9kqx.frontend,dependency_error_ratio,trace_client_error_ratio,0.0
1776463073.63,frontend,otel-demo.frontend-b78bf7696-p9kqx.frontend,error_ratio,trace_server_error_ratio,0.0
1776463073.63,frontend,otel-demo.frontend-b78bf7696-p9kqx.frontend,http_5xx_ratio,http_server_5xx_ratio,0.0
1776463073.63,frontend,otel-demo.frontend-b78bf7696-p9kqx.frontend,request_count,trace_server_count,0.0
1776463073.63,kafka,kafka-66df8bdf76-zjcbb,cpu_usage,container_cpu_usage,0.01405655399121994
1776463073.63,kafka,kafka-66df8bdf76-zjcbb,memory_usage,container_memory_working_set_bytes,666914816.0
1776463073.63,kafka,kafka::service,pod_restart_count,k8s_container_restarts,9.0
1776463073.63,kafka,kafka::service,pod_running_count,k8s_container_ready,1.0
1776463073.63,kafka,kafka::service,queue_lag,queue_size_ratio,0.0
1776463073.63,payment,otel-demo.payment-f9f8d647b-74h8z.payment,dependency_error_ratio,trace_client_error_ratio,0.0
1776463073.63,payment,otel-demo.payment-f9f8d647b-74h8z.payment,error_ratio,trace_server_error_ratio,0.0
1776463073.63,payment,otel-demo.payment-f9f8d647b-74h8z.payment,request_count,trace_server_count,0.0
1776463073.63,payment,otel-demo.payment-f9f8d647b-75hmx.payment,dependency_error_ratio,trace_client_error_ratio,0.0
1776463073.63,payment,otel-demo.payment-f9f8d647b-75hmx.payment,error_ratio,trace_server_error_ratio,0.0
1776463073.63,payment,otel-demo.payment-f9f8d647b-75hmx.payment,request_count,trace_server_count,0.0
1776463073.63,payment,otel-demo.payment-f9f8d647b-tv6l5.payment,dependency_error_ratio,trace_client_error_ratio,0.0
1776463073.63,payment,otel-demo.payment-f9f8d647b-tv6l5.payment,error_ratio,trace_server_error_ratio,0.0
1776463073.63,payment,otel-demo.payment-f9f8d647b-tv6l5.payment,request_count,trace_server_count,0.0
1776463073.63,payment,payment-f9f8d647b-74h8z,cpu_usage,container_cpu_usage,0.010717511937024141
1776463073.63,payment,payment-f9f8d647b-74h8z,memory_usage,container_memory_working_set_bytes,109395968.0
1776463073.63,payment,payment-f9f8d647b-75hmx,cpu_usage,container_cpu_usage,0.013007768131078686
1776463073.63,payment,payment-f9f8d647b-75hmx,memory_usage,container_memory_working_set_bytes,109608960.0
1776463073.63,payment,payment-f9f8d647b-tv6l5,cpu_usage,container_cpu_usage,0.007791408389793879
1776463073.63,payment,payment-f9f8d647b-tv6l5,memory_usage,container_memory_working_set_bytes,101187584.0
1776463073.63,payment,payment::service,pod_restart_count,k8s_container_restarts,39.0
1776463073.63,payment,payment::service,pod_running_count,k8s_container_ready,3.0
1776463073.63,product-catalog,otel-demo.product-catalog-784544475c-7crs7.product-catalog,dependency_error_ratio,trace_client_error_ratio,0.0
1776463073.63,product-catalog,otel-demo.product-catalog-784544475c-7crs7.product-catalog,error_ratio,trace_server_error_ratio,0.0
1776463073.63,product-catalog,otel-demo.product-catalog-784544475c-7crs7.product-catalog,request_count,trace_server_count,0.0
1776463073.63,product-catalog,otel-demo.product-catalog-784544475c-8skc7.product-catalog,dependency_error_ratio,trace_client_error_ratio,0.0
1776463073.63,product-catalog,otel-demo.product-catalog-784544475c-8skc7.product-catalog,error_ratio,trace_server_error_ratio,0.0
1776463073.63,product-catalog,otel-demo.product-catalog-784544475c-8skc7.product-catalog,request_count,trace_server_count,0.0
1776463073.63,product-catalog,otel-demo.product-catalog-784544475c-stwzc.product-catalog,dependency_error_ratio,trace_client_error_ratio,0.0
1776463073.63,product-catalog,otel-demo.product-catalog-784544475c-stwzc.product-catalog,error_ratio,trace_server_error_ratio,0.0
1776463073.63,product-catalog,otel-demo.product-catalog-784544475c-stwzc.product-catalog,request_count,trace_server_count,0.0
1776463073.63,product-catalog,product-catalog-784544475c-7crs7,cpu_usage,container_cpu_usage,0.13542440898660535
1776463073.63,product-catalog,product-catalog-784544475c-7crs7,memory_usage,container_memory_working_set_bytes,16515072.0
1776463073.63,product-catalog,product-catalog-784544475c-8skc7,cpu_usage,container_cpu_usage,0.29800653826132306
1776463073.63,product-catalog,product-catalog-784544475c-8skc7,memory_usage,container_memory_working_set_bytes,16711680.0
1776463073.63,product-catalog,product-catalog-784544475c-stwzc,cpu_usage,container_cpu_usage,0.0005065365668813957
1776463073.63,product-catalog,product-catalog-784544475c-stwzc,memory_usage,container_memory_working_set_bytes,13053952.0
1776463073.63,product-catalog,product-catalog::service,pod_restart_count,k8s_container_restarts,37.0
1776463073.63,product-catalog,product-catalog::service,pod_running_count,k8s_container_ready,3.0
1776463073.63,recommendation,otel-demo.recommendation-5b46f7469c-g2rgb.recommendation,dependency_error_ratio,trace_client_error_ratio,0.0
1776463073.63,recommendation,otel-demo.recommendation-5b46f7469c-rjwxq.recommendation,dependency_error_ratio,trace_client_error_ratio,0.0
1776463073.63,recommendation,otel-demo.recommendation-5b46f7469c-rjwxq.recommendation,error_ratio,trace_server_error_ratio,0.0
1776463073.63,recommendation,otel-demo.recommendation-5b46f7469c-rjwxq.recommendation,request_count,trace_server_count,0.0
1776463073.63,recommendation,otel-demo.recommendation-5b46f7469c-t2fm9.recommendation,dependency_error_ratio,trace_client_error_ratio,0.0
1776463073.63,recommendation,otel-demo.recommendation-5b46f7469c-t2fm9.recommendation,error_ratio,trace_server_error_ratio,0.0
1776463073.63,recommendation,otel-demo.recommendation-5b46f7469c-t2fm9.recommendation,request_count,trace_server_count,0.0
1776463073.63,recommendation,recommendation-5b46f7469c-g2rgb,cpu_usage,container_cpu_usage,0.01633619719995116
1776463073.63,recommendation,recommendation-5b46f7469c-g2rgb,memory_usage,container_memory_working_set_bytes,46891008.0
1776463073.63,recommendation,recommendation-5b46f7469c-rjwxq,cpu_usage,container_cpu_usage,0.03995190863257768
1776463073.63,recommendation,recommendation-5b46f7469c-rjwxq,memory_usage,container_memory_working_set_bytes,47894528.0
1776463073.63,recommendation,recommendation-5b46f7469c-t2fm9,cpu_usage,container_cpu_usage,0.053494922435596844
1776463073.63,recommendation,recommendation-5b46f7469c-t2fm9,memory_usage,container_memory_working_set_bytes,52682752.0
1776463073.63,recommendation,recommendation::service,pod_restart_count,k8s_container_restarts,3.0
1776463073.63,recommendation,recommendation::service,pod_running_count,k8s_container_ready,3.0
1776463083.63,ad,3a8b9295-6ae2-4e8a-b9b0-a607d7fec0a4,dependency_error_ratio,trace_client_error_ratio,0.0
1776463083.63,ad,3a8b9295-6ae2-4e8a-b9b0-a607d7fec0a4,error_ratio,trace_server_error_ratio,0.0
1776463083.63,ad,3a8b9295-6ae2-4e8a-b9b0-a607d7fec0a4,request_count,trace_server_count,0.0
1776463083.63,ad,5680c7ee-584c-4353-b6d2-93bc605a0324,dependency_error_ratio,trace_client_error_ratio,0.0
1776463083.63,ad,5680c7ee-584c-4353-b6d2-93bc605a0324,error_ratio,trace_server_error_ratio,0.0
1776463083.63,ad,5680c7ee-584c-4353-b6d2-93bc605a0324,request_count,trace_server_count,0.0
1776463083.63,ad,9f9a3c1c-bd3f-40ea-8764-b59f1ebd2204,dependency_error_ratio,trace_client_error_ratio,0.0
1776463083.63,ad,ad-7fb5b4f859-52ks9,cpu_usage,container_cpu_usage,0.0022345223251947818
1776463083.63,ad,ad-7fb5b4f859-52ks9,memory_usage,container_memory_working_set_bytes,260435968.0
1776463083.63,ad,ad-7fb5b4f859-rd4zw,cpu_usage,container_cpu_usage,0.001126346273960384
1776463083.63,ad,ad-7fb5b4f859-rd4zw,memory_usage,container_memory_working_set_bytes,238436352.0
1776463083.63,ad,ad-7fb5b4f859-zsstr,cpu_usage,container_cpu_usage,0.0033917324680661533
1776463083.63,ad,ad-7fb5b4f859-zsstr,memory_usage,container_memory_working_set_bytes,261885952.0
1776463083.63,ad,ad::service,pod_restart_count,k8s_container_restarts,3.0
1776463083.63,ad,ad::service,pod_running_count,k8s_container_ready,3.0
1776463083.63,cart,cart-7c7496d7f-th7mc,cpu_usage,container_cpu_usage,0.043835036280172324
1776463083.63,cart,cart-7c7496d7f-th7mc,memory_usage,container_memory_working_set_bytes,63225856.0
1776463083.63,cart,cart::service,pod_restart_count,k8s_container_restarts,1.0
1776463083.63,cart,cart::service,pod_running_count,k8s_container_ready,1.0
1776463083.63,cart,f1f3afac-3031-4c18-925a-048232421d89,dependency_error_ratio,trace_client_error_ratio,0.0
1776463083.63,cart,f1f3afac-3031-4c18-925a-048232421d89,error_ratio,trace_server_error_ratio,0.0
1776463083.63,cart,f1f3afac-3031-4c18-925a-048232421d89,request_count,trace_server_count,0.0
1776463083.63,checkout,4755bdbd-5ad9-49fa-acb7-3a7dcb6a9277,dependency_error_ratio,trace_client_error_ratio,0.0
1776463083.63,checkout,4755bdbd-5ad9-49fa-acb7-3a7dcb6a9277,error_ratio,trace_server_error_ratio,0.0
1776463083.63,checkout,4755bdbd-5ad9-49fa-acb7-3a7dcb6a9277,request_count,trace_server_count,0.0
1776463083.63,checkout,bb49e6b9-109a-41b8-be66-ab2a38272474,dependency_error_ratio,trace_client_error_ratio,0.0
1776463083.63,checkout,bb49e6b9-109a-41b8-be66-ab2a38272474,error_ratio,trace_server_error_ratio,0.0
1776463083.63,checkout,bb49e6b9-109a-41b8-be66-ab2a38272474,request_count,trace_server_count,0.0
1776463083.63,checkout,bc5804df-6f63-4261-8788-8ecfe5481366,dependency_error_ratio,trace_client_error_ratio,0.0
1776463083.63,checkout,bc5804df-6f63-4261-8788-8ecfe5481366,error_ratio,trace_server_error_ratio,0.0
1776463083.63,checkout,bc5804df-6f63-4261-8788-8ecfe5481366,request_count,trace_server_count,0.0
1776463083.63,checkout,checkout-7f4ccfc547-6crwh,cpu_usage,container_cpu_usage,0.10615904386593367
1776463083.63,checkout,checkout-7f4ccfc547-6crwh,memory_usage,container_memory_working_set_bytes,16994304.0
1776463083.63,checkout,checkout-7f4ccfc547-ftx2n,cpu_usage,container_cpu_usage,0.0008857231067790048
1776463083.63,checkout,checkout-7f4ccfc547-ftx2n,memory_usage,container_memory_working_set_bytes,12210176.0
1776463083.63,checkout,checkout-7f4ccfc547-qlfgr,cpu_usage,container_cpu_usage,0.0554111562014096
1776463083.63,checkout,checkout-7f4ccfc547-qlfgr,memory_usage,container_memory_working_set_bytes,15945728.0
1776463083.63,checkout,checkout::service,pod_restart_count,k8s_container_restarts,45.0
1776463083.63,checkout,checkout::service,pod_running_count,k8s_container_ready,3.0
1776463083.63,email,email-5dcf48b665-66zvj,cpu_usage,container_cpu_usage,0.005621980659540441
1776463083.63,email,email-5dcf48b665-66zvj,memory_usage,container_memory_working_set_bytes,59621376.0
1776463083.63,email,email-5dcf48b665-9xxmx,cpu_usage,container_cpu_usage,0.007048338284699767
1776463083.63,email,email-5dcf48b665-9xxmx,memory_usage,container_memory_working_set_bytes,56434688.0
1776463083.63,email,email-5dcf48b665-n4zf2,cpu_usage,container_cpu_usage,0.003735126966220243
1776463083.63,email,email-5dcf48b665-n4zf2,memory_usage,container_memory_working_set_bytes,54620160.0
1776463083.63,email,email::service,pod_restart_count,k8s_container_restarts,9.0
1776463083.63,email,email::service,pod_running_count,k8s_container_ready,3.0
1776463083.63,email,otel-demo.email-5dcf48b665-66zvj.email,error_ratio,trace_server_error_ratio,0.0
1776463083.63,email,otel-demo.email-5dcf48b665-66zvj.email,request_count,trace_server_count,0.0
1776463083.63,email,otel-demo.email-5dcf48b665-9xxmx.email,error_ratio,trace_server_error_ratio,0.0
1776463083.63,email,otel-demo.email-5dcf48b665-9xxmx.email,request_count,trace_server_count,0.0
1776463083.63,email,otel-demo.email-5dcf48b665-n4zf2.email,error_ratio,trace_server_error_ratio,0.0
1776463083.63,email,otel-demo.email-5dcf48b665-n4zf2.email,request_count,trace_server_count,0.0
1776463083.63,frontend,frontend-b78bf7696-6bjdg,cpu_usage,container_cpu_usage,2.4705902900988628
1776463083.63,frontend,frontend-b78bf7696-6bjdg,memory_usage,container_memory_working_set_bytes,122650624.0
1776463083.63,frontend,frontend-b78bf7696-77ldd,cpu_usage,container_cpu_usage,2.6145494536925913
1776463083.63,frontend,frontend-b78bf7696-77ldd,memory_usage,container_memory_working_set_bytes,113381376.0
1776463083.63,frontend,frontend-b78bf7696-p9kqx,cpu_usage,container_cpu_usage,2.5145222787474886
1776463083.63,frontend,frontend-b78bf7696-p9kqx,memory_usage,container_memory_working_set_bytes,121667584.0
1776463083.63,frontend,frontend::service,pod_restart_count,k8s_container_restarts,3.0
1776463083.63,frontend,frontend::service,pod_running_count,k8s_container_ready,3.0
1776463083.63,frontend,otel-demo.frontend-b78bf7696-6bjdg.frontend,dependency_error_ratio,trace_client_error_ratio,0.0
1776463083.63,frontend,otel-demo.frontend-b78bf7696-6bjdg.frontend,error_ratio,trace_server_error_ratio,0.0
1776463083.63,frontend,otel-demo.frontend-b78bf7696-6bjdg.frontend,http_5xx_ratio,http_server_5xx_ratio,0.0
1776463083.63,frontend,otel-demo.frontend-b78bf7696-6bjdg.frontend,request_count,trace_server_count,0.0
1776463083.63,frontend,otel-demo.frontend-b78bf7696-77ldd.frontend,dependency_error_ratio,trace_client_error_ratio,0.0
1776463083.63,frontend,otel-demo.frontend-b78bf7696-77ldd.frontend,error_ratio,trace_server_error_ratio,0.0
1776463083.63,frontend,otel-demo.frontend-b78bf7696-77ldd.frontend,http_5xx_ratio,http_server_5xx_ratio,0.0
1776463083.63,frontend,otel-demo.frontend-b78bf7696-77ldd.frontend,request_count,trace_server_count,0.0
1776463083.63,frontend,otel-demo.frontend-b78bf7696-p9kqx.frontend,dependency_error_ratio,trace_client_error_ratio,0.0
1776463083.63,frontend,otel-demo.frontend-b78bf7696-p9kqx.frontend,error_ratio,trace_server_error_ratio,0.0
1776463083.63,frontend,otel-demo.frontend-b78bf7696-p9kqx.frontend,http_5xx_ratio,http_server_5xx_ratio,0.0
1776463083.63,frontend,otel-demo.frontend-b78bf7696-p9kqx.frontend,request_count,trace_server_count,0.0
1776463083.63,kafka,kafka-66df8bdf76-zjcbb,cpu_usage,container_cpu_usage,0.013342667252115569
1776463083.63,kafka,kafka-66df8bdf76-zjcbb,memory_usage,container_memory_working_set_bytes,666898432.0
1776463083.63,kafka,kafka::service,pod_restart_count,k8s_container_restarts,9.0
1776463083.63,kafka,kafka::service,pod_running_count,k8s_container_ready,1.0
1776463083.63,kafka,kafka::service,queue_lag,queue_size_ratio,0.0
1776463083.63,payment,otel-demo.payment-f9f8d647b-74h8z.payment,dependency_error_ratio,trace_client_error_ratio,0.0
1776463083.63,payment,otel-demo.payment-f9f8d647b-74h8z.payment,error_ratio,trace_server_error_ratio,0.0
1776463083.63,payment,otel-demo.payment-f9f8d647b-74h8z.payment,request_count,trace_server_count,0.0
1776463083.63,payment,otel-demo.payment-f9f8d647b-75hmx.payment,dependency_error_ratio,trace_client_error_ratio,0.0
1776463083.63,payment,otel-demo.payment-f9f8d647b-75hmx.payment,error_ratio,trace_server_error_ratio,0.0
1776463083.63,payment,otel-demo.payment-f9f8d647b-75hmx.payment,request_count,trace_server_count,0.0
1776463083.63,payment,otel-demo.payment-f9f8d647b-tv6l5.payment,dependency_error_ratio,trace_client_error_ratio,0.0
1776463083.63,payment,otel-demo.payment-f9f8d647b-tv6l5.payment,error_ratio,trace_server_error_ratio,0.0
1776463083.63,payment,otel-demo.payment-f9f8d647b-tv6l5.payment,request_count,trace_server_count,0.0
1776463083.63,payment,payment-f9f8d647b-74h8z,cpu_usage,container_cpu_usage,0.009771502399409394
1776463083.63,payment,payment-f9f8d647b-74h8z,memory_usage,container_memory_working_set_bytes,109391872.0
1776463083.63,payment,payment-f9f8d647b-75hmx,cpu_usage,container_cpu_usage,0.010261819352266482
1776463083.63,payment,payment-f9f8d647b-75hmx,memory_usage,container_memory_working_set_bytes,109608960.0
1776463083.63,payment,payment-f9f8d647b-tv6l5,cpu_usage,container_cpu_usage,0.00728279724167072
1776463083.63,payment,payment-f9f8d647b-tv6l5,memory_usage,container_memory_working_set_bytes,101187584.0
1776463083.63,payment,payment::service,pod_restart_count,k8s_container_restarts,39.0
1776463083.63,payment,payment::service,pod_running_count,k8s_container_ready,3.0
1776463083.63,product-catalog,otel-demo.product-catalog-784544475c-7crs7.product-catalog,dependency_error_ratio,trace_client_error_ratio,0.0
1776463083.63,product-catalog,otel-demo.product-catalog-784544475c-7crs7.product-catalog,error_ratio,trace_server_error_ratio,0.0
1776463083.63,product-catalog,otel-demo.product-catalog-784544475c-7crs7.product-catalog,request_count,trace_server_count,0.0
1776463083.63,product-catalog,otel-demo.product-catalog-784544475c-8skc7.product-catalog,dependency_error_ratio,trace_client_error_ratio,0.0
1776463083.63,product-catalog,otel-demo.product-catalog-784544475c-8skc7.product-catalog,error_ratio,trace_server_error_ratio,0.0
1776463083.63,product-catalog,otel-demo.product-catalog-784544475c-8skc7.product-catalog,request_count,trace_server_count,0.0
1776463083.63,product-catalog,otel-demo.product-catalog-784544475c-stwzc.product-catalog,dependency_error_ratio,trace_client_error_ratio,0.0
1776463083.63,product-catalog,otel-demo.product-catalog-784544475c-stwzc.product-catalog,error_ratio,trace_server_error_ratio,0.0
1776463083.63,product-catalog,otel-demo.product-catalog-784544475c-stwzc.product-catalog,request_count,trace_server_count,0.0
1776463083.63,product-catalog,product-catalog-784544475c-7crs7,cpu_usage,container_cpu_usage,0.17013937346599456
1776463083.63,product-catalog,product-catalog-784544475c-7crs7,memory_usage,container_memory_working_set_bytes,16875520.0
1776463083.63,product-catalog,product-catalog-784544475c-8skc7,cpu_usage,container_cpu_usage,0.268649025555972
1776463083.63,product-catalog,product-catalog-784544475c-8skc7,memory_usage,container_memory_working_set_bytes,16896000.0
1776463083.63,product-catalog,product-catalog-784544475c-stwzc,cpu_usage,container_cpu_usage,0.0004560419004863456
1776463083.63,product-catalog,product-catalog-784544475c-stwzc,memory_usage,container_memory_working_set_bytes,13053952.0
1776463083.63,product-catalog,product-catalog::service,pod_restart_count,k8s_container_restarts,37.0
1776463083.63,product-catalog,product-catalog::service,pod_running_count,k8s_container_ready,3.0
1776463083.63,recommendation,otel-demo.recommendation-5b46f7469c-g2rgb.recommendation,dependency_error_ratio,trace_client_error_ratio,0.0
1776463083.63,recommendation,otel-demo.recommendation-5b46f7469c-rjwxq.recommendation,dependency_error_ratio,trace_client_error_ratio,0.0
1776463083.63,recommendation,otel-demo.recommendation-5b46f7469c-rjwxq.recommendation,error_ratio,trace_server_error_ratio,0.0
1776463083.63,recommendation,otel-demo.recommendation-5b46f7469c-rjwxq.recommendation,request_count,trace_server_count,0.0
1776463083.63,recommendation,otel-demo.recommendation-5b46f7469c-t2fm9.recommendation,dependency_error_ratio,trace_client_error_ratio,0.0
1776463083.63,recommendation,otel-demo.recommendation-5b46f7469c-t2fm9.recommendation,error_ratio,trace_server_error_ratio,0.0
1776463083.63,recommendation,otel-demo.recommendation-5b46f7469c-t2fm9.recommendation,request_count,trace_server_count,0.0
1776463083.63,recommendation,recommendation-5b46f7469c-g2rgb,cpu_usage,container_cpu_usage,0.015461414543048248
1776463083.63,recommendation,recommendation-5b46f7469c-g2rgb,memory_usage,container_memory_working_set_bytes,46891008.0
1776463083.63,recommendation,recommendation-5b46f7469c-rjwxq,cpu_usage,container_cpu_usage,0.04667591670899028
1776463083.63,recommendation,recommendation-5b46f7469c-rjwxq,memory_usage,container_memory_working_set_bytes,47902720.0
1776463083.63,recommendation,recommendation-5b46f7469c-t2fm9,cpu_usage,container_cpu_usage,0.0600208845471417
1776463083.63,recommendation,recommendation-5b46f7469c-t2fm9,memory_usage,container_memory_working_set_bytes,52674560.0
1776463083.63,recommendation,recommendation::service,pod_restart_count,k8s_container_restarts,3.0
1776463083.63,recommendation,recommendation::service,pod_running_count,k8s_container_ready,3.0
1776463093.63,ad,3a8b9295-6ae2-4e8a-b9b0-a607d7fec0a4,dependency_error_ratio,trace_client_error_ratio,0.0
1776463093.63,ad,3a8b9295-6ae2-4e8a-b9b0-a607d7fec0a4,error_ratio,trace_server_error_ratio,0.0
1776463093.63,ad,3a8b9295-6ae2-4e8a-b9b0-a607d7fec0a4,request_count,trace_server_count,0.0
1776463093.63,ad,5680c7ee-584c-4353-b6d2-93bc605a0324,dependency_error_ratio,trace_client_error_ratio,0.0
1776463093.63,ad,5680c7ee-584c-4353-b6d2-93bc605a0324,error_ratio,trace_server_error_ratio,0.0
1776463093.63,ad,5680c7ee-584c-4353-b6d2-93bc605a0324,request_count,trace_server_count,0.0
1776463093.63,ad,9f9a3c1c-bd3f-40ea-8764-b59f1ebd2204,dependency_error_ratio,trace_client_error_ratio,0.0
1776463093.63,ad,ad-7fb5b4f859-52ks9,cpu_usage,container_cpu_usage,0.002811058765190498
1776463093.63,ad,ad-7fb5b4f859-52ks9,memory_usage,container_memory_working_set_bytes,260435968.0
1776463093.63,ad,ad-7fb5b4f859-rd4zw,cpu_usage,container_cpu_usage,0.001199113260781845
1776463093.63,ad,ad-7fb5b4f859-rd4zw,memory_usage,container_memory_working_set_bytes,238436352.0
1776463093.63,ad,ad-7fb5b4f859-zsstr,cpu_usage,container_cpu_usage,0.003372169025129562
1776463093.63,ad,ad-7fb5b4f859-zsstr,memory_usage,container_memory_working_set_bytes,261885952.0
1776463093.63,ad,ad::service,pod_restart_count,k8s_container_restarts,3.0
1776463093.63,ad,ad::service,pod_running_count,k8s_container_ready,3.0
1776463093.63,cart,cart-7c7496d7f-th7mc,cpu_usage,container_cpu_usage,0.05171734735139492
1776463093.63,cart,cart-7c7496d7f-th7mc,memory_usage,container_memory_working_set_bytes,63545344.0
1776463093.63,cart,cart::service,pod_restart_count,k8s_container_restarts,1.0
1776463093.63,cart,cart::service,pod_running_count,k8s_container_ready,1.0
1776463093.63,cart,f1f3afac-3031-4c18-925a-048232421d89,dependency_error_ratio,trace_client_error_ratio,0.0
1776463093.63,cart,f1f3afac-3031-4c18-925a-048232421d89,error_ratio,trace_server_error_ratio,0.0
1776463093.63,cart,f1f3afac-3031-4c18-925a-048232421d89,request_count,trace_server_count,0.0
1776463093.63,checkout,4755bdbd-5ad9-49fa-acb7-3a7dcb6a9277,dependency_error_ratio,trace_client_error_ratio,0.0
1776463093.63,checkout,4755bdbd-5ad9-49fa-acb7-3a7dcb6a9277,error_ratio,trace_server_error_ratio,0.0
1776463093.63,checkout,4755bdbd-5ad9-49fa-acb7-3a7dcb6a9277,request_count,trace_server_count,0.0
1776463093.63,checkout,bb49e6b9-109a-41b8-be66-ab2a38272474,dependency_error_ratio,trace_client_error_ratio,0.0
1776463093.63,checkout,bb49e6b9-109a-41b8-be66-ab2a38272474,error_ratio,trace_server_error_ratio,0.0
1776463093.63,checkout,bb49e6b9-109a-41b8-be66-ab2a38272474,request_count,trace_server_count,0.0
1776463093.63,checkout,bc5804df-6f63-4261-8788-8ecfe5481366,dependency_error_ratio,trace_client_error_ratio,0.0
1776463093.63,checkout,bc5804df-6f63-4261-8788-8ecfe5481366,error_ratio,trace_server_error_ratio,0.0
1776463093.63,checkout,bc5804df-6f63-4261-8788-8ecfe5481366,request_count,trace_server_count,0.0
1776463093.63,checkout,checkout-7f4ccfc547-6crwh,cpu_usage,container_cpu_usage,0.11402246385842531
1776463093.63,checkout,checkout-7f4ccfc547-6crwh,memory_usage,container_memory_working_set_bytes,16994304.0
1776463093.63,checkout,checkout-7f4ccfc547-ftx2n,cpu_usage,container_cpu_usage,0.0008283509926962297
1776463093.63,checkout,checkout-7f4ccfc547-ftx2n,memory_usage,container_memory_working_set_bytes,12210176.0
1776463093.63,checkout,checkout-7f4ccfc547-qlfgr,cpu_usage,container_cpu_usage,0.06472236771965598
1776463093.63,checkout,checkout-7f4ccfc547-qlfgr,memory_usage,container_memory_working_set_bytes,15945728.0
1776463093.63,checkout,checkout::service,pod_restart_count,k8s_container_restarts,45.0
1776463093.63,checkout,checkout::service,pod_running_count,k8s_container_ready,3.0
1776463093.63,email,email-5dcf48b665-66zvj,cpu_usage,container_cpu_usage,0.004943455454969333
1776463093.63,email,email-5dcf48b665-66zvj,memory_usage,container_memory_working_set_bytes,59535360.0
1776463093.63,email,email-5dcf48b665-9xxmx,cpu_usage,container_cpu_usage,0.007662197426437391
1776463093.63,email,email-5dcf48b665-9xxmx,memory_usage,container_memory_working_set_bytes,56303616.0
1776463093.63,email,email-5dcf48b665-n4zf2,cpu_usage,container_cpu_usage,0.003735126966220242
1776463093.63,email,email-5dcf48b665-n4zf2,memory_usage,container_memory_working_set_bytes,54620160.0
1776463093.63,email,email::service,pod_restart_count,k8s_container_restarts,9.0
1776463093.63,email,email::service,pod_running_count,k8s_container_ready,3.0
1776463093.63,email,otel-demo.email-5dcf48b665-66zvj.email,error_ratio,trace_server_error_ratio,0.0
1776463093.63,email,otel-demo.email-5dcf48b665-66zvj.email,request_count,trace_server_count,0.0
1776463093.63,email,otel-demo.email-5dcf48b665-9xxmx.email,error_ratio,trace_server_error_ratio,0.0
1776463093.63,email,otel-demo.email-5dcf48b665-9xxmx.email,request_count,trace_server_count,0.0
1776463093.63,email,otel-demo.email-5dcf48b665-n4zf2.email,error_ratio,trace_server_error_ratio,0.0
1776463093.63,email,otel-demo.email-5dcf48b665-n4zf2.email,request_count,trace_server_count,0.0
1776463093.63,frontend,frontend-b78bf7696-6bjdg,cpu_usage,container_cpu_usage,2.636569911307576
1776463093.63,frontend,frontend-b78bf7696-6bjdg,memory_usage,container_memory_working_set_bytes,122875904.0
1776463093.63,frontend,frontend-b78bf7696-77ldd,cpu_usage,container_cpu_usage,2.6877563753787954
1776463093.63,frontend,frontend-b78bf7696-77ldd,memory_usage,container_memory_working_set_bytes,112308224.0
1776463093.63,frontend,frontend-b78bf7696-p9kqx,cpu_usage,container_cpu_usage,2.5145222787474886
1776463093.63,frontend,frontend-b78bf7696-p9kqx,memory_usage,container_memory_working_set_bytes,121667584.0
1776463093.63,frontend,frontend::service,pod_restart_count,k8s_container_restarts,3.0
1776463093.63,frontend,frontend::service,pod_running_count,k8s_container_ready,3.0
1776463093.63,frontend,otel-demo.frontend-b78bf7696-6bjdg.frontend,dependency_error_ratio,trace_client_error_ratio,0.0
1776463093.63,frontend,otel-demo.frontend-b78bf7696-6bjdg.frontend,error_ratio,trace_server_error_ratio,0.0
1776463093.63,frontend,otel-demo.frontend-b78bf7696-6bjdg.frontend,http_5xx_ratio,http_server_5xx_ratio,0.0
1776463093.63,frontend,otel-demo.frontend-b78bf7696-6bjdg.frontend,request_count,trace_server_count,0.0
1776463093.63,frontend,otel-demo.frontend-b78bf7696-77ldd.frontend,dependency_error_ratio,trace_client_error_ratio,0.0
1776463093.63,frontend,otel-demo.frontend-b78bf7696-77ldd.frontend,error_ratio,trace_server_error_ratio,0.0
1776463093.63,frontend,otel-demo.frontend-b78bf7696-77ldd.frontend,http_5xx_ratio,http_server_5xx_ratio,0.0
1776463093.63,frontend,otel-demo.frontend-b78bf7696-77ldd.frontend,request_count,trace_server_count,0.0
1776463093.63,frontend,otel-demo.frontend-b78bf7696-p9kqx.frontend,dependency_error_ratio,trace_client_error_ratio,0.0
1776463093.63,frontend,otel-demo.frontend-b78bf7696-p9kqx.frontend,error_ratio,trace_server_error_ratio,0.0
1776463093.63,frontend,otel-demo.frontend-b78bf7696-p9kqx.frontend,http_5xx_ratio,http_server_5xx_ratio,0.0
1776463093.63,frontend,otel-demo.frontend-b78bf7696-p9kqx.frontend,request_count,trace_server_count,0.0
1776463093.63,kafka,kafka-66df8bdf76-zjcbb,cpu_usage,container_cpu_usage,0.013735481684585956
1776463093.63,kafka,kafka-66df8bdf76-zjcbb,memory_usage,container_memory_working_set_bytes,666898432.0
1776463093.63,kafka,kafka::service,pod_restart_count,k8s_container_restarts,9.0
1776463093.63,kafka,kafka::service,pod_running_count,k8s_container_ready,1.0
1776463093.63,kafka,kafka::service,queue_lag,queue_size_ratio,0.0
1776463093.63,payment,otel-demo.payment-f9f8d647b-74h8z.payment,dependency_error_ratio,trace_client_error_ratio,0.0
1776463093.63,payment,otel-demo.payment-f9f8d647b-74h8z.payment,error_ratio,trace_server_error_ratio,0.0
1776463093.63,payment,otel-demo.payment-f9f8d647b-74h8z.payment,request_count,trace_server_count,0.0
1776463093.63,payment,otel-demo.payment-f9f8d647b-75hmx.payment,dependency_error_ratio,trace_client_error_ratio,0.0
1776463093.63,payment,otel-demo.payment-f9f8d647b-75hmx.payment,error_ratio,trace_server_error_ratio,0.0
1776463093.63,payment,otel-demo.payment-f9f8d647b-75hmx.payment,request_count,trace_server_count,0.0
1776463093.63,payment,otel-demo.payment-f9f8d647b-tv6l5.payment,dependency_error_ratio,trace_client_error_ratio,0.0
1776463093.63,payment,otel-demo.payment-f9f8d647b-tv6l5.payment,error_ratio,trace_server_error_ratio,0.0
1776463093.63,payment,otel-demo.payment-f9f8d647b-tv6l5.payment,request_count,trace_server_count,0.0
1776463093.63,payment,payment-f9f8d647b-74h8z,cpu_usage,container_cpu_usage,0.01006062369094716
1776463093.63,payment,payment-f9f8d647b-74h8z,memory_usage,container_memory_working_set_bytes,109391872.0
1776463093.63,payment,payment-f9f8d647b-75hmx,cpu_usage,container_cpu_usage,0.011771142865259451
1776463093.63,payment,payment-f9f8d647b-75hmx,memory_usage,container_memory_working_set_bytes,109608960.0
1776463093.63,payment,payment-f9f8d647b-tv6l5,cpu_usage,container_cpu_usage,0.007914173262590533
1776463093.63,payment,payment-f9f8d647b-tv6l5,memory_usage,container_memory_working_set_bytes,101187584.0
1776463093.63,payment,payment::service,pod_restart_count,k8s_container_restarts,39.0
1776463093.63,payment,payment::service,pod_running_count,k8s_container_ready,3.0
1776463093.63,product-catalog,otel-demo.product-catalog-784544475c-7crs7.product-catalog,dependency_error_ratio,trace_client_error_ratio,0.0
1776463093.63,product-catalog,otel-demo.product-catalog-784544475c-7crs7.product-catalog,error_ratio,trace_server_error_ratio,0.0
1776463093.63,product-catalog,otel-demo.product-catalog-784544475c-7crs7.product-catalog,request_count,trace_server_count,0.0
1776463093.63,product-catalog,otel-demo.product-catalog-784544475c-8skc7.product-catalog,dependency_error_ratio,trace_client_error_ratio,0.0
1776463093.63,product-catalog,otel-demo.product-catalog-784544475c-8skc7.product-catalog,error_ratio,trace_server_error_ratio,0.0
1776463093.63,product-catalog,otel-demo.product-catalog-784544475c-8skc7.product-catalog,request_count,trace_server_count,0.0
1776463093.63,product-catalog,otel-demo.product-catalog-784544475c-stwzc.product-catalog,dependency_error_ratio,trace_client_error_ratio,0.0
1776463093.63,product-catalog,otel-demo.product-catalog-784544475c-stwzc.product-catalog,error_ratio,trace_server_error_ratio,0.0
1776463093.63,product-catalog,otel-demo.product-catalog-784544475c-stwzc.product-catalog,request_count,trace_server_count,0.0
1776463093.63,product-catalog,product-catalog-784544475c-7crs7,cpu_usage,container_cpu_usage,0.17013937346599456
1776463093.63,product-catalog,product-catalog-784544475c-7crs7,memory_usage,container_memory_working_set_bytes,16875520.0
1776463093.63,product-catalog,product-catalog-784544475c-8skc7,cpu_usage,container_cpu_usage,0.2777314390627715
1776463093.63,product-catalog,product-catalog-784544475c-8skc7,memory_usage,container_memory_working_set_bytes,17866752.0
1776463093.63,product-catalog,product-catalog-784544475c-stwzc,cpu_usage,container_cpu_usage,0.0005039804941100423
1776463093.63,product-catalog,product-catalog-784544475c-stwzc,memory_usage,container_memory_working_set_bytes,13053952.0
1776463093.63,product-catalog,product-catalog::service,pod_restart_count,k8s_container_restarts,37.0
1776463093.63,product-catalog,product-catalog::service,pod_running_count,k8s_container_ready,3.0
1776463093.63,recommendation,otel-demo.recommendation-5b46f7469c-g2rgb.recommendation,dependency_error_ratio,trace_client_error_ratio,0.0
1776463093.63,recommendation,otel-demo.recommendation-5b46f7469c-rjwxq.recommendation,dependency_error_ratio,trace_client_error_ratio,0.0
1776463093.63,recommendation,otel-demo.recommendation-5b46f7469c-rjwxq.recommendation,error_ratio,trace_server_error_ratio,0.0
1776463093.63,recommendation,otel-demo.recommendation-5b46f7469c-rjwxq.recommendation,request_count,trace_server_count,0.0
1776463093.63,recommendation,otel-demo.recommendation-5b46f7469c-t2fm9.recommendation,dependency_error_ratio,trace_client_error_ratio,0.0
1776463093.63,recommendation,otel-demo.recommendation-5b46f7469c-t2fm9.recommendation,error_ratio,trace_server_error_ratio,0.0
1776463093.63,recommendation,otel-demo.recommendation-5b46f7469c-t2fm9.recommendation,request_count,trace_server_count,0.0
1776463093.63,recommendation,recommendation-5b46f7469c-g2rgb,cpu_usage,container_cpu_usage,0.01493755859208434
1776463093.63,recommendation,recommendation-5b46f7469c-g2rgb,memory_usage,container_memory_working_set_bytes,46891008.0
1776463093.63,recommendation,recommendation-5b46f7469c-rjwxq,cpu_usage,container_cpu_usage,0.04667591670899028
1776463093.63,recommendation,recommendation-5b46f7469c-rjwxq,memory_usage,container_memory_working_set_bytes,47902720.0
1776463093.63,recommendation,recommendation-5b46f7469c-t2fm9,cpu_usage,container_cpu_usage,0.06496997701255823
1776463093.63,recommendation,recommendation-5b46f7469c-t2fm9,memory_usage,container_memory_working_set_bytes,52695040.0
1776463093.63,recommendation,recommendation::service,pod_restart_count,k8s_container_restarts,3.0
1776463093.63,recommendation,recommendation::service,pod_running_count,k8s_container_ready,3.0
1776463103.63,ad,3a8b9295-6ae2-4e8a-b9b0-a607d7fec0a4,dependency_error_ratio,trace_client_error_ratio,0.0
1776463103.63,ad,3a8b9295-6ae2-4e8a-b9b0-a607d7fec0a4,error_ratio,trace_server_error_ratio,0.0
1776463103.63,ad,3a8b9295-6ae2-4e8a-b9b0-a607d7fec0a4,request_count,trace_server_count,0.0
1776463103.63,ad,5680c7ee-584c-4353-b6d2-93bc605a0324,dependency_error_ratio,trace_client_error_ratio,0.0
1776463103.63,ad,5680c7ee-584c-4353-b6d2-93bc605a0324,error_ratio,trace_server_error_ratio,0.0
1776463103.63,ad,5680c7ee-584c-4353-b6d2-93bc605a0324,request_count,trace_server_count,0.0
1776463103.63,ad,9f9a3c1c-bd3f-40ea-8764-b59f1ebd2204,dependency_error_ratio,trace_client_error_ratio,0.0
1776463103.63,ad,ad-7fb5b4f859-52ks9,cpu_usage,container_cpu_usage,0.0027553507728861754
1776463103.63,ad,ad-7fb5b4f859-52ks9,memory_usage,container_memory_working_set_bytes,260435968.0
1776463103.63,ad,ad-7fb5b4f859-rd4zw,cpu_usage,container_cpu_usage,0.0012765165894793283
1776463103.63,ad,ad-7fb5b4f859-rd4zw,memory_usage,container_memory_working_set_bytes,238436352.0
1776463103.63,ad,ad-7fb5b4f859-zsstr,cpu_usage,container_cpu_usage,0.0036849977825226905
1776463103.63,ad,ad-7fb5b4f859-zsstr,memory_usage,container_memory_working_set_bytes,261890048.0
1776463103.63,ad,ad::service,pod_restart_count,k8s_container_restarts,3.0
1776463103.63,ad,ad::service,pod_running_count,k8s_container_ready,3.0
1776463103.63,cart,cart-7c7496d7f-th7mc,cpu_usage,container_cpu_usage,0.05171734735139492
1776463103.63,cart,cart-7c7496d7f-th7mc,memory_usage,container_memory_working_set_bytes,63545344.0
1776463103.63,cart,cart::service,pod_restart_count,k8s_container_restarts,1.0
1776463103.63,cart,cart::service,pod_running_count,k8s_container_ready,1.0
1776463103.63,cart,f1f3afac-3031-4c18-925a-048232421d89,dependency_error_ratio,trace_client_error_ratio,0.0
1776463103.63,cart,f1f3afac-3031-4c18-925a-048232421d89,error_ratio,trace_server_error_ratio,0.0
1776463103.63,cart,f1f3afac-3031-4c18-925a-048232421d89,request_count,trace_server_count,0.0
1776463103.63,checkout,4755bdbd-5ad9-49fa-acb7-3a7dcb6a9277,dependency_error_ratio,trace_client_error_ratio,0.0
1776463103.63,checkout,4755bdbd-5ad9-49fa-acb7-3a7dcb6a9277,error_ratio,trace_server_error_ratio,0.0
1776463103.63,checkout,4755bdbd-5ad9-49fa-acb7-3a7dcb6a9277,request_count,trace_server_count,0.0
1776463103.63,checkout,bb49e6b9-109a-41b8-be66-ab2a38272474,dependency_error_ratio,trace_client_error_ratio,0.0
1776463103.63,checkout,bb49e6b9-109a-41b8-be66-ab2a38272474,error_ratio,trace_server_error_ratio,0.0
1776463103.63,checkout,bb49e6b9-109a-41b8-be66-ab2a38272474,request_count,trace_server_count,0.0
1776463103.63,checkout,bc5804df-6f63-4261-8788-8ecfe5481366,dependency_error_ratio,trace_client_error_ratio,0.0
1776463103.63,checkout,bc5804df-6f63-4261-8788-8ecfe5481366,error_ratio,trace_server_error_ratio,0.0
1776463103.63,checkout,bc5804df-6f63-4261-8788-8ecfe5481366,request_count,trace_server_count,0.0
1776463103.63,checkout,checkout-7f4ccfc547-6crwh,cpu_usage,container_cpu_usage,0.1181935606667732
1776463103.63,checkout,checkout-7f4ccfc547-6crwh,memory_usage,container_memory_working_set_bytes,16240640.0
1776463103.63,checkout,checkout-7f4ccfc547-ftx2n,cpu_usage,container_cpu_usage,0.0007377654662973304
1776463103.63,checkout,checkout-7f4ccfc547-ftx2n,memory_usage,container_memory_working_set_bytes,12210176.0
1776463103.63,checkout,checkout-7f4ccfc547-qlfgr,cpu_usage,container_cpu_usage,0.061123896513572286
1776463103.63,checkout,checkout-7f4ccfc547-qlfgr,memory_usage,container_memory_working_set_bytes,15065088.0
1776463103.63,checkout,checkout::service,pod_restart_count,k8s_container_restarts,45.0
1776463103.63,checkout,checkout::service,pod_running_count,k8s_container_ready,3.0
1776463103.63,email,email-5dcf48b665-66zvj,cpu_usage,container_cpu_usage,0.004389493018755984
1776463103.63,email,email-5dcf48b665-66zvj,memory_usage,container_memory_working_set_bytes,59535360.0
1776463103.63,email,email-5dcf48b665-9xxmx,cpu_usage,container_cpu_usage,0.006341968884039618
1776463103.63,email,email-5dcf48b665-9xxmx,memory_usage,container_memory_working_set_bytes,56303616.0
1776463103.63,email,email-5dcf48b665-n4zf2,cpu_usage,container_cpu_usage,0.004443578788640197
1776463103.63,email,email-5dcf48b665-n4zf2,memory_usage,container_memory_working_set_bytes,54591488.0
1776463103.63,email,email::service,pod_restart_count,k8s_container_restarts,9.0
1776463103.63,email,email::service,pod_running_count,k8s_container_ready,3.0
1776463103.63,email,otel-demo.email-5dcf48b665-66zvj.email,error_ratio,trace_server_error_ratio,0.0
1776463103.63,email,otel-demo.email-5dcf48b665-66zvj.email,request_count,trace_server_count,0.0
1776463103.63,email,otel-demo.email-5dcf48b665-9xxmx.email,error_ratio,trace_server_error_ratio,0.0
1776463103.63,email,otel-demo.email-5dcf48b665-9xxmx.email,request_count,trace_server_count,0.0
1776463103.63,email,otel-demo.email-5dcf48b665-n4zf2.email,error_ratio,trace_server_error_ratio,0.0
1776463103.63,email,otel-demo.email-5dcf48b665-n4zf2.email,request_count,trace_server_count,0.0
1776463103.63,frontend,frontend-b78bf7696-6bjdg,cpu_usage,container_cpu_usage,2.698015028300037
1776463103.63,frontend,frontend-b78bf7696-6bjdg,memory_usage,container_memory_working_set_bytes,122716160.0
1776463103.63,frontend,frontend-b78bf7696-77ldd,cpu_usage,container_cpu_usage,2.204762741222773
1776463103.63,frontend,frontend-b78bf7696-77ldd,memory_usage,container_memory_working_set_bytes,113250304.0
1776463103.63,frontend,frontend-b78bf7696-p9kqx,cpu_usage,container_cpu_usage,2.698735746322762
1776463103.63,frontend,frontend-b78bf7696-p9kqx,memory_usage,container_memory_working_set_bytes,121966592.0
1776463103.63,frontend,frontend::service,pod_restart_count,k8s_container_restarts,3.0
1776463103.63,frontend,frontend::service,pod_running_count,k8s_container_ready,3.0
1776463103.63,frontend,otel-demo.frontend-b78bf7696-6bjdg.frontend,dependency_error_ratio,trace_client_error_ratio,0.0
1776463103.63,frontend,otel-demo.frontend-b78bf7696-6bjdg.frontend,error_ratio,trace_server_error_ratio,0.0
1776463103.63,frontend,otel-demo.frontend-b78bf7696-6bjdg.frontend,http_5xx_ratio,http_server_5xx_ratio,0.0
1776463103.63,frontend,otel-demo.frontend-b78bf7696-6bjdg.frontend,request_count,trace_server_count,0.0
1776463103.63,frontend,otel-demo.frontend-b78bf7696-77ldd.frontend,dependency_error_ratio,trace_client_error_ratio,0.0
1776463103.63,frontend,otel-demo.frontend-b78bf7696-77ldd.frontend,error_ratio,trace_server_error_ratio,0.0
1776463103.63,frontend,otel-demo.frontend-b78bf7696-77ldd.frontend,http_5xx_ratio,http_server_5xx_ratio,0.0
1776463103.63,frontend,otel-demo.frontend-b78bf7696-77ldd.frontend,request_count,trace_server_count,0.0
1776463103.63,frontend,otel-demo.frontend-b78bf7696-p9kqx.frontend,dependency_error_ratio,trace_client_error_ratio,0.0
1776463103.63,frontend,otel-demo.frontend-b78bf7696-p9kqx.frontend,error_ratio,trace_server_error_ratio,0.0
1776463103.63,frontend,otel-demo.frontend-b78bf7696-p9kqx.frontend,http_5xx_ratio,http_server_5xx_ratio,0.0
1776463103.63,frontend,otel-demo.frontend-b78bf7696-p9kqx.frontend,request_count,trace_server_count,0.0
1776463103.63,kafka,kafka-66df8bdf76-zjcbb,cpu_usage,container_cpu_usage,0.014324805023801703
1776463103.63,kafka,kafka-66df8bdf76-zjcbb,memory_usage,container_memory_working_set_bytes,666943488.0
1776463103.63,kafka,kafka::service,pod_restart_count,k8s_container_restarts,9.0
1776463103.63,kafka,kafka::service,pod_running_count,k8s_container_ready,1.0
1776463103.63,kafka,kafka::service,queue_lag,queue_size_ratio,0.0
1776463103.63,payment,otel-demo.payment-f9f8d647b-74h8z.payment,dependency_error_ratio,trace_client_error_ratio,0.0
1776463103.63,payment,otel-demo.payment-f9f8d647b-74h8z.payment,error_ratio,trace_server_error_ratio,0.0
1776463103.63,payment,otel-demo.payment-f9f8d647b-74h8z.payment,request_count,trace_server_count,0.0
1776463103.63,payment,otel-demo.payment-f9f8d647b-75hmx.payment,dependency_error_ratio,trace_client_error_ratio,0.0
1776463103.63,payment,otel-demo.payment-f9f8d647b-75hmx.payment,error_ratio,trace_server_error_ratio,0.0
1776463103.63,payment,otel-demo.payment-f9f8d647b-75hmx.payment,request_count,trace_server_count,0.0
1776463103.63,payment,otel-demo.payment-f9f8d647b-tv6l5.payment,dependency_error_ratio,trace_client_error_ratio,0.0
1776463103.63,payment,otel-demo.payment-f9f8d647b-tv6l5.payment,error_ratio,trace_server_error_ratio,0.0
1776463103.63,payment,otel-demo.payment-f9f8d647b-tv6l5.payment,request_count,trace_server_count,0.0
1776463103.63,payment,payment-f9f8d647b-74h8z,cpu_usage,container_cpu_usage,0.010144735230473977
1776463103.63,payment,payment-f9f8d647b-74h8z,memory_usage,container_memory_working_set_bytes,109391872.0
1776463103.63,payment,payment-f9f8d647b-75hmx,cpu_usage,container_cpu_usage,0.011845686380900325
1776463103.63,payment,payment-f9f8d647b-75hmx,memory_usage,container_memory_working_set_bytes,109608960.0
1776463103.63,payment,payment-f9f8d647b-tv6l5,cpu_usage,container_cpu_usage,0.0070497607028126765
1776463103.63,payment,payment-f9f8d647b-tv6l5,memory_usage,container_memory_working_set_bytes,101187584.0
1776463103.63,payment,payment::service,pod_restart_count,k8s_container_restarts,39.0
1776463103.63,payment,payment::service,pod_running_count,k8s_container_ready,3.0
1776463103.63,product-catalog,otel-demo.product-catalog-784544475c-7crs7.product-catalog,dependency_error_ratio,trace_client_error_ratio,0.0
1776463103.63,product-catalog,otel-demo.product-catalog-784544475c-7crs7.product-catalog,error_ratio,trace_server_error_ratio,0.0
1776463103.63,product-catalog,otel-demo.product-catalog-784544475c-7crs7.product-catalog,request_count,trace_server_count,0.0
1776463103.63,product-catalog,otel-demo.product-catalog-784544475c-8skc7.product-catalog,dependency_error_ratio,trace_client_error_ratio,0.0
1776463103.63,product-catalog,otel-demo.product-catalog-784544475c-8skc7.product-catalog,error_ratio,trace_server_error_ratio,0.0
1776463103.63,product-catalog,otel-demo.product-catalog-784544475c-8skc7.product-catalog,request_count,trace_server_count,0.0
1776463103.63,product-catalog,otel-demo.product-catalog-784544475c-stwzc.product-catalog,dependency_error_ratio,trace_client_error_ratio,0.0
1776463103.63,product-catalog,otel-demo.product-catalog-784544475c-stwzc.product-catalog,error_ratio,trace_server_error_ratio,0.0
1776463103.63,product-catalog,otel-demo.product-catalog-784544475c-stwzc.product-catalog,request_count,trace_server_count,0.0
1776463103.63,product-catalog,product-catalog-784544475c-7crs7,cpu_usage,container_cpu_usage,0.15492347830492167
1776463103.63,product-catalog,product-catalog-784544475c-7crs7,memory_usage,container_memory_working_set_bytes,17014784.0
1776463103.63,product-catalog,product-catalog-784544475c-8skc7,cpu_usage,container_cpu_usage,0.27692181498957097
1776463103.63,product-catalog,product-catalog-784544475c-8skc7,memory_usage,container_memory_working_set_bytes,17866752.0
1776463103.63,product-catalog,product-catalog-784544475c-stwzc,cpu_usage,container_cpu_usage,0.0004984469055932811
1776463103.63,product-catalog,product-catalog-784544475c-stwzc,memory_usage,container_memory_working_set_bytes,13074432.0
1776463103.63,product-catalog,product-catalog::service,pod_restart_count,k8s_container_restarts,37.0
1776463103.63,product-catalog,product-catalog::service,pod_running_count,k8s_container_ready,3.0
1776463103.63,recommendation,otel-demo.recommendation-5b46f7469c-g2rgb.recommendation,dependency_error_ratio,trace_client_error_ratio,0.0
1776463103.63,recommendation,otel-demo.recommendation-5b46f7469c-rjwxq.recommendation,dependency_error_ratio,trace_client_error_ratio,0.0
1776463103.63,recommendation,otel-demo.recommendation-5b46f7469c-rjwxq.recommendation,error_ratio,trace_server_error_ratio,0.0
1776463103.63,recommendation,otel-demo.recommendation-5b46f7469c-rjwxq.recommendation,request_count,trace_server_count,0.0
1776463103.63,recommendation,otel-demo.recommendation-5b46f7469c-t2fm9.recommendation,dependency_error_ratio,trace_client_error_ratio,0.0
1776463103.63,recommendation,otel-demo.recommendation-5b46f7469c-t2fm9.recommendation,error_ratio,trace_server_error_ratio,0.0
1776463103.63,recommendation,otel-demo.recommendation-5b46f7469c-t2fm9.recommendation,request_count,trace_server_count,0.0
1776463103.63,recommendation,recommendation-5b46f7469c-g2rgb,cpu_usage,container_cpu_usage,0.01493755859208434
1776463103.63,recommendation,recommendation-5b46f7469c-g2rgb,memory_usage,container_memory_working_set_bytes,46891008.0
1776463103.63,recommendation,recommendation-5b46f7469c-rjwxq,cpu_usage,container_cpu_usage,0.040677135298511705
1776463103.63,recommendation,recommendation-5b46f7469c-rjwxq,memory_usage,container_memory_working_set_bytes,47902720.0
1776463103.63,recommendation,recommendation-5b46f7469c-t2fm9,cpu_usage,container_cpu_usage,0.05550150522376971
1776463103.63,recommendation,recommendation-5b46f7469c-t2fm9,memory_usage,container_memory_working_set_bytes,52695040.0
1776463103.63,recommendation,recommendation::service,pod_restart_count,k8s_container_restarts,3.0
1776463103.63,recommendation,recommendation::service,pod_running_count,k8s_container_ready,3.0
1776463113.63,ad,3a8b9295-6ae2-4e8a-b9b0-a607d7fec0a4,dependency_error_ratio,trace_client_error_ratio,0.0
1776463113.63,ad,3a8b9295-6ae2-4e8a-b9b0-a607d7fec0a4,error_ratio,trace_server_error_ratio,0.0
1776463113.63,ad,3a8b9295-6ae2-4e8a-b9b0-a607d7fec0a4,request_count,trace_server_count,0.0
1776463113.63,ad,5680c7ee-584c-4353-b6d2-93bc605a0324,dependency_error_ratio,trace_client_error_ratio,0.0
1776463113.63,ad,5680c7ee-584c-4353-b6d2-93bc605a0324,error_ratio,trace_server_error_ratio,0.0
1776463113.63,ad,5680c7ee-584c-4353-b6d2-93bc605a0324,request_count,trace_server_count,0.0
1776463113.63,ad,9f9a3c1c-bd3f-40ea-8764-b59f1ebd2204,dependency_error_ratio,trace_client_error_ratio,0.0
1776463113.63,ad,ad-7fb5b4f859-52ks9,cpu_usage,container_cpu_usage,0.0024107791038718
1776463113.63,ad,ad-7fb5b4f859-52ks9,memory_usage,container_memory_working_set_bytes,260435968.0
1776463113.63,ad,ad-7fb5b4f859-rd4zw,cpu_usage,container_cpu_usage,0.0012406863766407025
1776463113.63,ad,ad-7fb5b4f859-rd4zw,memory_usage,container_memory_working_set_bytes,238436352.0
1776463113.63,ad,ad-7fb5b4f859-zsstr,cpu_usage,container_cpu_usage,0.003494006983170588
1776463113.63,ad,ad-7fb5b4f859-zsstr,memory_usage,container_memory_working_set_bytes,261890048.0
1776463113.63,ad,ad::service,pod_restart_count,k8s_container_restarts,3.0
1776463113.63,ad,ad::service,pod_running_count,k8s_container_ready,3.0
1776463113.63,cart,cart-7c7496d7f-th7mc,cpu_usage,container_cpu_usage,0.0487559001884754
1776463113.63,cart,cart-7c7496d7f-th7mc,memory_usage,container_memory_working_set_bytes,63238144.0
1776463113.63,cart,cart::service,pod_restart_count,k8s_container_restarts,1.0
1776463113.63,cart,cart::service,pod_running_count,k8s_container_ready,1.0
1776463113.63,cart,f1f3afac-3031-4c18-925a-048232421d89,dependency_error_ratio,trace_client_error_ratio,0.0
1776463113.63,cart,f1f3afac-3031-4c18-925a-048232421d89,error_ratio,trace_server_error_ratio,0.0
1776463113.63,cart,f1f3afac-3031-4c18-925a-048232421d89,request_count,trace_server_count,0.0
1776463113.63,checkout,4755bdbd-5ad9-49fa-acb7-3a7dcb6a9277,dependency_error_ratio,trace_client_error_ratio,0.0
1776463113.63,checkout,4755bdbd-5ad9-49fa-acb7-3a7dcb6a9277,error_ratio,trace_server_error_ratio,0.0
1776463113.63,checkout,4755bdbd-5ad9-49fa-acb7-3a7dcb6a9277,request_count,trace_server_count,0.0
1776463113.63,checkout,bb49e6b9-109a-41b8-be66-ab2a38272474,dependency_error_ratio,trace_client_error_ratio,0.0
1776463113.63,checkout,bb49e6b9-109a-41b8-be66-ab2a38272474,error_ratio,trace_server_error_ratio,0.0
1776463113.63,checkout,bb49e6b9-109a-41b8-be66-ab2a38272474,request_count,trace_server_count,0.0
1776463113.63,checkout,bc5804df-6f63-4261-8788-8ecfe5481366,dependency_error_ratio,trace_client_error_ratio,0.0
1776463113.63,checkout,bc5804df-6f63-4261-8788-8ecfe5481366,error_ratio,trace_server_error_ratio,0.0
1776463113.63,checkout,bc5804df-6f63-4261-8788-8ecfe5481366,request_count,trace_server_count,0.0
1776463113.63,checkout,checkout-7f4ccfc547-6crwh,cpu_usage,container_cpu_usage,0.1123617857687024
1776463113.63,checkout,checkout-7f4ccfc547-6crwh,memory_usage,container_memory_working_set_bytes,16240640.0
1776463113.63,checkout,checkout-7f4ccfc547-ftx2n,cpu_usage,container_cpu_usage,0.0005896101245152037
1776463113.63,checkout,checkout-7f4ccfc547-ftx2n,memory_usage,container_memory_working_set_bytes,12210176.0
1776463113.63,checkout,checkout-7f4ccfc547-qlfgr,cpu_usage,container_cpu_usage,0.05870128659010514
1776463113.63,checkout,checkout-7f4ccfc547-qlfgr,memory_usage,container_memory_working_set_bytes,15912960.0
1776463113.63,checkout,checkout::service,pod_restart_count,k8s_container_restarts,45.0
1776463113.63,checkout,checkout::service,pod_running_count,k8s_container_ready,3.0
1776463113.63,email,email-5dcf48b665-66zvj,cpu_usage,container_cpu_usage,0.005193798756583246
1776463113.63,email,email-5dcf48b665-66zvj,memory_usage,container_memory_working_set_bytes,59633664.0
1776463113.63,email,email-5dcf48b665-9xxmx,cpu_usage,container_cpu_usage,0.0068883580226161475
1776463113.63,email,email-5dcf48b665-9xxmx,memory_usage,container_memory_working_set_bytes,57110528.0
1776463113.63,email,email-5dcf48b665-n4zf2,cpu_usage,container_cpu_usage,0.006403739810755975
1776463113.63,email,email-5dcf48b665-n4zf2,memory_usage,container_memory_working_set_bytes,54747136.0
1776463113.63,email,email::service,pod_restart_count,k8s_container_restarts,9.0
1776463113.63,email,email::service,pod_running_count,k8s_container_ready,3.0
1776463113.63,email,otel-demo.email-5dcf48b665-66zvj.email,error_ratio,trace_server_error_ratio,0.0
1776463113.63,email,otel-demo.email-5dcf48b665-66zvj.email,request_count,trace_server_count,0.0
1776463113.63,email,otel-demo.email-5dcf48b665-9xxmx.email,error_ratio,trace_server_error_ratio,0.0
1776463113.63,email,otel-demo.email-5dcf48b665-9xxmx.email,request_count,trace_server_count,0.0
1776463113.63,email,otel-demo.email-5dcf48b665-n4zf2.email,error_ratio,trace_server_error_ratio,0.0
1776463113.63,email,otel-demo.email-5dcf48b665-n4zf2.email,request_count,trace_server_count,0.0
1776463113.63,frontend,frontend-b78bf7696-6bjdg,cpu_usage,container_cpu_usage,1.810537724999995
1776463113.63,frontend,frontend-b78bf7696-6bjdg,memory_usage,container_memory_working_set_bytes,122716160.0
1776463113.63,frontend,frontend-b78bf7696-77ldd,cpu_usage,container_cpu_usage,2.7118852905569164
1776463113.63,frontend,frontend-b78bf7696-77ldd,memory_usage,container_memory_working_set_bytes,113250304.0
1776463113.63,frontend,frontend-b78bf7696-p9kqx,cpu_usage,container_cpu_usage,2.6739330733765176
1776463113.63,frontend,frontend-b78bf7696-p9kqx,memory_usage,container_memory_working_set_bytes,121966592.0
1776463113.63,frontend,frontend::service,pod_restart_count,k8s_container_restarts,3.0
1776463113.63,frontend,frontend::service,pod_running_count,k8s_container_ready,3.0
1776463113.63,frontend,otel-demo.frontend-b78bf7696-6bjdg.frontend,dependency_error_ratio,trace_client_error_ratio,0.0
1776463113.63,frontend,otel-demo.frontend-b78bf7696-6bjdg.frontend,error_ratio,trace_server_error_ratio,0.0
1776463113.63,frontend,otel-demo.frontend-b78bf7696-6bjdg.frontend,http_5xx_ratio,http_server_5xx_ratio,0.0
1776463113.63,frontend,otel-demo.frontend-b78bf7696-6bjdg.frontend,request_count,trace_server_count,0.0
1776463113.63,frontend,otel-demo.frontend-b78bf7696-77ldd.frontend,dependency_error_ratio,trace_client_error_ratio,0.0
1776463113.63,frontend,otel-demo.frontend-b78bf7696-77ldd.frontend,error_ratio,trace_server_error_ratio,0.0
1776463113.63,frontend,otel-demo.frontend-b78bf7696-77ldd.frontend,http_5xx_ratio,http_server_5xx_ratio,0.0
1776463113.63,frontend,otel-demo.frontend-b78bf7696-77ldd.frontend,request_count,trace_server_count,0.0
1776463113.63,frontend,otel-demo.frontend-b78bf7696-p9kqx.frontend,dependency_error_ratio,trace_client_error_ratio,0.0
1776463113.63,frontend,otel-demo.frontend-b78bf7696-p9kqx.frontend,error_ratio,trace_server_error_ratio,0.0
1776463113.63,frontend,otel-demo.frontend-b78bf7696-p9kqx.frontend,http_5xx_ratio,http_server_5xx_ratio,0.0
1776463113.63,frontend,otel-demo.frontend-b78bf7696-p9kqx.frontend,request_count,trace_server_count,0.0
1776463113.63,kafka,kafka-66df8bdf76-zjcbb,cpu_usage,container_cpu_usage,0.014433993272217834
1776463113.63,kafka,kafka-66df8bdf76-zjcbb,memory_usage,container_memory_working_set_bytes,666943488.0
1776463113.63,kafka,kafka::service,pod_restart_count,k8s_container_restarts,9.0
1776463113.63,kafka,kafka::service,pod_running_count,k8s_container_ready,1.0
1776463113.63,kafka,kafka::service,queue_lag,queue_size_ratio,0.0
1776463113.63,payment,otel-demo.payment-f9f8d647b-74h8z.payment,dependency_error_ratio,trace_client_error_ratio,0.0
1776463113.63,payment,otel-demo.payment-f9f8d647b-74h8z.payment,error_ratio,trace_server_error_ratio,0.0
1776463113.63,payment,otel-demo.payment-f9f8d647b-74h8z.payment,request_count,trace_server_count,0.0
1776463113.63,payment,otel-demo.payment-f9f8d647b-75hmx.payment,dependency_error_ratio,trace_client_error_ratio,0.0
1776463113.63,payment,otel-demo.payment-f9f8d647b-75hmx.payment,error_ratio,trace_server_error_ratio,0.0
1776463113.63,payment,otel-demo.payment-f9f8d647b-75hmx.payment,request_count,trace_server_count,0.0
1776463113.63,payment,otel-demo.payment-f9f8d647b-tv6l5.payment,dependency_error_ratio,trace_client_error_ratio,0.0
1776463113.63,payment,otel-demo.payment-f9f8d647b-tv6l5.payment,error_ratio,trace_server_error_ratio,0.0
1776463113.63,payment,otel-demo.payment-f9f8d647b-tv6l5.payment,request_count,trace_server_count,0.0
1776463113.63,payment,payment-f9f8d647b-74h8z,cpu_usage,container_cpu_usage,0.00910152363184067
1776463113.63,payment,payment-f9f8d647b-74h8z,memory_usage,container_memory_working_set_bytes,109637632.0
1776463113.63,payment,payment-f9f8d647b-75hmx,cpu_usage,container_cpu_usage,0.008717391812790005
1776463113.63,payment,payment-f9f8d647b-75hmx,memory_usage,container_memory_working_set_bytes,109608960.0
1776463113.63,payment,payment-f9f8d647b-tv6l5,cpu_usage,container_cpu_usage,0.00690233016081381
1776463113.63,payment,payment-f9f8d647b-tv6l5,memory_usage,container_memory_working_set_bytes,101187584.0
1776463113.63,payment,payment::service,pod_restart_count,k8s_container_restarts,39.0
1776463113.63,payment,payment::service,pod_running_count,k8s_container_ready,3.0
1776463113.63,product-catalog,otel-demo.product-catalog-784544475c-7crs7.product-catalog,dependency_error_ratio,trace_client_error_ratio,0.0
1776463113.63,product-catalog,otel-demo.product-catalog-784544475c-7crs7.product-catalog,error_ratio,trace_server_error_ratio,0.0
1776463113.63,product-catalog,otel-demo.product-catalog-784544475c-7crs7.product-catalog,request_count,trace_server_count,0.0
1776463113.63,product-catalog,otel-demo.product-catalog-784544475c-8skc7.product-catalog,dependency_error_ratio,trace_client_error_ratio,0.0
1776463113.63,product-catalog,otel-demo.product-catalog-784544475c-8skc7.product-catalog,error_ratio,trace_server_error_ratio,0.0
1776463113.63,product-catalog,otel-demo.product-catalog-784544475c-8skc7.product-catalog,request_count,trace_server_count,0.0
1776463113.63,product-catalog,otel-demo.product-catalog-784544475c-stwzc.product-catalog,dependency_error_ratio,trace_client_error_ratio,0.0
1776463113.63,product-catalog,otel-demo.product-catalog-784544475c-stwzc.product-catalog,error_ratio,trace_server_error_ratio,0.0
1776463113.63,product-catalog,otel-demo.product-catalog-784544475c-stwzc.product-catalog,request_count,trace_server_count,0.0
1776463113.63,product-catalog,product-catalog-784544475c-7crs7,cpu_usage,container_cpu_usage,0.15492347830492167
1776463113.63,product-catalog,product-catalog-784544475c-7crs7,memory_usage,container_memory_working_set_bytes,17014784.0
1776463113.63,product-catalog,product-catalog-784544475c-8skc7,cpu_usage,container_cpu_usage,0.20911443168031904
1776463113.63,product-catalog,product-catalog-784544475c-8skc7,memory_usage,container_memory_working_set_bytes,17866752.0
1776463113.63,product-catalog,product-catalog-784544475c-stwzc,cpu_usage,container_cpu_usage,0.0004980674178359766
1776463113.63,product-catalog,product-catalog-784544475c-stwzc,memory_usage,container_memory_working_set_bytes,13078528.0
1776463113.63,product-catalog,product-catalog::service,pod_restart_count,k8s_container_restarts,37.0
1776463113.63,product-catalog,product-catalog::service,pod_running_count,k8s_container_ready,3.0
1776463113.63,recommendation,otel-demo.recommendation-5b46f7469c-g2rgb.recommendation,dependency_error_ratio,trace_client_error_ratio,0.0
1776463113.63,recommendation,otel-demo.recommendation-5b46f7469c-rjwxq.recommendation,dependency_error_ratio,trace_client_error_ratio,0.0
1776463113.63,recommendation,otel-demo.recommendation-5b46f7469c-rjwxq.recommendation,error_ratio,trace_server_error_ratio,0.0
1776463113.63,recommendation,otel-demo.recommendation-5b46f7469c-rjwxq.recommendation,request_count,trace_server_count,0.0
1776463113.63,recommendation,otel-demo.recommendation-5b46f7469c-t2fm9.recommendation,dependency_error_ratio,trace_client_error_ratio,0.0
1776463113.63,recommendation,otel-demo.recommendation-5b46f7469c-t2fm9.recommendation,error_ratio,trace_server_error_ratio,0.0
1776463113.63,recommendation,otel-demo.recommendation-5b46f7469c-t2fm9.recommendation,request_count,trace_server_count,0.0
1776463113.63,recommendation,recommendation-5b46f7469c-g2rgb,cpu_usage,container_cpu_usage,0.006417327824986164
1776463113.63,recommendation,recommendation-5b46f7469c-g2rgb,memory_usage,container_memory_working_set_bytes,46891008.0
1776463113.63,recommendation,recommendation-5b46f7469c-rjwxq,cpu_usage,container_cpu_usage,0.04249983427891986
1776463113.63,recommendation,recommendation-5b46f7469c-rjwxq,memory_usage,container_memory_working_set_bytes,47915008.0
1776463113.63,recommendation,recommendation-5b46f7469c-t2fm9,cpu_usage,container_cpu_usage,0.05791961786539841
1776463113.63,recommendation,recommendation-5b46f7469c-t2fm9,memory_usage,container_memory_working_set_bytes,52793344.0
1776463113.63,recommendation,recommendation::service,pod_restart_count,k8s_container_restarts,3.0
1776463113.63,recommendation,recommendation::service,pod_running_count,k8s_container_ready,3.0
1776463123.63,ad,3a8b9295-6ae2-4e8a-b9b0-a607d7fec0a4,dependency_error_ratio,trace_client_error_ratio,0.0
1776463123.63,ad,3a8b9295-6ae2-4e8a-b9b0-a607d7fec0a4,error_ratio,trace_server_error_ratio,0.0
1776463123.63,ad,3a8b9295-6ae2-4e8a-b9b0-a607d7fec0a4,request_count,trace_server_count,0.0
1776463123.63,ad,5680c7ee-584c-4353-b6d2-93bc605a0324,dependency_error_ratio,trace_client_error_ratio,0.0
1776463123.63,ad,5680c7ee-584c-4353-b6d2-93bc605a0324,error_ratio,trace_server_error_ratio,0.0
1776463123.63,ad,5680c7ee-584c-4353-b6d2-93bc605a0324,request_count,trace_server_count,0.0
1776463123.63,ad,9f9a3c1c-bd3f-40ea-8764-b59f1ebd2204,dependency_error_ratio,trace_client_error_ratio,0.0
1776463123.63,ad,ad-7fb5b4f859-52ks9,cpu_usage,container_cpu_usage,0.002315104116128113
1776463123.63,ad,ad-7fb5b4f859-52ks9,memory_usage,container_memory_working_set_bytes,260435968.0
1776463123.63,ad,ad-7fb5b4f859-rd4zw,cpu_usage,container_cpu_usage,0.0013838464860997201
1776463123.63,ad,ad-7fb5b4f859-rd4zw,memory_usage,container_memory_working_set_bytes,238436352.0
1776463123.63,ad,ad-7fb5b4f859-zsstr,cpu_usage,container_cpu_usage,0.00394084117799098
1776463123.63,ad,ad-7fb5b4f859-zsstr,memory_usage,container_memory_working_set_bytes,261885952.0
1776463123.63,ad,ad::service,pod_restart_count,k8s_container_restarts,3.0
1776463123.63,ad,ad::service,pod_running_count,k8s_container_ready,3.0
1776463123.63,cart,cart-7c7496d7f-th7mc,cpu_usage,container_cpu_usage,0.05390106153344905
1776463123.63,cart,cart-7c7496d7f-th7mc,memory_usage,container_memory_working_set_bytes,63238144.0
1776463123.63,cart,cart::service,pod_restart_count,k8s_container_restarts,1.0
1776463123.63,cart,cart::service,pod_running_count,k8s_container_ready,1.0
1776463123.63,cart,f1f3afac-3031-4c18-925a-048232421d89,dependency_error_ratio,trace_client_error_ratio,0.0
1776463123.63,cart,f1f3afac-3031-4c18-925a-048232421d89,error_ratio,trace_server_error_ratio,0.0
1776463123.63,cart,f1f3afac-3031-4c18-925a-048232421d89,request_count,trace_server_count,0.0
1776463123.63,checkout,4755bdbd-5ad9-49fa-acb7-3a7dcb6a9277,dependency_error_ratio,trace_client_error_ratio,0.0
1776463123.63,checkout,4755bdbd-5ad9-49fa-acb7-3a7dcb6a9277,error_ratio,trace_server_error_ratio,0.0
1776463123.63,checkout,4755bdbd-5ad9-49fa-acb7-3a7dcb6a9277,request_count,trace_server_count,0.0
1776463123.63,checkout,bb49e6b9-109a-41b8-be66-ab2a38272474,dependency_error_ratio,trace_client_error_ratio,0.0
1776463123.63,checkout,bb49e6b9-109a-41b8-be66-ab2a38272474,error_ratio,trace_server_error_ratio,0.0
1776463123.63,checkout,bb49e6b9-109a-41b8-be66-ab2a38272474,request_count,trace_server_count,0.0
1776463123.63,checkout,bc5804df-6f63-4261-8788-8ecfe5481366,dependency_error_ratio,trace_client_error_ratio,0.0
1776463123.63,checkout,bc5804df-6f63-4261-8788-8ecfe5481366,error_ratio,trace_server_error_ratio,0.0
1776463123.63,checkout,bc5804df-6f63-4261-8788-8ecfe5481366,request_count,trace_server_count,0.0
1776463123.63,checkout,checkout-7f4ccfc547-6crwh,cpu_usage,container_cpu_usage,0.13865302756616485
1776463123.63,checkout,checkout-7f4ccfc547-6crwh,memory_usage,container_memory_working_set_bytes,17469440.0
1776463123.63,checkout,checkout-7f4ccfc547-ftx2n,cpu_usage,container_cpu_usage,0.000350339083209033
1776463123.63,checkout,checkout-7f4ccfc547-ftx2n,memory_usage,container_memory_working_set_bytes,12210176.0
1776463123.63,checkout,checkout-7f4ccfc547-qlfgr,cpu_usage,container_cpu_usage,0.05803553406667663
1776463123.63,checkout,checkout-7f4ccfc547-qlfgr,memory_usage,container_memory_working_set_bytes,15912960.0
1776463123.63,checkout,checkout::service,pod_restart_count,k8s_container_restarts,45.0
1776463123.63,checkout,checkout::service,pod_running_count,k8s_container_ready,3.0
1776463123.63,email,email-5dcf48b665-66zvj,cpu_usage,container_cpu_usage,0.006540055027958395
1776463123.63,email,email-5dcf48b665-66zvj,memory_usage,container_memory_working_set_bytes,59916288.0
1776463123.63,email,email-5dcf48b665-9xxmx,cpu_usage,container_cpu_usage,0.005870676691728669
1776463123.63,email,email-5dcf48b665-9xxmx,memory_usage,container_memory_working_set_bytes,56676352.0
1776463123.63,email,email-5dcf48b665-n4zf2,cpu_usage,container_cpu_usage,0.006403739810755975
1776463123.63,email,email-5dcf48b665-n4zf2,memory_usage,container_memory_working_set_bytes,54747136.0
1776463123.63,email,email::service,pod_restart_count,k8s_container_restarts,9.0
1776463123.63,email,email::service,pod_running_count,k8s_container_ready,3.0
1776463123.63,email,otel-demo.email-5dcf48b665-66zvj.email,error_ratio,trace_server_error_ratio,0.0
1776463123.63,email,otel-demo.email-5dcf48b665-66zvj.email,request_count,trace_server_count,0.0
1776463123.63,email,otel-demo.email-5dcf48b665-9xxmx.email,error_ratio,trace_server_error_ratio,0.0
1776463123.63,email,otel-demo.email-5dcf48b665-9xxmx.email,request_count,trace_server_count,0.0
1776463123.63,email,otel-demo.email-5dcf48b665-n4zf2.email,error_ratio,trace_server_error_ratio,0.0
1776463123.63,email,otel-demo.email-5dcf48b665-n4zf2.email,request_count,trace_server_count,0.0
1776463123.63,frontend,frontend-b78bf7696-6bjdg,cpu_usage,container_cpu_usage,2.714494479953486
1776463123.63,frontend,frontend-b78bf7696-6bjdg,memory_usage,container_memory_working_set_bytes,123392000.0
1776463123.63,frontend,frontend-b78bf7696-77ldd,cpu_usage,container_cpu_usage,2.6765315593911314
1776463123.63,frontend,frontend-b78bf7696-77ldd,memory_usage,container_memory_working_set_bytes,113541120.0
1776463123.63,frontend,frontend-b78bf7696-p9kqx,cpu_usage,container_cpu_usage,2.6387452921082177
1776463123.63,frontend,frontend-b78bf7696-p9kqx,memory_usage,container_memory_working_set_bytes,122343424.0
1776463123.63,frontend,frontend::service,pod_restart_count,k8s_container_restarts,3.0
1776463123.63,frontend,frontend::service,pod_running_count,k8s_container_ready,3.0
1776463123.63,frontend,otel-demo.frontend-b78bf7696-6bjdg.frontend,dependency_error_ratio,trace_client_error_ratio,0.0
1776463123.63,frontend,otel-demo.frontend-b78bf7696-6bjdg.frontend,error_ratio,trace_server_error_ratio,0.0
1776463123.63,frontend,otel-demo.frontend-b78bf7696-6bjdg.frontend,http_5xx_ratio,http_server_5xx_ratio,0.0
1776463123.63,frontend,otel-demo.frontend-b78bf7696-6bjdg.frontend,request_count,trace_server_count,0.0
1776463123.63,frontend,otel-demo.frontend-b78bf7696-77ldd.frontend,dependency_error_ratio,trace_client_error_ratio,0.0
1776463123.63,frontend,otel-demo.frontend-b78bf7696-77ldd.frontend,error_ratio,trace_server_error_ratio,0.0
1776463123.63,frontend,otel-demo.frontend-b78bf7696-77ldd.frontend,http_5xx_ratio,http_server_5xx_ratio,0.0
1776463123.63,frontend,otel-demo.frontend-b78bf7696-77ldd.frontend,request_count,trace_server_count,0.0
1776463123.63,frontend,otel-demo.frontend-b78bf7696-p9kqx.frontend,dependency_error_ratio,trace_client_error_ratio,0.0
1776463123.63,frontend,otel-demo.frontend-b78bf7696-p9kqx.frontend,error_ratio,trace_server_error_ratio,0.0
1776463123.63,frontend,otel-demo.frontend-b78bf7696-p9kqx.frontend,http_5xx_ratio,http_server_5xx_ratio,0.0
1776463123.63,frontend,otel-demo.frontend-b78bf7696-p9kqx.frontend,request_count,trace_server_count,0.0
1776463123.63,kafka,kafka-66df8bdf76-zjcbb,cpu_usage,container_cpu_usage,0.011281339888423789
1776463123.63,kafka,kafka-66df8bdf76-zjcbb,memory_usage,container_memory_working_set_bytes,666976256.0
1776463123.63,kafka,kafka::service,pod_restart_count,k8s_container_restarts,9.0
1776463123.63,kafka,kafka::service,pod_running_count,k8s_container_ready,1.0
1776463123.63,kafka,kafka::service,queue_lag,queue_size_ratio,0.0
1776463123.63,payment,otel-demo.payment-f9f8d647b-74h8z.payment,dependency_error_ratio,trace_client_error_ratio,0.0
1776463123.63,payment,otel-demo.payment-f9f8d647b-74h8z.payment,error_ratio,trace_server_error_ratio,0.0
1776463123.63,payment,otel-demo.payment-f9f8d647b-74h8z.payment,request_count,trace_server_count,0.0
1776463123.63,payment,otel-demo.payment-f9f8d647b-75hmx.payment,dependency_error_ratio,trace_client_error_ratio,0.0
1776463123.63,payment,otel-demo.payment-f9f8d647b-75hmx.payment,error_ratio,trace_server_error_ratio,0.0
1776463123.63,payment,otel-demo.payment-f9f8d647b-75hmx.payment,request_count,trace_server_count,0.0
1776463123.63,payment,otel-demo.payment-f9f8d647b-tv6l5.payment,dependency_error_ratio,trace_client_error_ratio,0.0
1776463123.63,payment,otel-demo.payment-f9f8d647b-tv6l5.payment,error_ratio,trace_server_error_ratio,0.0
1776463123.63,payment,otel-demo.payment-f9f8d647b-tv6l5.payment,request_count,trace_server_count,0.0
1776463123.63,payment,payment-f9f8d647b-74h8z,cpu_usage,container_cpu_usage,0.00910152363184067
1776463123.63,payment,payment-f9f8d647b-74h8z,memory_usage,container_memory_working_set_bytes,109637632.0
1776463123.63,payment,payment-f9f8d647b-75hmx,cpu_usage,container_cpu_usage,0.011228385836970006
1776463123.63,payment,payment-f9f8d647b-75hmx,memory_usage,container_memory_working_set_bytes,109608960.0
1776463123.63,payment,payment-f9f8d647b-tv6l5,cpu_usage,container_cpu_usage,0.007029223134185989
1776463123.63,payment,payment-f9f8d647b-tv6l5,memory_usage,container_memory_working_set_bytes,101187584.0
1776463123.63,payment,payment::service,pod_restart_count,k8s_container_restarts,39.0
1776463123.63,payment,payment::service,pod_running_count,k8s_container_ready,3.0
1776463123.63,product-catalog,otel-demo.product-catalog-784544475c-7crs7.product-catalog,dependency_error_ratio,trace_client_error_ratio,0.0
1776463123.63,product-catalog,otel-demo.product-catalog-784544475c-7crs7.product-catalog,error_ratio,trace_server_error_ratio,0.0
1776463123.63,product-catalog,otel-demo.product-catalog-784544475c-7crs7.product-catalog,request_count,trace_server_count,0.0
1776463123.63,product-catalog,otel-demo.product-catalog-784544475c-8skc7.product-catalog,dependency_error_ratio,trace_client_error_ratio,0.0
1776463123.63,product-catalog,otel-demo.product-catalog-784544475c-8skc7.product-catalog,error_ratio,trace_server_error_ratio,0.0
1776463123.63,product-catalog,otel-demo.product-catalog-784544475c-8skc7.product-catalog,request_count,trace_server_count,0.0
1776463123.63,product-catalog,otel-demo.product-catalog-784544475c-stwzc.product-catalog,dependency_error_ratio,trace_client_error_ratio,0.0
1776463123.63,product-catalog,otel-demo.product-catalog-784544475c-stwzc.product-catalog,error_ratio,trace_server_error_ratio,0.0
1776463123.63,product-catalog,otel-demo.product-catalog-784544475c-stwzc.product-catalog,request_count,trace_server_count,0.0
1776463123.63,product-catalog,product-catalog-784544475c-7crs7,cpu_usage,container_cpu_usage,0.1412064338329985
1776463123.63,product-catalog,product-catalog-784544475c-7crs7,memory_usage,container_memory_working_set_bytes,16400384.0
1776463123.63,product-catalog,product-catalog-784544475c-8skc7,cpu_usage,container_cpu_usage,0.2912837526634041
1776463123.63,product-catalog,product-catalog-784544475c-8skc7,memory_usage,container_memory_working_set_bytes,17846272.0
1776463123.63,product-catalog,product-catalog-784544475c-stwzc,cpu_usage,container_cpu_usage,0.0004980674178359766
1776463123.63,product-catalog,product-catalog-784544475c-stwzc,memory_usage,container_memory_working_set_bytes,13078528.0
1776463123.63,product-catalog,product-catalog::service,pod_restart_count,k8s_container_restarts,37.0
1776463123.63,product-catalog,product-catalog::service,pod_running_count,k8s_container_ready,3.0
1776463123.63,recommendation,otel-demo.recommendation-5b46f7469c-g2rgb.recommendation,dependency_error_ratio,trace_client_error_ratio,0.0
1776463123.63,recommendation,otel-demo.recommendation-5b46f7469c-rjwxq.recommendation,dependency_error_ratio,trace_client_error_ratio,0.0
1776463123.63,recommendation,otel-demo.recommendation-5b46f7469c-rjwxq.recommendation,error_ratio,trace_server_error_ratio,0.0
1776463123.63,recommendation,otel-demo.recommendation-5b46f7469c-rjwxq.recommendation,request_count,trace_server_count,0.0
1776463123.63,recommendation,otel-demo.recommendation-5b46f7469c-t2fm9.recommendation,dependency_error_ratio,trace_client_error_ratio,0.0
1776463123.63,recommendation,otel-demo.recommendation-5b46f7469c-t2fm9.recommendation,error_ratio,trace_server_error_ratio,0.0
1776463123.63,recommendation,otel-demo.recommendation-5b46f7469c-t2fm9.recommendation,request_count,trace_server_count,0.0
1776463123.63,recommendation,recommendation-5b46f7469c-g2rgb,cpu_usage,container_cpu_usage,0.00876278843492276
1776463123.63,recommendation,recommendation-5b46f7469c-g2rgb,memory_usage,container_memory_working_set_bytes,46891008.0
1776463123.63,recommendation,recommendation-5b46f7469c-rjwxq,cpu_usage,container_cpu_usage,0.03848930564770831
1776463123.63,recommendation,recommendation-5b46f7469c-rjwxq,memory_usage,container_memory_working_set_bytes,47898624.0
1776463123.63,recommendation,recommendation-5b46f7469c-t2fm9,cpu_usage,container_cpu_usage,0.06520261088462613
1776463123.63,recommendation,recommendation-5b46f7469c-t2fm9,memory_usage,container_memory_working_set_bytes,52748288.0
1776463123.63,recommendation,recommendation::service,pod_restart_count,k8s_container_restarts,3.0
1776463123.63,recommendation,recommendation::service,pod_running_count,k8s_container_ready,3.0
1776463133.63,ad,3a8b9295-6ae2-4e8a-b9b0-a607d7fec0a4,dependency_error_ratio,trace_client_error_ratio,0.0
1776463133.63,ad,3a8b9295-6ae2-4e8a-b9b0-a607d7fec0a4,error_ratio,trace_server_error_ratio,0.0
1776463133.63,ad,3a8b9295-6ae2-4e8a-b9b0-a607d7fec0a4,request_count,trace_server_count,0.0
1776463133.63,ad,5680c7ee-584c-4353-b6d2-93bc605a0324,dependency_error_ratio,trace_client_error_ratio,0.0
1776463133.63,ad,5680c7ee-584c-4353-b6d2-93bc605a0324,error_ratio,trace_server_error_ratio,0.0
1776463133.63,ad,5680c7ee-584c-4353-b6d2-93bc605a0324,request_count,trace_server_count,0.0
1776463133.63,ad,9f9a3c1c-bd3f-40ea-8764-b59f1ebd2204,dependency_error_ratio,trace_client_error_ratio,0.0
1776463133.63,ad,ad-7fb5b4f859-52ks9,cpu_usage,container_cpu_usage,0.0023844131835014963
1776463133.63,ad,ad-7fb5b4f859-52ks9,memory_usage,container_memory_working_set_bytes,260435968.0
1776463133.63,ad,ad-7fb5b4f859-rd4zw,cpu_usage,container_cpu_usage,0.0013024741411714275
1776463133.63,ad,ad-7fb5b4f859-rd4zw,memory_usage,container_memory_working_set_bytes,238436352.0
1776463133.63,ad,ad-7fb5b4f859-zsstr,cpu_usage,container_cpu_usage,0.0038750187257874107
1776463133.63,ad,ad-7fb5b4f859-zsstr,memory_usage,container_memory_working_set_bytes,261885952.0
1776463133.63,ad,ad::service,pod_restart_count,k8s_container_restarts,3.0
1776463133.63,ad,ad::service,pod_running_count,k8s_container_ready,3.0
1776463133.63,cart,cart-7c7496d7f-th7mc,cpu_usage,container_cpu_usage,0.05322227909533566
1776463133.63,cart,cart-7c7496d7f-th7mc,memory_usage,container_memory_working_set_bytes,63279104.0
1776463133.63,cart,cart::service,pod_restart_count,k8s_container_restarts,1.0
1776463133.63,cart,cart::service,pod_running_count,k8s_container_ready,1.0
1776463133.63,cart,f1f3afac-3031-4c18-925a-048232421d89,dependency_error_ratio,trace_client_error_ratio,0.0
1776463133.63,cart,f1f3afac-3031-4c18-925a-048232421d89,error_ratio,trace_server_error_ratio,0.0
1776463133.63,cart,f1f3afac-3031-4c18-925a-048232421d89,request_count,trace_server_count,0.0
1776463133.63,checkout,4755bdbd-5ad9-49fa-acb7-3a7dcb6a9277,dependency_error_ratio,trace_client_error_ratio,0.0
1776463133.63,checkout,4755bdbd-5ad9-49fa-acb7-3a7dcb6a9277,error_ratio,trace_server_error_ratio,0.0
1776463133.63,checkout,4755bdbd-5ad9-49fa-acb7-3a7dcb6a9277,request_count,trace_server_count,0.0
1776463133.63,checkout,bb49e6b9-109a-41b8-be66-ab2a38272474,dependency_error_ratio,trace_client_error_ratio,0.0
1776463133.63,checkout,bb49e6b9-109a-41b8-be66-ab2a38272474,error_ratio,trace_server_error_ratio,0.0
1776463133.63,checkout,bb49e6b9-109a-41b8-be66-ab2a38272474,request_count,trace_server_count,0.0
1776463133.63,checkout,bc5804df-6f63-4261-8788-8ecfe5481366,dependency_error_ratio,trace_client_error_ratio,0.0
1776463133.63,checkout,bc5804df-6f63-4261-8788-8ecfe5481366,error_ratio,trace_server_error_ratio,0.0
1776463133.63,checkout,bc5804df-6f63-4261-8788-8ecfe5481366,request_count,trace_server_count,0.0
1776463133.63,checkout,checkout-7f4ccfc547-6crwh,cpu_usage,container_cpu_usage,0.13875097061547773
1776463133.63,checkout,checkout-7f4ccfc547-6crwh,memory_usage,container_memory_working_set_bytes,17428480.0
1776463133.63,checkout,checkout-7f4ccfc547-ftx2n,cpu_usage,container_cpu_usage,0.00033259083110080565
1776463133.63,checkout,checkout-7f4ccfc547-ftx2n,memory_usage,container_memory_working_set_bytes,12214272.0
1776463133.63,checkout,checkout-7f4ccfc547-qlfgr,cpu_usage,container_cpu_usage,0.06185445345471444
1776463133.63,checkout,checkout-7f4ccfc547-qlfgr,memory_usage,container_memory_working_set_bytes,14983168.0
1776463133.63,checkout,checkout::service,pod_restart_count,k8s_container_restarts,45.0
1776463133.63,checkout,checkout::service,pod_running_count,k8s_container_ready,3.0
1776463133.63,email,email-5dcf48b665-66zvj,cpu_usage,container_cpu_usage,0.00874042641814044
1776463133.63,email,email-5dcf48b665-66zvj,memory_usage,container_memory_working_set_bytes,59916288.0
1776463133.63,email,email-5dcf48b665-9xxmx,cpu_usage,container_cpu_usage,0.0045980695683837825
1776463133.63,email,email-5dcf48b665-9xxmx,memory_usage,container_memory_working_set_bytes,56676352.0
1776463133.63,email,email-5dcf48b665-n4zf2,cpu_usage,container_cpu_usage,0.005607495498347889
1776463133.63,email,email-5dcf48b665-n4zf2,memory_usage,container_memory_working_set_bytes,54693888.0
1776463133.63,email,email::service,pod_restart_count,k8s_container_restarts,9.0
1776463133.63,email,email::service,pod_running_count,k8s_container_ready,3.0
1776463133.63,email,otel-demo.email-5dcf48b665-66zvj.email,error_ratio,trace_server_error_ratio,0.0
1776463133.63,email,otel-demo.email-5dcf48b665-66zvj.email,request_count,trace_server_count,0.0
1776463133.63,email,otel-demo.email-5dcf48b665-9xxmx.email,error_ratio,trace_server_error_ratio,0.0
1776463133.63,email,otel-demo.email-5dcf48b665-9xxmx.email,request_count,trace_server_count,0.0
1776463133.63,email,otel-demo.email-5dcf48b665-n4zf2.email,error_ratio,trace_server_error_ratio,0.0
1776463133.63,email,otel-demo.email-5dcf48b665-n4zf2.email,request_count,trace_server_count,0.0
1776463133.63,frontend,frontend-b78bf7696-6bjdg,cpu_usage,container_cpu_usage,2.714494479953486
1776463133.63,frontend,frontend-b78bf7696-6bjdg,memory_usage,container_memory_working_set_bytes,123392000.0
1776463133.63,frontend,frontend-b78bf7696-77ldd,cpu_usage,container_cpu_usage,2.7090342155864917
1776463133.63,frontend,frontend-b78bf7696-77ldd,memory_usage,container_memory_working_set_bytes,111882240.0
1776463133.63,frontend,frontend-b78bf7696-p9kqx,cpu_usage,container_cpu_usage,2.6923666478491555
1776463133.63,frontend,frontend-b78bf7696-p9kqx,memory_usage,container_memory_working_set_bytes,122986496.0
1776463133.63,frontend,frontend::service,pod_restart_count,k8s_container_restarts,3.0
1776463133.63,frontend,frontend::service,pod_running_count,k8s_container_ready,3.0
1776463133.63,frontend,otel-demo.frontend-b78bf7696-6bjdg.frontend,dependency_error_ratio,trace_client_error_ratio,0.0
1776463133.63,frontend,otel-demo.frontend-b78bf7696-6bjdg.frontend,error_ratio,trace_server_error_ratio,0.0
1776463133.63,frontend,otel-demo.frontend-b78bf7696-6bjdg.frontend,http_5xx_ratio,http_server_5xx_ratio,0.0
1776463133.63,frontend,otel-demo.frontend-b78bf7696-6bjdg.frontend,request_count,trace_server_count,0.0
1776463133.63,frontend,otel-demo.frontend-b78bf7696-77ldd.frontend,dependency_error_ratio,trace_client_error_ratio,0.0
1776463133.63,frontend,otel-demo.frontend-b78bf7696-77ldd.frontend,error_ratio,trace_server_error_ratio,0.0
1776463133.63,frontend,otel-demo.frontend-b78bf7696-77ldd.frontend,http_5xx_ratio,http_server_5xx_ratio,0.0
1776463133.63,frontend,otel-demo.frontend-b78bf7696-77ldd.frontend,request_count,trace_server_count,0.0
1776463133.63,frontend,otel-demo.frontend-b78bf7696-p9kqx.frontend,dependency_error_ratio,trace_client_error_ratio,0.0
1776463133.63,frontend,otel-demo.frontend-b78bf7696-p9kqx.frontend,error_ratio,trace_server_error_ratio,0.0
1776463133.63,frontend,otel-demo.frontend-b78bf7696-p9kqx.frontend,http_5xx_ratio,http_server_5xx_ratio,0.0
1776463133.63,frontend,otel-demo.frontend-b78bf7696-p9kqx.frontend,request_count,trace_server_count,0.0
1776463133.63,kafka,kafka-66df8bdf76-zjcbb,cpu_usage,container_cpu_usage,0.014224974116405532
1776463133.63,kafka,kafka-66df8bdf76-zjcbb,memory_usage,container_memory_working_set_bytes,667025408.0
1776463133.63,kafka,kafka::service,pod_restart_count,k8s_container_restarts,9.0
1776463133.63,kafka,kafka::service,pod_running_count,k8s_container_ready,1.0
1776463133.63,kafka,kafka::service,queue_lag,queue_size_ratio,0.0
1776463133.63,payment,otel-demo.payment-f9f8d647b-74h8z.payment,dependency_error_ratio,trace_client_error_ratio,0.0
1776463133.63,payment,otel-demo.payment-f9f8d647b-74h8z.payment,error_ratio,trace_server_error_ratio,0.0
1776463133.63,payment,otel-demo.payment-f9f8d647b-74h8z.payment,request_count,trace_server_count,0.0
1776463133.63,payment,otel-demo.payment-f9f8d647b-75hmx.payment,dependency_error_ratio,trace_client_error_ratio,0.0
1776463133.63,payment,otel-demo.payment-f9f8d647b-75hmx.payment,error_ratio,trace_server_error_ratio,0.0
1776463133.63,payment,otel-demo.payment-f9f8d647b-75hmx.payment,request_count,trace_server_count,0.0
1776463133.63,payment,otel-demo.payment-f9f8d647b-tv6l5.payment,dependency_error_ratio,trace_client_error_ratio,0.0
1776463133.63,payment,otel-demo.payment-f9f8d647b-tv6l5.payment,error_ratio,trace_server_error_ratio,0.0
1776463133.63,payment,otel-demo.payment-f9f8d647b-tv6l5.payment,request_count,trace_server_count,0.0
1776463133.63,payment,payment-f9f8d647b-74h8z,cpu_usage,container_cpu_usage,0.009948990166014623
1776463133.63,payment,payment-f9f8d647b-74h8z,memory_usage,container_memory_working_set_bytes,109637632.0
1776463133.63,payment,payment-f9f8d647b-75hmx,cpu_usage,container_cpu_usage,0.012481021932312406
1776463133.63,payment,payment-f9f8d647b-75hmx,memory_usage,container_memory_working_set_bytes,109613056.0
1776463133.63,payment,payment-f9f8d647b-tv6l5,cpu_usage,container_cpu_usage,0.007166805455850644
1776463133.63,payment,payment-f9f8d647b-tv6l5,memory_usage,container_memory_working_set_bytes,101187584.0
1776463133.63,payment,payment::service,pod_restart_count,k8s_container_restarts,39.0
1776463133.63,payment,payment::service,pod_running_count,k8s_container_ready,3.0
1776463133.63,product-catalog,otel-demo.product-catalog-784544475c-7crs7.product-catalog,dependency_error_ratio,trace_client_error_ratio,0.0
1776463133.63,product-catalog,otel-demo.product-catalog-784544475c-7crs7.product-catalog,error_ratio,trace_server_error_ratio,0.0
1776463133.63,product-catalog,otel-demo.product-catalog-784544475c-7crs7.product-catalog,request_count,trace_server_count,0.0
1776463133.63,product-catalog,otel-demo.product-catalog-784544475c-8skc7.product-catalog,dependency_error_ratio,trace_client_error_ratio,0.0
1776463133.63,product-catalog,otel-demo.product-catalog-784544475c-8skc7.product-catalog,error_ratio,trace_server_error_ratio,0.0
1776463133.63,product-catalog,otel-demo.product-catalog-784544475c-8skc7.product-catalog,request_count,trace_server_count,0.0
1776463133.63,product-catalog,otel-demo.product-catalog-784544475c-stwzc.product-catalog,dependency_error_ratio,trace_client_error_ratio,0.0
1776463133.63,product-catalog,otel-demo.product-catalog-784544475c-stwzc.product-catalog,error_ratio,trace_server_error_ratio,0.0
1776463133.63,product-catalog,otel-demo.product-catalog-784544475c-stwzc.product-catalog,request_count,trace_server_count,0.0
1776463133.63,product-catalog,product-catalog-784544475c-7crs7,cpu_usage,container_cpu_usage,0.13986246108284597
1776463133.63,product-catalog,product-catalog-784544475c-7crs7,memory_usage,container_memory_working_set_bytes,16560128.0
1776463133.63,product-catalog,product-catalog-784544475c-8skc7,cpu_usage,container_cpu_usage,0.31275679228746694
1776463133.63,product-catalog,product-catalog-784544475c-8skc7,memory_usage,container_memory_working_set_bytes,16986112.0
1776463133.63,product-catalog,product-catalog-784544475c-stwzc,cpu_usage,container_cpu_usage,0.0005375688816855756
1776463133.63,product-catalog,product-catalog-784544475c-stwzc,memory_usage,container_memory_working_set_bytes,12689408.0
1776463133.63,product-catalog,product-catalog::service,pod_restart_count,k8s_container_restarts,37.0
1776463133.63,product-catalog,product-catalog::service,pod_running_count,k8s_container_ready,3.0
1776463133.63,recommendation,otel-demo.recommendation-5b46f7469c-g2rgb.recommendation,dependency_error_ratio,trace_client_error_ratio,0.0
1776463133.63,recommendation,otel-demo.recommendation-5b46f7469c-rjwxq.recommendation,dependency_error_ratio,trace_client_error_ratio,0.0
1776463133.63,recommendation,otel-demo.recommendation-5b46f7469c-rjwxq.recommendation,error_ratio,trace_server_error_ratio,0.0
1776463133.63,recommendation,otel-demo.recommendation-5b46f7469c-rjwxq.recommendation,request_count,trace_server_count,0.0
1776463133.63,recommendation,otel-demo.recommendation-5b46f7469c-t2fm9.recommendation,dependency_error_ratio,trace_client_error_ratio,0.0
1776463133.63,recommendation,otel-demo.recommendation-5b46f7469c-t2fm9.recommendation,error_ratio,trace_server_error_ratio,0.0
1776463133.63,recommendation,otel-demo.recommendation-5b46f7469c-t2fm9.recommendation,request_count,trace_server_count,0.0
1776463133.63,recommendation,recommendation-5b46f7469c-g2rgb,cpu_usage,container_cpu_usage,0.010912393561647872
1776463133.63,recommendation,recommendation-5b46f7469c-g2rgb,memory_usage,container_memory_working_set_bytes,46891008.0
1776463133.63,recommendation,recommendation-5b46f7469c-rjwxq,cpu_usage,container_cpu_usage,0.030201262020884457
1776463133.63,recommendation,recommendation-5b46f7469c-rjwxq,memory_usage,container_memory_working_set_bytes,47898624.0
1776463133.63,recommendation,recommendation-5b46f7469c-t2fm9,cpu_usage,container_cpu_usage,0.06520261088462613
1776463133.63,recommendation,recommendation-5b46f7469c-t2fm9,memory_usage,container_memory_working_set_bytes,52748288.0
1776463133.63,recommendation,recommendation::service,pod_restart_count,k8s_container_restarts,3.0
1776463133.63,recommendation,recommendation::service,pod_running_count,k8s_container_ready,3.0
1776463143.63,ad,3a8b9295-6ae2-4e8a-b9b0-a607d7fec0a4,dependency_error_ratio,trace_client_error_ratio,0.0
1776463143.63,ad,3a8b9295-6ae2-4e8a-b9b0-a607d7fec0a4,error_ratio,trace_server_error_ratio,0.0
1776463143.63,ad,3a8b9295-6ae2-4e8a-b9b0-a607d7fec0a4,request_count,trace_server_count,0.0
1776463143.63,ad,5680c7ee-584c-4353-b6d2-93bc605a0324,dependency_error_ratio,trace_client_error_ratio,0.0
1776463143.63,ad,5680c7ee-584c-4353-b6d2-93bc605a0324,error_ratio,trace_server_error_ratio,0.0
1776463143.63,ad,5680c7ee-584c-4353-b6d2-93bc605a0324,request_count,trace_server_count,0.0
1776463143.63,ad,9f9a3c1c-bd3f-40ea-8764-b59f1ebd2204,dependency_error_ratio,trace_client_error_ratio,0.0
1776463143.63,ad,ad-7fb5b4f859-52ks9,cpu_usage,container_cpu_usage,0.0019168744593205896
1776463143.63,ad,ad-7fb5b4f859-52ks9,memory_usage,container_memory_working_set_bytes,260403200.0
1776463143.63,ad,ad-7fb5b4f859-rd4zw,cpu_usage,container_cpu_usage,0.0011474153014083127
1776463143.63,ad,ad-7fb5b4f859-rd4zw,memory_usage,container_memory_working_set_bytes,238436352.0
1776463143.63,ad,ad-7fb5b4f859-zsstr,cpu_usage,container_cpu_usage,0.003513175911029246
1776463143.63,ad,ad-7fb5b4f859-zsstr,memory_usage,container_memory_working_set_bytes,261890048.0
1776463143.63,ad,ad::service,pod_restart_count,k8s_container_restarts,3.0
1776463143.63,ad,ad::service,pod_running_count,k8s_container_ready,3.0
1776463143.63,cart,cart-7c7496d7f-th7mc,cpu_usage,container_cpu_usage,0.048951027703308135
1776463143.63,cart,cart-7c7496d7f-th7mc,memory_usage,container_memory_working_set_bytes,63279104.0
1776463143.63,cart,cart::service,pod_restart_count,k8s_container_restarts,1.0
1776463143.63,cart,cart::service,pod_running_count,k8s_container_ready,1.0
1776463143.63,cart,f1f3afac-3031-4c18-925a-048232421d89,dependency_error_ratio,trace_client_error_ratio,0.0
1776463143.63,cart,f1f3afac-3031-4c18-925a-048232421d89,error_ratio,trace_server_error_ratio,0.0
1776463143.63,cart,f1f3afac-3031-4c18-925a-048232421d89,request_count,trace_server_count,0.0
1776463143.63,checkout,4755bdbd-5ad9-49fa-acb7-3a7dcb6a9277,dependency_error_ratio,trace_client_error_ratio,0.0
1776463143.63,checkout,4755bdbd-5ad9-49fa-acb7-3a7dcb6a9277,error_ratio,trace_server_error_ratio,0.0
1776463143.63,checkout,4755bdbd-5ad9-49fa-acb7-3a7dcb6a9277,request_count,trace_server_count,0.0
1776463143.63,checkout,bb49e6b9-109a-41b8-be66-ab2a38272474,dependency_error_ratio,trace_client_error_ratio,0.0
1776463143.63,checkout,bb49e6b9-109a-41b8-be66-ab2a38272474,error_ratio,trace_server_error_ratio,0.0
1776463143.63,checkout,bb49e6b9-109a-41b8-be66-ab2a38272474,request_count,trace_server_count,0.0
1776463143.63,checkout,bc5804df-6f63-4261-8788-8ecfe5481366,dependency_error_ratio,trace_client_error_ratio,0.0
1776463143.63,checkout,bc5804df-6f63-4261-8788-8ecfe5481366,error_ratio,trace_server_error_ratio,0.0
1776463143.63,checkout,bc5804df-6f63-4261-8788-8ecfe5481366,request_count,trace_server_count,0.0
1776463143.63,checkout,checkout-7f4ccfc547-6crwh,cpu_usage,container_cpu_usage,0.14580868640850392
1776463143.63,checkout,checkout-7f4ccfc547-6crwh,memory_usage,container_memory_working_set_bytes,17428480.0
1776463143.63,checkout,checkout-7f4ccfc547-ftx2n,cpu_usage,container_cpu_usage,0.00034509228544696876
1776463143.63,checkout,checkout-7f4ccfc547-ftx2n,memory_usage,container_memory_working_set_bytes,12230656.0
1776463143.63,checkout,checkout-7f4ccfc547-qlfgr,cpu_usage,container_cpu_usage,0.06486051375312525
1776463143.63,checkout,checkout-7f4ccfc547-qlfgr,memory_usage,container_memory_working_set_bytes,16334848.0
1776463143.63,checkout,checkout::service,pod_restart_count,k8s_container_restarts,45.0
1776463143.63,checkout,checkout::service,pod_running_count,k8s_container_ready,3.0
1776463143.63,email,email-5dcf48b665-66zvj,cpu_usage,container_cpu_usage,0.008975424542834416
1776463143.63,email,email-5dcf48b665-66zvj,memory_usage,container_memory_working_set_bytes,59768832.0
1776463143.63,email,email-5dcf48b665-9xxmx,cpu_usage,container_cpu_usage,0.004539888473741718
1776463143.63,email,email-5dcf48b665-9xxmx,memory_usage,container_memory_working_set_bytes,56455168.0
1776463143.63,email,email-5dcf48b665-n4zf2,cpu_usage,container_cpu_usage,0.004131390840805438
1776463143.63,email,email-5dcf48b665-n4zf2,memory_usage,container_memory_working_set_bytes,54693888.0
1776463143.63,email,email::service,pod_restart_count,k8s_container_restarts,9.0
1776463143.63,email,email::service,pod_running_count,k8s_container_ready,3.0
1776463143.63,email,otel-demo.email-5dcf48b665-66zvj.email,error_ratio,trace_server_error_ratio,0.0
1776463143.63,email,otel-demo.email-5dcf48b665-66zvj.email,request_count,trace_server_count,0.0
1776463143.63,email,otel-demo.email-5dcf48b665-9xxmx.email,error_ratio,trace_server_error_ratio,0.0
1776463143.63,email,otel-demo.email-5dcf48b665-9xxmx.email,request_count,trace_server_count,0.0
1776463143.63,email,otel-demo.email-5dcf48b665-n4zf2.email,error_ratio,trace_server_error_ratio,0.0
1776463143.63,email,otel-demo.email-5dcf48b665-n4zf2.email,request_count,trace_server_count,0.0
1776463143.63,frontend,frontend-b78bf7696-6bjdg,cpu_usage,container_cpu_usage,2.561973079968327
1776463143.63,frontend,frontend-b78bf7696-6bjdg,memory_usage,container_memory_working_set_bytes,122892288.0
1776463143.63,frontend,frontend-b78bf7696-77ldd,cpu_usage,container_cpu_usage,2.6543235892043455
1776463143.63,frontend,frontend-b78bf7696-77ldd,memory_usage,container_memory_working_set_bytes,111882240.0
1776463143.63,frontend,frontend-b78bf7696-p9kqx,cpu_usage,container_cpu_usage,1.6120694749999984
1776463143.63,frontend,frontend-b78bf7696-p9kqx,memory_usage,container_memory_working_set_bytes,122986496.0
1776463143.63,frontend,frontend::service,pod_restart_count,k8s_container_restarts,3.0
1776463143.63,frontend,frontend::service,pod_running_count,k8s_container_ready,3.0
1776463143.63,frontend,otel-demo.frontend-b78bf7696-6bjdg.frontend,dependency_error_ratio,trace_client_error_ratio,0.0
1776463143.63,frontend,otel-demo.frontend-b78bf7696-6bjdg.frontend,error_ratio,trace_server_error_ratio,0.0
1776463143.63,frontend,otel-demo.frontend-b78bf7696-6bjdg.frontend,http_5xx_ratio,http_server_5xx_ratio,0.0
1776463143.63,frontend,otel-demo.frontend-b78bf7696-6bjdg.frontend,request_count,trace_server_count,0.0
1776463143.63,frontend,otel-demo.frontend-b78bf7696-77ldd.frontend,dependency_error_ratio,trace_client_error_ratio,0.0
1776463143.63,frontend,otel-demo.frontend-b78bf7696-77ldd.frontend,error_ratio,trace_server_error_ratio,0.0
1776463143.63,frontend,otel-demo.frontend-b78bf7696-77ldd.frontend,http_5xx_ratio,http_server_5xx_ratio,0.0
1776463143.63,frontend,otel-demo.frontend-b78bf7696-77ldd.frontend,request_count,trace_server_count,0.0
1776463143.63,frontend,otel-demo.frontend-b78bf7696-p9kqx.frontend,dependency_error_ratio,trace_client_error_ratio,0.0
1776463143.63,frontend,otel-demo.frontend-b78bf7696-p9kqx.frontend,error_ratio,trace_server_error_ratio,0.0
1776463143.63,frontend,otel-demo.frontend-b78bf7696-p9kqx.frontend,http_5xx_ratio,http_server_5xx_ratio,0.0
1776463143.63,frontend,otel-demo.frontend-b78bf7696-p9kqx.frontend,request_count,trace_server_count,0.0
1776463143.63,kafka,kafka-66df8bdf76-zjcbb,cpu_usage,container_cpu_usage,0.013581553488085329
1776463143.63,kafka,kafka-66df8bdf76-zjcbb,memory_usage,container_memory_working_set_bytes,667025408.0
1776463143.63,kafka,kafka::service,pod_restart_count,k8s_container_restarts,9.0
1776463143.63,kafka,kafka::service,pod_running_count,k8s_container_ready,1.0
1776463143.63,kafka,kafka::service,queue_lag,queue_size_ratio,0.0
1776463143.63,payment,otel-demo.payment-f9f8d647b-74h8z.payment,dependency_error_ratio,trace_client_error_ratio,0.0
1776463143.63,payment,otel-demo.payment-f9f8d647b-74h8z.payment,error_ratio,trace_server_error_ratio,0.0
1776463143.63,payment,otel-demo.payment-f9f8d647b-74h8z.payment,request_count,trace_server_count,0.0
1776463143.63,payment,otel-demo.payment-f9f8d647b-75hmx.payment,dependency_error_ratio,trace_client_error_ratio,0.0
1776463143.63,payment,otel-demo.payment-f9f8d647b-75hmx.payment,error_ratio,trace_server_error_ratio,0.0
1776463143.63,payment,otel-demo.payment-f9f8d647b-75hmx.payment,request_count,trace_server_count,0.0
1776463143.63,payment,otel-demo.payment-f9f8d647b-tv6l5.payment,dependency_error_ratio,trace_client_error_ratio,0.0
1776463143.63,payment,otel-demo.payment-f9f8d647b-tv6l5.payment,error_ratio,trace_server_error_ratio,0.0
1776463143.63,payment,otel-demo.payment-f9f8d647b-tv6l5.payment,request_count,trace_server_count,0.0
1776463143.63,payment,payment-f9f8d647b-74h8z,cpu_usage,container_cpu_usage,0.009772976281560914
1776463143.63,payment,payment-f9f8d647b-74h8z,memory_usage,container_memory_working_set_bytes,109637632.0
1776463143.63,payment,payment-f9f8d647b-75hmx,cpu_usage,container_cpu_usage,0.01188116750258005
1776463143.63,payment,payment-f9f8d647b-75hmx,memory_usage,container_memory_working_set_bytes,109617152.0
1776463143.63,payment,payment-f9f8d647b-tv6l5,cpu_usage,container_cpu_usage,0.007020561422510995
1776463143.63,payment,payment-f9f8d647b-tv6l5,memory_usage,container_memory_working_set_bytes,101187584.0
1776463143.63,payment,payment::service,pod_restart_count,k8s_container_restarts,39.0
1776463143.63,payment,payment::service,pod_running_count,k8s_container_ready,3.0
1776463143.63,product-catalog,otel-demo.product-catalog-784544475c-7crs7.product-catalog,dependency_error_ratio,trace_client_error_ratio,0.0
1776463143.63,product-catalog,otel-demo.product-catalog-784544475c-7crs7.product-catalog,error_ratio,trace_server_error_ratio,0.0
1776463143.63,product-catalog,otel-demo.product-catalog-784544475c-7crs7.product-catalog,request_count,trace_server_count,0.0
1776463143.63,product-catalog,otel-demo.product-catalog-784544475c-8skc7.product-catalog,dependency_error_ratio,trace_client_error_ratio,0.0
1776463143.63,product-catalog,otel-demo.product-catalog-784544475c-8skc7.product-catalog,error_ratio,trace_server_error_ratio,0.0
1776463143.63,product-catalog,otel-demo.product-catalog-784544475c-8skc7.product-catalog,request_count,trace_server_count,0.0
1776463143.63,product-catalog,otel-demo.product-catalog-784544475c-stwzc.product-catalog,dependency_error_ratio,trace_client_error_ratio,0.0
1776463143.63,product-catalog,otel-demo.product-catalog-784544475c-stwzc.product-catalog,error_ratio,trace_server_error_ratio,0.0
1776463143.63,product-catalog,otel-demo.product-catalog-784544475c-stwzc.product-catalog,request_count,trace_server_count,0.0
1776463143.63,product-catalog,product-catalog-784544475c-7crs7,cpu_usage,container_cpu_usage,0.12245661243220693
1776463143.63,product-catalog,product-catalog-784544475c-7crs7,memory_usage,container_memory_working_set_bytes,16388096.0
1776463143.63,product-catalog,product-catalog-784544475c-8skc7,cpu_usage,container_cpu_usage,0.31229427063216914
1776463143.63,product-catalog,product-catalog-784544475c-8skc7,memory_usage,container_memory_working_set_bytes,16986112.0
1776463143.63,product-catalog,product-catalog-784544475c-stwzc,cpu_usage,container_cpu_usage,0.000557871265051286
1776463143.63,product-catalog,product-catalog-784544475c-stwzc,memory_usage,container_memory_working_set_bytes,12689408.0
1776463143.63,product-catalog,product-catalog::service,pod_restart_count,k8s_container_restarts,37.0
1776463143.63,product-catalog,product-catalog::service,pod_running_count,k8s_container_ready,3.0
1776463143.63,recommendation,otel-demo.recommendation-5b46f7469c-g2rgb.recommendation,dependency_error_ratio,trace_client_error_ratio,0.0
1776463143.63,recommendation,otel-demo.recommendation-5b46f7469c-rjwxq.recommendation,dependency_error_ratio,trace_client_error_ratio,0.0
1776463143.63,recommendation,otel-demo.recommendation-5b46f7469c-rjwxq.recommendation,error_ratio,trace_server_error_ratio,0.0
1776463143.63,recommendation,otel-demo.recommendation-5b46f7469c-rjwxq.recommendation,request_count,trace_server_count,0.0
1776463143.63,recommendation,otel-demo.recommendation-5b46f7469c-t2fm9.recommendation,dependency_error_ratio,trace_client_error_ratio,0.0
1776463143.63,recommendation,otel-demo.recommendation-5b46f7469c-t2fm9.recommendation,error_ratio,trace_server_error_ratio,0.0
1776463143.63,recommendation,otel-demo.recommendation-5b46f7469c-t2fm9.recommendation,request_count,trace_server_count,0.0
1776463143.63,recommendation,recommendation-5b46f7469c-g2rgb,cpu_usage,container_cpu_usage,0.01443340783351076
1776463143.63,recommendation,recommendation-5b46f7469c-g2rgb,memory_usage,container_memory_working_set_bytes,46891008.0
1776463143.63,recommendation,recommendation-5b46f7469c-rjwxq,cpu_usage,container_cpu_usage,0.01863763677080752
1776463143.63,recommendation,recommendation-5b46f7469c-rjwxq,memory_usage,container_memory_working_set_bytes,47849472.0
1776463143.63,recommendation,recommendation-5b46f7469c-t2fm9,cpu_usage,container_cpu_usage,0.06883950690570176
1776463143.63,recommendation,recommendation-5b46f7469c-t2fm9,memory_usage,container_memory_working_set_bytes,52727808.0
1776463143.63,recommendation,recommendation::service,pod_restart_count,k8s_container_restarts,3.0
1776463143.63,recommendation,recommendation::service,pod_running_count,k8s_container_ready,3.0
1776463153.63,ad,3a8b9295-6ae2-4e8a-b9b0-a607d7fec0a4,dependency_error_ratio,trace_client_error_ratio,0.0
1776463153.63,ad,3a8b9295-6ae2-4e8a-b9b0-a607d7fec0a4,error_ratio,trace_server_error_ratio,0.0
1776463153.63,ad,3a8b9295-6ae2-4e8a-b9b0-a607d7fec0a4,request_count,trace_server_count,0.0
1776463153.63,ad,5680c7ee-584c-4353-b6d2-93bc605a0324,dependency_error_ratio,trace_client_error_ratio,0.0
1776463153.63,ad,5680c7ee-584c-4353-b6d2-93bc605a0324,error_ratio,trace_server_error_ratio,0.0
1776463153.63,ad,5680c7ee-584c-4353-b6d2-93bc605a0324,request_count,trace_server_count,0.0
1776463153.63,ad,9f9a3c1c-bd3f-40ea-8764-b59f1ebd2204,dependency_error_ratio,trace_client_error_ratio,0.0
1776463153.63,ad,ad-7fb5b4f859-52ks9,cpu_usage,container_cpu_usage,0.0018787525445208262
1776463153.63,ad,ad-7fb5b4f859-52ks9,memory_usage,container_memory_working_set_bytes,260407296.0
1776463153.63,ad,ad-7fb5b4f859-rd4zw,cpu_usage,container_cpu_usage,0.0011927627276495814
1776463153.63,ad,ad-7fb5b4f859-rd4zw,memory_usage,container_memory_working_set_bytes,238440448.0
1776463153.63,ad,ad-7fb5b4f859-zsstr,cpu_usage,container_cpu_usage,0.003513175911029246
1776463153.63,ad,ad-7fb5b4f859-zsstr,memory_usage,container_memory_working_set_bytes,261890048.0
1776463153.63,ad,ad::service,pod_restart_count,k8s_container_restarts,3.0
1776463153.63,ad,ad::service,pod_running_count,k8s_container_ready,3.0
1776463153.63,cart,cart-7c7496d7f-th7mc,cpu_usage,container_cpu_usage,0.05113770395124529
1776463153.63,cart,cart-7c7496d7f-th7mc,memory_usage,container_memory_working_set_bytes,63135744.0
1776463153.63,cart,cart::service,pod_restart_count,k8s_container_restarts,1.0
1776463153.63,cart,cart::service,pod_running_count,k8s_container_ready,1.0
1776463153.63,cart,f1f3afac-3031-4c18-925a-048232421d89,dependency_error_ratio,trace_client_error_ratio,0.0
1776463153.63,cart,f1f3afac-3031-4c18-925a-048232421d89,error_ratio,trace_server_error_ratio,0.0
1776463153.63,cart,f1f3afac-3031-4c18-925a-048232421d89,request_count,trace_server_count,0.0
1776463153.63,checkout,4755bdbd-5ad9-49fa-acb7-3a7dcb6a9277,dependency_error_ratio,trace_client_error_ratio,0.0
1776463153.63,checkout,4755bdbd-5ad9-49fa-acb7-3a7dcb6a9277,error_ratio,trace_server_error_ratio,0.0
1776463153.63,checkout,4755bdbd-5ad9-49fa-acb7-3a7dcb6a9277,request_count,trace_server_count,0.0
1776463153.63,checkout,bb49e6b9-109a-41b8-be66-ab2a38272474,dependency_error_ratio,trace_client_error_ratio,0.0
1776463153.63,checkout,bb49e6b9-109a-41b8-be66-ab2a38272474,error_ratio,trace_server_error_ratio,0.0
1776463153.63,checkout,bb49e6b9-109a-41b8-be66-ab2a38272474,request_count,trace_server_count,0.0
1776463153.63,checkout,bc5804df-6f63-4261-8788-8ecfe5481366,dependency_error_ratio,trace_client_error_ratio,0.0
1776463153.63,checkout,bc5804df-6f63-4261-8788-8ecfe5481366,error_ratio,trace_server_error_ratio,0.0
1776463153.63,checkout,bc5804df-6f63-4261-8788-8ecfe5481366,request_count,trace_server_count,0.0
1776463153.63,checkout,checkout-7f4ccfc547-6crwh,cpu_usage,container_cpu_usage,0.13865626622987534
1776463153.63,checkout,checkout-7f4ccfc547-6crwh,memory_usage,container_memory_working_set_bytes,16736256.0
1776463153.63,checkout,checkout-7f4ccfc547-ftx2n,cpu_usage,container_cpu_usage,0.0003774485917551911
1776463153.63,checkout,checkout-7f4ccfc547-ftx2n,memory_usage,container_memory_working_set_bytes,12234752.0
1776463153.63,checkout,checkout-7f4ccfc547-qlfgr,cpu_usage,container_cpu_usage,0.06486051375312525
1776463153.63,checkout,checkout-7f4ccfc547-qlfgr,memory_usage,container_memory_working_set_bytes,16334848.0
1776463153.63,checkout,checkout::service,pod_restart_count,k8s_container_restarts,45.0
1776463153.63,checkout,checkout::service,pod_running_count,k8s_container_ready,3.0
1776463153.63,email,email-5dcf48b665-66zvj,cpu_usage,container_cpu_usage,0.01185617895568602
1776463153.63,email,email-5dcf48b665-66zvj,memory_usage,container_memory_working_set_bytes,59768832.0
1776463153.63,email,email-5dcf48b665-9xxmx,cpu_usage,container_cpu_usage,0.0035840892336281944
1776463153.63,email,email-5dcf48b665-9xxmx,memory_usage,container_memory_working_set_bytes,56455168.0
1776463153.63,email,email-5dcf48b665-n4zf2,cpu_usage,container_cpu_usage,0.005240994479527113
1776463153.63,email,email-5dcf48b665-n4zf2,memory_usage,container_memory_working_set_bytes,54460416.0
1776463153.63,email,email::service,pod_restart_count,k8s_container_restarts,9.0
1776463153.63,email,email::service,pod_running_count,k8s_container_ready,3.0
1776463153.63,email,otel-demo.email-5dcf48b665-66zvj.email,error_ratio,trace_server_error_ratio,0.0
1776463153.63,email,otel-demo.email-5dcf48b665-66zvj.email,request_count,trace_server_count,0.0
1776463153.63,email,otel-demo.email-5dcf48b665-9xxmx.email,error_ratio,trace_server_error_ratio,0.0
1776463153.63,email,otel-demo.email-5dcf48b665-9xxmx.email,request_count,trace_server_count,0.0
1776463153.63,email,otel-demo.email-5dcf48b665-n4zf2.email,error_ratio,trace_server_error_ratio,0.0
1776463153.63,email,otel-demo.email-5dcf48b665-n4zf2.email,request_count,trace_server_count,0.0
1776463153.63,frontend,frontend-b78bf7696-6bjdg,cpu_usage,container_cpu_usage,2.470175935158903
1776463153.63,frontend,frontend-b78bf7696-6bjdg,memory_usage,container_memory_working_set_bytes,122892288.0
1776463153.63,frontend,frontend-b78bf7696-77ldd,cpu_usage,container_cpu_usage,2.480494238587769
1776463153.63,frontend,frontend-b78bf7696-77ldd,memory_usage,container_memory_working_set_bytes,113123328.0
1776463153.63,frontend,frontend-b78bf7696-p9kqx,cpu_usage,container_cpu_usage,2.499596626936559
1776463153.63,frontend,frontend-b78bf7696-p9kqx,memory_usage,container_memory_working_set_bytes,121602048.0
1776463153.63,frontend,frontend::service,pod_restart_count,k8s_container_restarts,3.0
1776463153.63,frontend,frontend::service,pod_running_count,k8s_container_ready,3.0
1776463153.63,frontend,otel-demo.frontend-b78bf7696-6bjdg.frontend,dependency_error_ratio,trace_client_error_ratio,0.0
1776463153.63,frontend,otel-demo.frontend-b78bf7696-6bjdg.frontend,error_ratio,trace_server_error_ratio,0.0
1776463153.63,frontend,otel-demo.frontend-b78bf7696-6bjdg.frontend,http_5xx_ratio,http_server_5xx_ratio,0.0
1776463153.63,frontend,otel-demo.frontend-b78bf7696-6bjdg.frontend,request_count,trace_server_count,0.0
1776463153.63,frontend,otel-demo.frontend-b78bf7696-77ldd.frontend,dependency_error_ratio,trace_client_error_ratio,0.0
1776463153.63,frontend,otel-demo.frontend-b78bf7696-77ldd.frontend,error_ratio,trace_server_error_ratio,0.0
1776463153.63,frontend,otel-demo.frontend-b78bf7696-77ldd.frontend,http_5xx_ratio,http_server_5xx_ratio,0.0
1776463153.63,frontend,otel-demo.frontend-b78bf7696-77ldd.frontend,request_count,trace_server_count,0.0
1776463153.63,frontend,otel-demo.frontend-b78bf7696-p9kqx.frontend,dependency_error_ratio,trace_client_error_ratio,0.0
1776463153.63,frontend,otel-demo.frontend-b78bf7696-p9kqx.frontend,error_ratio,trace_server_error_ratio,0.0
1776463153.63,frontend,otel-demo.frontend-b78bf7696-p9kqx.frontend,http_5xx_ratio,http_server_5xx_ratio,0.0
1776463153.63,frontend,otel-demo.frontend-b78bf7696-p9kqx.frontend,request_count,trace_server_count,0.0
1776463153.63,kafka,kafka-66df8bdf76-zjcbb,cpu_usage,container_cpu_usage,0.013462231905495647
1776463153.63,kafka,kafka-66df8bdf76-zjcbb,memory_usage,container_memory_working_set_bytes,667049984.0
1776463153.63,kafka,kafka::service,pod_restart_count,k8s_container_restarts,9.0
1776463153.63,kafka,kafka::service,pod_running_count,k8s_container_ready,1.0
1776463153.63,kafka,kafka::service,queue_lag,queue_size_ratio,0.0
1776463153.63,payment,otel-demo.payment-f9f8d647b-74h8z.payment,dependency_error_ratio,trace_client_error_ratio,0.0
1776463153.63,payment,otel-demo.payment-f9f8d647b-74h8z.payment,error_ratio,trace_server_error_ratio,0.0
1776463153.63,payment,otel-demo.payment-f9f8d647b-74h8z.payment,request_count,trace_server_count,0.0
1776463153.63,payment,otel-demo.payment-f9f8d647b-75hmx.payment,dependency_error_ratio,trace_client_error_ratio,0.0
1776463153.63,payment,otel-demo.payment-f9f8d647b-75hmx.payment,error_ratio,trace_server_error_ratio,0.0
1776463153.63,payment,otel-demo.payment-f9f8d647b-75hmx.payment,request_count,trace_server_count,0.0
1776463153.63,payment,otel-demo.payment-f9f8d647b-tv6l5.payment,dependency_error_ratio,trace_client_error_ratio,0.0
1776463153.63,payment,otel-demo.payment-f9f8d647b-tv6l5.payment,error_ratio,trace_server_error_ratio,0.0
1776463153.63,payment,otel-demo.payment-f9f8d647b-tv6l5.payment,request_count,trace_server_count,0.0
1776463153.63,payment,payment-f9f8d647b-74h8z,cpu_usage,container_cpu_usage,0.009640433643585956
1776463153.63,payment,payment-f9f8d647b-74h8z,memory_usage,container_memory_working_set_bytes,109637632.0
1776463153.63,payment,payment-f9f8d647b-75hmx,cpu_usage,container_cpu_usage,0.012125208451527472
1776463153.63,payment,payment-f9f8d647b-75hmx,memory_usage,container_memory_working_set_bytes,109613056.0
1776463153.63,payment,payment-f9f8d647b-tv6l5,cpu_usage,container_cpu_usage,0.006996163803247941
1776463153.63,payment,payment-f9f8d647b-tv6l5,memory_usage,container_memory_working_set_bytes,101187584.0
1776463153.63,payment,payment::service,pod_restart_count,k8s_container_restarts,39.0
1776463153.63,payment,payment::service,pod_running_count,k8s_container_ready,3.0
1776463153.63,product-catalog,otel-demo.product-catalog-784544475c-7crs7.product-catalog,dependency_error_ratio,trace_client_error_ratio,0.0
1776463153.63,product-catalog,otel-demo.product-catalog-784544475c-7crs7.product-catalog,error_ratio,trace_server_error_ratio,0.0
1776463153.63,product-catalog,otel-demo.product-catalog-784544475c-7crs7.product-catalog,request_count,trace_server_count,0.0
1776463153.63,product-catalog,otel-demo.product-catalog-784544475c-8skc7.product-catalog,dependency_error_ratio,trace_client_error_ratio,0.0
1776463153.63,product-catalog,otel-demo.product-catalog-784544475c-8skc7.product-catalog,error_ratio,trace_server_error_ratio,0.0
1776463153.63,product-catalog,otel-demo.product-catalog-784544475c-8skc7.product-catalog,request_count,trace_server_count,0.0
1776463153.63,product-catalog,otel-demo.product-catalog-784544475c-stwzc.product-catalog,dependency_error_ratio,trace_client_error_ratio,0.0
1776463153.63,product-catalog,otel-demo.product-catalog-784544475c-stwzc.product-catalog,error_ratio,trace_server_error_ratio,0.0
1776463153.63,product-catalog,otel-demo.product-catalog-784544475c-stwzc.product-catalog,request_count,trace_server_count,0.0
1776463153.63,product-catalog,product-catalog-784544475c-7crs7,cpu_usage,container_cpu_usage,0.12245661243220693
1776463153.63,product-catalog,product-catalog-784544475c-7crs7,memory_usage,container_memory_working_set_bytes,16388096.0
1776463153.63,product-catalog,product-catalog-784544475c-8skc7,cpu_usage,container_cpu_usage,0.2610657120672428
1776463153.63,product-catalog,product-catalog-784544475c-8skc7,memory_usage,container_memory_working_set_bytes,17948672.0
1776463153.63,product-catalog,product-catalog-784544475c-stwzc,cpu_usage,container_cpu_usage,0.00047448004803755635
1776463153.63,product-catalog,product-catalog-784544475c-stwzc,memory_usage,container_memory_working_set_bytes,12689408.0
1776463153.63,product-catalog,product-catalog::service,pod_restart_count,k8s_container_restarts,37.0
1776463153.63,product-catalog,product-catalog::service,pod_running_count,k8s_container_ready,3.0
1776463153.63,recommendation,otel-demo.recommendation-5b46f7469c-g2rgb.recommendation,dependency_error_ratio,trace_client_error_ratio,0.0
1776463153.63,recommendation,otel-demo.recommendation-5b46f7469c-rjwxq.recommendation,dependency_error_ratio,trace_client_error_ratio,0.0
1776463153.63,recommendation,otel-demo.recommendation-5b46f7469c-rjwxq.recommendation,error_ratio,trace_server_error_ratio,0.0
1776463153.63,recommendation,otel-demo.recommendation-5b46f7469c-rjwxq.recommendation,request_count,trace_server_count,0.0
1776463153.63,recommendation,otel-demo.recommendation-5b46f7469c-t2fm9.recommendation,dependency_error_ratio,trace_client_error_ratio,0.0
1776463153.63,recommendation,otel-demo.recommendation-5b46f7469c-t2fm9.recommendation,error_ratio,trace_server_error_ratio,0.0
1776463153.63,recommendation,otel-demo.recommendation-5b46f7469c-t2fm9.recommendation,request_count,trace_server_count,0.0
1776463153.63,recommendation,recommendation-5b46f7469c-g2rgb,cpu_usage,container_cpu_usage,0.016468573454150346
1776463153.63,recommendation,recommendation-5b46f7469c-g2rgb,memory_usage,container_memory_working_set_bytes,46891008.0
1776463153.63,recommendation,recommendation-5b46f7469c-rjwxq,cpu_usage,container_cpu_usage,0.023932119659687036
1776463153.63,recommendation,recommendation-5b46f7469c-rjwxq,memory_usage,container_memory_working_set_bytes,47849472.0
1776463153.63,recommendation,recommendation-5b46f7469c-t2fm9,cpu_usage,container_cpu_usage,0.07528830291037727
1776463153.63,recommendation,recommendation-5b46f7469c-t2fm9,memory_usage,container_memory_working_set_bytes,52776960.0
1776463153.63,recommendation,recommendation::service,pod_restart_count,k8s_container_restarts,3.0
1776463153.63,recommendation,recommendation::service,pod_running_count,k8s_container_ready,3.0
1776463163.63,ad,3a8b9295-6ae2-4e8a-b9b0-a607d7fec0a4,dependency_error_ratio,trace_client_error_ratio,0.0
1776463163.63,ad,3a8b9295-6ae2-4e8a-b9b0-a607d7fec0a4,error_ratio,trace_server_error_ratio,0.0
1776463163.63,ad,3a8b9295-6ae2-4e8a-b9b0-a607d7fec0a4,request_count,trace_server_count,0.0
1776463163.63,ad,5680c7ee-584c-4353-b6d2-93bc605a0324,dependency_error_ratio,trace_client_error_ratio,0.0
1776463163.63,ad,5680c7ee-584c-4353-b6d2-93bc605a0324,error_ratio,trace_server_error_ratio,0.0
1776463163.63,ad,5680c7ee-584c-4353-b6d2-93bc605a0324,request_count,trace_server_count,0.0
1776463163.63,ad,9f9a3c1c-bd3f-40ea-8764-b59f1ebd2204,dependency_error_ratio,trace_client_error_ratio,0.0
1776463163.63,ad,ad-7fb5b4f859-52ks9,cpu_usage,container_cpu_usage,0.0027686822290744696
1776463163.63,ad,ad-7fb5b4f859-52ks9,memory_usage,container_memory_working_set_bytes,260411392.0
1776463163.63,ad,ad-7fb5b4f859-rd4zw,cpu_usage,container_cpu_usage,0.0012137188971020792
1776463163.63,ad,ad-7fb5b4f859-rd4zw,memory_usage,container_memory_working_set_bytes,238440448.0
1776463163.63,ad,ad-7fb5b4f859-zsstr,cpu_usage,container_cpu_usage,0.0038808906288273944
1776463163.63,ad,ad-7fb5b4f859-zsstr,memory_usage,container_memory_working_set_bytes,261890048.0
1776463163.63,ad,ad::service,pod_restart_count,k8s_container_restarts,3.0
1776463163.63,ad,ad::service,pod_running_count,k8s_container_ready,3.0
1776463163.63,cart,cart-7c7496d7f-th7mc,cpu_usage,container_cpu_usage,0.04644243683448902
1776463163.63,cart,cart-7c7496d7f-th7mc,memory_usage,container_memory_working_set_bytes,63127552.0
1776463163.63,cart,cart::service,pod_restart_count,k8s_container_restarts,1.0
1776463163.63,cart,cart::service,pod_running_count,k8s_container_ready,1.0
1776463163.63,cart,f1f3afac-3031-4c18-925a-048232421d89,dependency_error_ratio,trace_client_error_ratio,0.0
1776463163.63,cart,f1f3afac-3031-4c18-925a-048232421d89,error_ratio,trace_server_error_ratio,0.0
1776463163.63,cart,f1f3afac-3031-4c18-925a-048232421d89,request_count,trace_server_count,0.0
1776463163.63,checkout,4755bdbd-5ad9-49fa-acb7-3a7dcb6a9277,dependency_error_ratio,trace_client_error_ratio,0.0
1776463163.63,checkout,4755bdbd-5ad9-49fa-acb7-3a7dcb6a9277,error_ratio,trace_server_error_ratio,0.0
1776463163.63,checkout,4755bdbd-5ad9-49fa-acb7-3a7dcb6a9277,request_count,trace_server_count,0.0
1776463163.63,checkout,bb49e6b9-109a-41b8-be66-ab2a38272474,dependency_error_ratio,trace_client_error_ratio,0.0
1776463163.63,checkout,bb49e6b9-109a-41b8-be66-ab2a38272474,error_ratio,trace_server_error_ratio,0.0
1776463163.63,checkout,bb49e6b9-109a-41b8-be66-ab2a38272474,request_count,trace_server_count,0.0
1776463163.63,checkout,bc5804df-6f63-4261-8788-8ecfe5481366,dependency_error_ratio,trace_client_error_ratio,0.0
1776463163.63,checkout,bc5804df-6f63-4261-8788-8ecfe5481366,error_ratio,trace_server_error_ratio,0.0
1776463163.63,checkout,bc5804df-6f63-4261-8788-8ecfe5481366,request_count,trace_server_count,0.0
1776463163.63,checkout,checkout-7f4ccfc547-6crwh,cpu_usage,container_cpu_usage,0.108808572197552
1776463163.63,checkout,checkout-7f4ccfc547-6crwh,memory_usage,container_memory_working_set_bytes,17272832.0
1776463163.63,checkout,checkout-7f4ccfc547-ftx2n,cpu_usage,container_cpu_usage,0.00036814508888490693
1776463163.63,checkout,checkout-7f4ccfc547-ftx2n,memory_usage,container_memory_working_set_bytes,12251136.0
1776463163.63,checkout,checkout-7f4ccfc547-qlfgr,cpu_usage,container_cpu_usage,0.06993293218001741
1776463163.63,checkout,checkout-7f4ccfc547-qlfgr,memory_usage,container_memory_working_set_bytes,15474688.0
1776463163.63,checkout,checkout::service,pod_restart_count,k8s_container_restarts,45.0
1776463163.63,checkout,checkout::service,pod_running_count,k8s_container_ready,3.0
1776463163.63,email,email-5dcf48b665-66zvj,cpu_usage,container_cpu_usage,0.008743811363591128
1776463163.63,email,email-5dcf48b665-66zvj,memory_usage,container_memory_working_set_bytes,59559936.0
1776463163.63,email,email-5dcf48b665-9xxmx,cpu_usage,container_cpu_usage,0.004657841690737456
1776463163.63,email,email-5dcf48b665-9xxmx,memory_usage,container_memory_working_set_bytes,56438784.0
1776463163.63,email,email-5dcf48b665-n4zf2,cpu_usage,container_cpu_usage,0.004367162961452818
1776463163.63,email,email-5dcf48b665-n4zf2,memory_usage,container_memory_working_set_bytes,54562816.0
1776463163.63,email,email::service,pod_restart_count,k8s_container_restarts,9.0
1776463163.63,email,email::service,pod_running_count,k8s_container_ready,3.0
1776463163.63,email,otel-demo.email-5dcf48b665-66zvj.email,error_ratio,trace_server_error_ratio,0.0
1776463163.63,email,otel-demo.email-5dcf48b665-66zvj.email,request_count,trace_server_count,0.0
1776463163.63,email,otel-demo.email-5dcf48b665-9xxmx.email,error_ratio,trace_server_error_ratio,0.0
1776463163.63,email,otel-demo.email-5dcf48b665-9xxmx.email,request_count,trace_server_count,0.0
1776463163.63,email,otel-demo.email-5dcf48b665-n4zf2.email,error_ratio,trace_server_error_ratio,0.0
1776463163.63,email,otel-demo.email-5dcf48b665-n4zf2.email,request_count,trace_server_count,0.0
1776463163.63,frontend,frontend-b78bf7696-6bjdg,cpu_usage,container_cpu_usage,2.554797138332784
1776463163.63,frontend,frontend-b78bf7696-6bjdg,memory_usage,container_memory_working_set_bytes,122474496.0
1776463163.63,frontend,frontend-b78bf7696-77ldd,cpu_usage,container_cpu_usage,2.568241469289429
1776463163.63,frontend,frontend-b78bf7696-77ldd,memory_usage,container_memory_working_set_bytes,113123328.0
1776463163.63,frontend,frontend-b78bf7696-p9kqx,cpu_usage,container_cpu_usage,2.4884011206328593
1776463163.63,frontend,frontend-b78bf7696-p9kqx,memory_usage,container_memory_working_set_bytes,122470400.0
1776463163.63,frontend,frontend::service,pod_restart_count,k8s_container_restarts,3.0
1776463163.63,frontend,frontend::service,pod_running_count,k8s_container_ready,3.0
1776463163.63,frontend,otel-demo.frontend-b78bf7696-6bjdg.frontend,dependency_error_ratio,trace_client_error_ratio,0.0
1776463163.63,frontend,otel-demo.frontend-b78bf7696-6bjdg.frontend,error_ratio,trace_server_error_ratio,0.0
1776463163.63,frontend,otel-demo.frontend-b78bf7696-6bjdg.frontend,http_5xx_ratio,http_server_5xx_ratio,0.0
1776463163.63,frontend,otel-demo.frontend-b78bf7696-6bjdg.frontend,request_count,trace_server_count,0.0
1776463163.63,frontend,otel-demo.frontend-b78bf7696-77ldd.frontend,dependency_error_ratio,trace_client_error_ratio,0.0
1776463163.63,frontend,otel-demo.frontend-b78bf7696-77ldd.frontend,error_ratio,trace_server_error_ratio,0.0
1776463163.63,frontend,otel-demo.frontend-b78bf7696-77ldd.frontend,http_5xx_ratio,http_server_5xx_ratio,0.0
1776463163.63,frontend,otel-demo.frontend-b78bf7696-77ldd.frontend,request_count,trace_server_count,0.0
1776463163.63,frontend,otel-demo.frontend-b78bf7696-p9kqx.frontend,dependency_error_ratio,trace_client_error_ratio,0.0
1776463163.63,frontend,otel-demo.frontend-b78bf7696-p9kqx.frontend,error_ratio,trace_server_error_ratio,0.0
1776463163.63,frontend,otel-demo.frontend-b78bf7696-p9kqx.frontend,http_5xx_ratio,http_server_5xx_ratio,0.0
1776463163.63,frontend,otel-demo.frontend-b78bf7696-p9kqx.frontend,request_count,trace_server_count,0.0
1776463163.63,kafka,kafka-66df8bdf76-zjcbb,cpu_usage,container_cpu_usage,0.013926823092505727
1776463163.63,kafka,kafka-66df8bdf76-zjcbb,memory_usage,container_memory_working_set_bytes,667049984.0
1776463163.63,kafka,kafka::service,pod_restart_count,k8s_container_restarts,9.0
1776463163.63,kafka,kafka::service,pod_running_count,k8s_container_ready,1.0
1776463163.63,kafka,kafka::service,queue_lag,queue_size_ratio,0.0
1776463163.63,payment,otel-demo.payment-f9f8d647b-74h8z.payment,dependency_error_ratio,trace_client_error_ratio,0.0
1776463163.63,payment,otel-demo.payment-f9f8d647b-74h8z.payment,error_ratio,trace_server_error_ratio,0.0
1776463163.63,payment,otel-demo.payment-f9f8d647b-74h8z.payment,request_count,trace_server_count,0.0
1776463163.63,payment,otel-demo.payment-f9f8d647b-75hmx.payment,dependency_error_ratio,trace_client_error_ratio,0.0
1776463163.63,payment,otel-demo.payment-f9f8d647b-75hmx.payment,error_ratio,trace_server_error_ratio,0.0
1776463163.63,payment,otel-demo.payment-f9f8d647b-75hmx.payment,request_count,trace_server_count,0.0
1776463163.63,payment,otel-demo.payment-f9f8d647b-tv6l5.payment,dependency_error_ratio,trace_client_error_ratio,0.0
1776463163.63,payment,otel-demo.payment-f9f8d647b-tv6l5.payment,error_ratio,trace_server_error_ratio,0.0
1776463163.63,payment,otel-demo.payment-f9f8d647b-tv6l5.payment,request_count,trace_server_count,0.0
1776463163.63,payment,payment-f9f8d647b-74h8z,cpu_usage,container_cpu_usage,0.010312990023178778
1776463163.63,payment,payment-f9f8d647b-74h8z,memory_usage,container_memory_working_set_bytes,109641728.0
1776463163.63,payment,payment-f9f8d647b-75hmx,cpu_usage,container_cpu_usage,0.012161342426417322
1776463163.63,payment,payment-f9f8d647b-75hmx,memory_usage,container_memory_working_set_bytes,109613056.0
1776463163.63,payment,payment-f9f8d647b-tv6l5,cpu_usage,container_cpu_usage,0.007340067733270691
1776463163.63,payment,payment-f9f8d647b-tv6l5,memory_usage,container_memory_working_set_bytes,101187584.0
1776463163.63,payment,payment::service,pod_restart_count,k8s_container_restarts,39.0
1776463163.63,payment,payment::service,pod_running_count,k8s_container_ready,3.0
1776463163.63,product-catalog,otel-demo.product-catalog-784544475c-7crs7.product-catalog,dependency_error_ratio,trace_client_error_ratio,0.0
1776463163.63,product-catalog,otel-demo.product-catalog-784544475c-7crs7.product-catalog,error_ratio,trace_server_error_ratio,0.0
1776463163.63,product-catalog,otel-demo.product-catalog-784544475c-7crs7.product-catalog,request_count,trace_server_count,0.0
1776463163.63,product-catalog,otel-demo.product-catalog-784544475c-8skc7.product-catalog,dependency_error_ratio,trace_client_error_ratio,0.0
1776463163.63,product-catalog,otel-demo.product-catalog-784544475c-8skc7.product-catalog,error_ratio,trace_server_error_ratio,0.0
1776463163.63,product-catalog,otel-demo.product-catalog-784544475c-8skc7.product-catalog,request_count,trace_server_count,0.0
1776463163.63,product-catalog,otel-demo.product-catalog-784544475c-stwzc.product-catalog,dependency_error_ratio,trace_client_error_ratio,0.0
1776463163.63,product-catalog,otel-demo.product-catalog-784544475c-stwzc.product-catalog,error_ratio,trace_server_error_ratio,0.0
1776463163.63,product-catalog,otel-demo.product-catalog-784544475c-stwzc.product-catalog,request_count,trace_server_count,0.0
1776463163.63,product-catalog,product-catalog-784544475c-7crs7,cpu_usage,container_cpu_usage,0.11797849889624722
1776463163.63,product-catalog,product-catalog-784544475c-7crs7,memory_usage,container_memory_working_set_bytes,17100800.0
1776463163.63,product-catalog,product-catalog-784544475c-8skc7,cpu_usage,container_cpu_usage,0.3321710849364521
1776463163.63,product-catalog,product-catalog-784544475c-8skc7,memory_usage,container_memory_working_set_bytes,17948672.0
1776463163.63,product-catalog,product-catalog-784544475c-stwzc,cpu_usage,container_cpu_usage,0.0003885901273400632
1776463163.63,product-catalog,product-catalog-784544475c-stwzc,memory_usage,container_memory_working_set_bytes,12689408.0
1776463163.63,product-catalog,product-catalog::service,pod_restart_count,k8s_container_restarts,37.0
1776463163.63,product-catalog,product-catalog::service,pod_running_count,k8s_container_ready,3.0
1776463163.63,recommendation,otel-demo.recommendation-5b46f7469c-g2rgb.recommendation,dependency_error_ratio,trace_client_error_ratio,0.0
1776463163.63,recommendation,otel-demo.recommendation-5b46f7469c-rjwxq.recommendation,dependency_error_ratio,trace_client_error_ratio,0.0
1776463163.63,recommendation,otel-demo.recommendation-5b46f7469c-rjwxq.recommendation,error_ratio,trace_server_error_ratio,0.0
1776463163.63,recommendation,otel-demo.recommendation-5b46f7469c-rjwxq.recommendation,request_count,trace_server_count,0.0
1776463163.63,recommendation,otel-demo.recommendation-5b46f7469c-t2fm9.recommendation,dependency_error_ratio,trace_client_error_ratio,0.0
1776463163.63,recommendation,otel-demo.recommendation-5b46f7469c-t2fm9.recommendation,error_ratio,trace_server_error_ratio,0.0
1776463163.63,recommendation,otel-demo.recommendation-5b46f7469c-t2fm9.recommendation,request_count,trace_server_count,0.0
1776463163.63,recommendation,recommendation-5b46f7469c-g2rgb,cpu_usage,container_cpu_usage,0.016468573454150346
1776463163.63,recommendation,recommendation-5b46f7469c-g2rgb,memory_usage,container_memory_working_set_bytes,46891008.0
1776463163.63,recommendation,recommendation-5b46f7469c-rjwxq,cpu_usage,container_cpu_usage,0.031106388681486814
1776463163.63,recommendation,recommendation-5b46f7469c-rjwxq,memory_usage,container_memory_working_set_bytes,47960064.0
1776463163.63,recommendation,recommendation-5b46f7469c-t2fm9,cpu_usage,container_cpu_usage,0.07528830291037727
1776463163.63,recommendation,recommendation-5b46f7469c-t2fm9,memory_usage,container_memory_working_set_bytes,52776960.0
1776463163.63,recommendation,recommendation::service,pod_restart_count,k8s_container_restarts,3.0
1776463163.63,recommendation,recommendation::service,pod_running_count,k8s_container_ready,3.0
1776463173.63,ad,3a8b9295-6ae2-4e8a-b9b0-a607d7fec0a4,dependency_error_ratio,trace_client_error_ratio,0.0
1776463173.63,ad,3a8b9295-6ae2-4e8a-b9b0-a607d7fec0a4,error_ratio,trace_server_error_ratio,0.0
1776463173.63,ad,3a8b9295-6ae2-4e8a-b9b0-a607d7fec0a4,request_count,trace_server_count,0.0
1776463173.63,ad,5680c7ee-584c-4353-b6d2-93bc605a0324,dependency_error_ratio,trace_client_error_ratio,0.0
1776463173.63,ad,5680c7ee-584c-4353-b6d2-93bc605a0324,error_ratio,trace_server_error_ratio,0.0
1776463173.63,ad,5680c7ee-584c-4353-b6d2-93bc605a0324,request_count,trace_server_count,0.0
1776463173.63,ad,9f9a3c1c-bd3f-40ea-8764-b59f1ebd2204,dependency_error_ratio,trace_client_error_ratio,0.0
1776463173.63,ad,ad-7fb5b4f859-52ks9,cpu_usage,container_cpu_usage,0.0027686822290744696
1776463173.63,ad,ad-7fb5b4f859-52ks9,memory_usage,container_memory_working_set_bytes,260411392.0
1776463173.63,ad,ad-7fb5b4f859-rd4zw,cpu_usage,container_cpu_usage,0.0020800413345157436
1776463173.63,ad,ad-7fb5b4f859-rd4zw,memory_usage,container_memory_working_set_bytes,238444544.0
1776463173.63,ad,ad-7fb5b4f859-zsstr,cpu_usage,container_cpu_usage,0.00404687633462422
1776463173.63,ad,ad-7fb5b4f859-zsstr,memory_usage,container_memory_working_set_bytes,261894144.0
1776463173.63,ad,ad::service,pod_restart_count,k8s_container_restarts,3.0
1776463173.63,ad,ad::service,pod_running_count,k8s_container_ready,3.0
1776463173.63,cart,cart-7c7496d7f-th7mc,cpu_usage,container_cpu_usage,0.043429322964313205
1776463173.63,cart,cart-7c7496d7f-th7mc,memory_usage,container_memory_working_set_bytes,63127552.0
1776463173.63,cart,cart::service,pod_restart_count,k8s_container_restarts,1.0
1776463173.63,cart,cart::service,pod_running_count,k8s_container_ready,1.0
1776463173.63,cart,f1f3afac-3031-4c18-925a-048232421d89,dependency_error_ratio,trace_client_error_ratio,0.0
1776463173.63,cart,f1f3afac-3031-4c18-925a-048232421d89,error_ratio,trace_server_error_ratio,0.0
1776463173.63,cart,f1f3afac-3031-4c18-925a-048232421d89,request_count,trace_server_count,0.0
1776463173.63,checkout,4755bdbd-5ad9-49fa-acb7-3a7dcb6a9277,dependency_error_ratio,trace_client_error_ratio,0.0
1776463173.63,checkout,4755bdbd-5ad9-49fa-acb7-3a7dcb6a9277,error_ratio,trace_server_error_ratio,0.0
1776463173.63,checkout,4755bdbd-5ad9-49fa-acb7-3a7dcb6a9277,request_count,trace_server_count,0.0
1776463173.63,checkout,bb49e6b9-109a-41b8-be66-ab2a38272474,dependency_error_ratio,trace_client_error_ratio,0.0
1776463173.63,checkout,bb49e6b9-109a-41b8-be66-ab2a38272474,error_ratio,trace_server_error_ratio,0.0
1776463173.63,checkout,bb49e6b9-109a-41b8-be66-ab2a38272474,request_count,trace_server_count,0.0
1776463173.63,checkout,bc5804df-6f63-4261-8788-8ecfe5481366,dependency_error_ratio,trace_client_error_ratio,0.0
1776463173.63,checkout,bc5804df-6f63-4261-8788-8ecfe5481366,error_ratio,trace_server_error_ratio,0.0
1776463173.63,checkout,bc5804df-6f63-4261-8788-8ecfe5481366,request_count,trace_server_count,0.0
1776463173.63,checkout,checkout-7f4ccfc547-6crwh,cpu_usage,container_cpu_usage,0.108808572197552
1776463173.63,checkout,checkout-7f4ccfc547-6crwh,memory_usage,container_memory_working_set_bytes,17272832.0
1776463173.63,checkout,checkout-7f4ccfc547-ftx2n,cpu_usage,container_cpu_usage,0.0003687033282865908
1776463173.63,checkout,checkout-7f4ccfc547-ftx2n,memory_usage,container_memory_working_set_bytes,12251136.0
1776463173.63,checkout,checkout-7f4ccfc547-qlfgr,cpu_usage,container_cpu_usage,0.07202216763893264
1776463173.63,checkout,checkout-7f4ccfc547-qlfgr,memory_usage,container_memory_working_set_bytes,15474688.0
1776463173.63,checkout,checkout::service,pod_restart_count,k8s_container_restarts,45.0
1776463173.63,checkout,checkout::service,pod_running_count,k8s_container_ready,3.0
1776463173.63,email,email-5dcf48b665-66zvj,cpu_usage,container_cpu_usage,0.00611744680850963
1776463173.63,email,email-5dcf48b665-66zvj,memory_usage,container_memory_working_set_bytes,59559936.0
1776463173.63,email,email-5dcf48b665-9xxmx,cpu_usage,container_cpu_usage,0.0049160590835253945
1776463173.63,email,email-5dcf48b665-9xxmx,memory_usage,container_memory_working_set_bytes,56635392.0
1776463173.63,email,email-5dcf48b665-n4zf2,cpu_usage,container_cpu_usage,0.005478064173845411
1776463173.63,email,email-5dcf48b665-n4zf2,memory_usage,container_memory_working_set_bytes,54562816.0
1776463173.63,email,email::service,pod_restart_count,k8s_container_restarts,9.0
1776463173.63,email,email::service,pod_running_count,k8s_container_ready,3.0
1776463173.63,email,otel-demo.email-5dcf48b665-66zvj.email,error_ratio,trace_server_error_ratio,0.0
1776463173.63,email,otel-demo.email-5dcf48b665-66zvj.email,request_count,trace_server_count,0.0
1776463173.63,email,otel-demo.email-5dcf48b665-9xxmx.email,error_ratio,trace_server_error_ratio,0.0
1776463173.63,email,otel-demo.email-5dcf48b665-9xxmx.email,request_count,trace_server_count,0.0
1776463173.63,email,otel-demo.email-5dcf48b665-n4zf2.email,error_ratio,trace_server_error_ratio,0.0
1776463173.63,email,otel-demo.email-5dcf48b665-n4zf2.email,request_count,trace_server_count,0.0
1776463173.63,frontend,frontend-b78bf7696-6bjdg,cpu_usage,container_cpu_usage,2.554797138332784
1776463173.63,frontend,frontend-b78bf7696-6bjdg,memory_usage,container_memory_working_set_bytes,122474496.0
1776463173.63,frontend,frontend-b78bf7696-77ldd,cpu_usage,container_cpu_usage,2.443506589663845
1776463173.63,frontend,frontend-b78bf7696-77ldd,memory_usage,container_memory_working_set_bytes,112025600.0
1776463173.63,frontend,frontend-b78bf7696-p9kqx,cpu_usage,container_cpu_usage,2.4884011206328593
1776463173.63,frontend,frontend-b78bf7696-p9kqx,memory_usage,container_memory_working_set_bytes,122470400.0
1776463173.63,frontend,frontend::service,pod_restart_count,k8s_container_restarts,3.0
1776463173.63,frontend,frontend::service,pod_running_count,k8s_container_ready,3.0
1776463173.63,frontend,otel-demo.frontend-b78bf7696-6bjdg.frontend,dependency_error_ratio,trace_client_error_ratio,0.0
1776463173.63,frontend,otel-demo.frontend-b78bf7696-6bjdg.frontend,error_ratio,trace_server_error_ratio,0.0
1776463173.63,frontend,otel-demo.frontend-b78bf7696-6bjdg.frontend,http_5xx_ratio,http_server_5xx_ratio,0.0
1776463173.63,frontend,otel-demo.frontend-b78bf7696-6bjdg.frontend,request_count,trace_server_count,0.0
1776463173.63,frontend,otel-demo.frontend-b78bf7696-77ldd.frontend,dependency_error_ratio,trace_client_error_ratio,0.0
1776463173.63,frontend,otel-demo.frontend-b78bf7696-77ldd.frontend,error_ratio,trace_server_error_ratio,0.0
1776463173.63,frontend,otel-demo.frontend-b78bf7696-77ldd.frontend,http_5xx_ratio,http_server_5xx_ratio,0.0
1776463173.63,frontend,otel-demo.frontend-b78bf7696-77ldd.frontend,request_count,trace_server_count,0.0
1776463173.63,frontend,otel-demo.frontend-b78bf7696-p9kqx.frontend,dependency_error_ratio,trace_client_error_ratio,0.0
1776463173.63,frontend,otel-demo.frontend-b78bf7696-p9kqx.frontend,error_ratio,trace_server_error_ratio,0.0
1776463173.63,frontend,otel-demo.frontend-b78bf7696-p9kqx.frontend,http_5xx_ratio,http_server_5xx_ratio,0.0
1776463173.63,frontend,otel-demo.frontend-b78bf7696-p9kqx.frontend,request_count,trace_server_count,0.0
1776463173.63,kafka,kafka-66df8bdf76-zjcbb,cpu_usage,container_cpu_usage,0.014227747060197861
1776463173.63,kafka,kafka-66df8bdf76-zjcbb,memory_usage,container_memory_working_set_bytes,667062272.0
1776463173.63,kafka,kafka::service,pod_restart_count,k8s_container_restarts,9.0
1776463173.63,kafka,kafka::service,pod_running_count,k8s_container_ready,1.0
1776463173.63,kafka,kafka::service,queue_lag,queue_size_ratio,0.0
1776463173.63,payment,otel-demo.payment-f9f8d647b-74h8z.payment,dependency_error_ratio,trace_client_error_ratio,0.0
1776463173.63,payment,otel-demo.payment-f9f8d647b-74h8z.payment,error_ratio,trace_server_error_ratio,0.0
1776463173.63,payment,otel-demo.payment-f9f8d647b-74h8z.payment,request_count,trace_server_count,0.0
1776463173.63,payment,otel-demo.payment-f9f8d647b-75hmx.payment,dependency_error_ratio,trace_client_error_ratio,0.0
1776463173.63,payment,otel-demo.payment-f9f8d647b-75hmx.payment,error_ratio,trace_server_error_ratio,0.0
1776463173.63,payment,otel-demo.payment-f9f8d647b-75hmx.payment,request_count,trace_server_count,0.0
1776463173.63,payment,otel-demo.payment-f9f8d647b-tv6l5.payment,dependency_error_ratio,trace_client_error_ratio,0.0
1776463173.63,payment,otel-demo.payment-f9f8d647b-tv6l5.payment,error_ratio,trace_server_error_ratio,0.0
1776463173.63,payment,otel-demo.payment-f9f8d647b-tv6l5.payment,request_count,trace_server_count,0.0
1776463173.63,payment,payment-f9f8d647b-74h8z,cpu_usage,container_cpu_usage,0.008566999439149599
1776463173.63,payment,payment-f9f8d647b-74h8z,memory_usage,container_memory_working_set_bytes,109641728.0
1776463173.63,payment,payment-f9f8d647b-75hmx,cpu_usage,container_cpu_usage,0.012119757992763325
1776463173.63,payment,payment-f9f8d647b-75hmx,memory_usage,container_memory_working_set_bytes,109613056.0
1776463173.63,payment,payment-f9f8d647b-tv6l5,cpu_usage,container_cpu_usage,0.007469036608863143
1776463173.63,payment,payment-f9f8d647b-tv6l5,memory_usage,container_memory_working_set_bytes,101187584.0
1776463173.63,payment,payment::service,pod_restart_count,k8s_container_restarts,39.0
1776463173.63,payment,payment::service,pod_running_count,k8s_container_ready,3.0
1776463173.63,product-catalog,otel-demo.product-catalog-784544475c-7crs7.product-catalog,dependency_error_ratio,trace_client_error_ratio,0.0
1776463173.63,product-catalog,otel-demo.product-catalog-784544475c-7crs7.product-catalog,error_ratio,trace_server_error_ratio,0.0
1776463173.63,product-catalog,otel-demo.product-catalog-784544475c-7crs7.product-catalog,request_count,trace_server_count,0.0
1776463173.63,product-catalog,otel-demo.product-catalog-784544475c-8skc7.product-catalog,dependency_error_ratio,trace_client_error_ratio,0.0
1776463173.63,product-catalog,otel-demo.product-catalog-784544475c-8skc7.product-catalog,error_ratio,trace_server_error_ratio,0.0
1776463173.63,product-catalog,otel-demo.product-catalog-784544475c-8skc7.product-catalog,request_count,trace_server_count,0.0
1776463173.63,product-catalog,otel-demo.product-catalog-784544475c-stwzc.product-catalog,dependency_error_ratio,trace_client_error_ratio,0.0
1776463173.63,product-catalog,otel-demo.product-catalog-784544475c-stwzc.product-catalog,error_ratio,trace_server_error_ratio,0.0
1776463173.63,product-catalog,otel-demo.product-catalog-784544475c-stwzc.product-catalog,request_count,trace_server_count,0.0
1776463173.63,product-catalog,product-catalog-784544475c-7crs7,cpu_usage,container_cpu_usage,0.11797849889624722
1776463173.63,product-catalog,product-catalog-784544475c-7crs7,memory_usage,container_memory_working_set_bytes,17100800.0
1776463173.63,product-catalog,product-catalog-784544475c-8skc7,cpu_usage,container_cpu_usage,0.34163191025121126
1776463173.63,product-catalog,product-catalog-784544475c-8skc7,memory_usage,container_memory_working_set_bytes,19791872.0
1776463173.63,product-catalog,product-catalog-784544475c-stwzc,cpu_usage,container_cpu_usage,0.0006144741369423107
1776463173.63,product-catalog,product-catalog-784544475c-stwzc,memory_usage,container_memory_working_set_bytes,13254656.0
1776463173.63,product-catalog,product-catalog::service,pod_restart_count,k8s_container_restarts,37.0
1776463173.63,product-catalog,product-catalog::service,pod_running_count,k8s_container_ready,3.0
1776463173.63,recommendation,otel-demo.recommendation-5b46f7469c-g2rgb.recommendation,dependency_error_ratio,trace_client_error_ratio,0.0
1776463173.63,recommendation,otel-demo.recommendation-5b46f7469c-rjwxq.recommendation,dependency_error_ratio,trace_client_error_ratio,0.0
1776463173.63,recommendation,otel-demo.recommendation-5b46f7469c-rjwxq.recommendation,error_ratio,trace_server_error_ratio,0.0
1776463173.63,recommendation,otel-demo.recommendation-5b46f7469c-rjwxq.recommendation,request_count,trace_server_count,0.0
1776463173.63,recommendation,otel-demo.recommendation-5b46f7469c-t2fm9.recommendation,dependency_error_ratio,trace_client_error_ratio,0.0
1776463173.63,recommendation,otel-demo.recommendation-5b46f7469c-t2fm9.recommendation,error_ratio,trace_server_error_ratio,0.0
1776463173.63,recommendation,otel-demo.recommendation-5b46f7469c-t2fm9.recommendation,request_count,trace_server_count,0.0
1776463173.63,recommendation,recommendation-5b46f7469c-g2rgb,cpu_usage,container_cpu_usage,0.014131762370753373
1776463173.63,recommendation,recommendation-5b46f7469c-g2rgb,memory_usage,container_memory_working_set_bytes,46891008.0
1776463173.63,recommendation,recommendation-5b46f7469c-rjwxq,cpu_usage,container_cpu_usage,0.031223187561256114
1776463173.63,recommendation,recommendation-5b46f7469c-rjwxq,memory_usage,container_memory_working_set_bytes,47960064.0
1776463173.63,recommendation,recommendation-5b46f7469c-t2fm9,cpu_usage,container_cpu_usage,0.07208448354871337
1776463173.63,recommendation,recommendation-5b46f7469c-t2fm9,memory_usage,container_memory_working_set_bytes,53039104.0
1776463173.63,recommendation,recommendation::service,pod_restart_count,k8s_container_restarts,3.0
1776463173.63,recommendation,recommendation::service,pod_running_count,k8s_container_ready,3.0
1776463183.63,ad,3a8b9295-6ae2-4e8a-b9b0-a607d7fec0a4,dependency_error_ratio,trace_client_error_ratio,0.0
1776463183.63,ad,3a8b9295-6ae2-4e8a-b9b0-a607d7fec0a4,error_ratio,trace_server_error_ratio,0.0
1776463183.63,ad,3a8b9295-6ae2-4e8a-b9b0-a607d7fec0a4,request_count,trace_server_count,0.0
1776463183.63,ad,5680c7ee-584c-4353-b6d2-93bc605a0324,dependency_error_ratio,trace_client_error_ratio,0.0
1776463183.63,ad,5680c7ee-584c-4353-b6d2-93bc605a0324,error_ratio,trace_server_error_ratio,0.0
1776463183.63,ad,5680c7ee-584c-4353-b6d2-93bc605a0324,request_count,trace_server_count,0.0
1776463183.63,ad,9f9a3c1c-bd3f-40ea-8764-b59f1ebd2204,dependency_error_ratio,trace_client_error_ratio,0.0
1776463183.63,ad,ad-7fb5b4f859-52ks9,cpu_usage,container_cpu_usage,0.002323649999993904
1776463183.63,ad,ad-7fb5b4f859-52ks9,memory_usage,container_memory_working_set_bytes,260411392.0
1776463183.63,ad,ad-7fb5b4f859-rd4zw,cpu_usage,container_cpu_usage,0.0017200728479000065
1776463183.63,ad,ad-7fb5b4f859-rd4zw,memory_usage,container_memory_working_set_bytes,238444544.0
1776463183.63,ad,ad-7fb5b4f859-zsstr,cpu_usage,container_cpu_usage,0.004140266827075909
1776463183.63,ad,ad-7fb5b4f859-zsstr,memory_usage,container_memory_working_set_bytes,261894144.0
1776463183.63,ad,ad::service,pod_restart_count,k8s_container_restarts,3.0
1776463183.63,ad,ad::service,pod_running_count,k8s_container_ready,3.0
1776463183.63,cart,cart-7c7496d7f-th7mc,cpu_usage,container_cpu_usage,0.034089268680447454
1776463183.63,cart,cart-7c7496d7f-th7mc,memory_usage,container_memory_working_set_bytes,63078400.0
1776463183.63,cart,cart::service,pod_restart_count,k8s_container_restarts,1.0
1776463183.63,cart,cart::service,pod_running_count,k8s_container_ready,1.0
1776463183.63,cart,f1f3afac-3031-4c18-925a-048232421d89,dependency_error_ratio,trace_client_error_ratio,0.0
1776463183.63,cart,f1f3afac-3031-4c18-925a-048232421d89,error_ratio,trace_server_error_ratio,0.0
1776463183.63,cart,f1f3afac-3031-4c18-925a-048232421d89,request_count,trace_server_count,0.0
1776463183.63,checkout,4755bdbd-5ad9-49fa-acb7-3a7dcb6a9277,dependency_error_ratio,trace_client_error_ratio,0.0
1776463183.63,checkout,4755bdbd-5ad9-49fa-acb7-3a7dcb6a9277,error_ratio,trace_server_error_ratio,0.0
1776463183.63,checkout,4755bdbd-5ad9-49fa-acb7-3a7dcb6a9277,request_count,trace_server_count,0.0
1776463183.63,checkout,bb49e6b9-109a-41b8-be66-ab2a38272474,dependency_error_ratio,trace_client_error_ratio,0.0
1776463183.63,checkout,bb49e6b9-109a-41b8-be66-ab2a38272474,error_ratio,trace_server_error_ratio,0.0
1776463183.63,checkout,bb49e6b9-109a-41b8-be66-ab2a38272474,request_count,trace_server_count,0.0
1776463183.63,checkout,bc5804df-6f63-4261-8788-8ecfe5481366,dependency_error_ratio,trace_client_error_ratio,0.0
1776463183.63,checkout,bc5804df-6f63-4261-8788-8ecfe5481366,error_ratio,trace_server_error_ratio,0.0
1776463183.63,checkout,bc5804df-6f63-4261-8788-8ecfe5481366,request_count,trace_server_count,0.0
1776463183.63,checkout,checkout-7f4ccfc547-6crwh,cpu_usage,container_cpu_usage,0.08153698088332412
1776463183.63,checkout,checkout-7f4ccfc547-6crwh,memory_usage,container_memory_working_set_bytes,16498688.0
1776463183.63,checkout,checkout-7f4ccfc547-ftx2n,cpu_usage,container_cpu_usage,0.00038514410825166915
1776463183.63,checkout,checkout-7f4ccfc547-ftx2n,memory_usage,container_memory_working_set_bytes,11878400.0
1776463183.63,checkout,checkout-7f4ccfc547-qlfgr,cpu_usage,container_cpu_usage,0.061059366191167516
1776463183.63,checkout,checkout-7f4ccfc547-qlfgr,memory_usage,container_memory_working_set_bytes,15237120.0
1776463183.63,checkout,checkout::service,pod_restart_count,k8s_container_restarts,45.0
1776463183.63,checkout,checkout::service,pod_running_count,k8s_container_ready,3.0
1776463183.63,email,email-5dcf48b665-66zvj,cpu_usage,container_cpu_usage,0.001543256861064132
1776463183.63,email,email-5dcf48b665-66zvj,memory_usage,container_memory_working_set_bytes,59559936.0
1776463183.63,email,email-5dcf48b665-9xxmx,cpu_usage,container_cpu_usage,0.004122360206450567
1776463183.63,email,email-5dcf48b665-9xxmx,memory_usage,container_memory_working_set_bytes,56590336.0
1776463183.63,email,email-5dcf48b665-n4zf2,cpu_usage,container_cpu_usage,0.004925766551531191
1776463183.63,email,email-5dcf48b665-n4zf2,memory_usage,container_memory_working_set_bytes,54587392.0
1776463183.63,email,email::service,pod_restart_count,k8s_container_restarts,9.0
1776463183.63,email,email::service,pod_running_count,k8s_container_ready,3.0
1776463183.63,email,otel-demo.email-5dcf48b665-66zvj.email,error_ratio,trace_server_error_ratio,0.0
1776463183.63,email,otel-demo.email-5dcf48b665-66zvj.email,request_count,trace_server_count,0.0
1776463183.63,email,otel-demo.email-5dcf48b665-9xxmx.email,error_ratio,trace_server_error_ratio,0.0
1776463183.63,email,otel-demo.email-5dcf48b665-9xxmx.email,request_count,trace_server_count,0.0
1776463183.63,email,otel-demo.email-5dcf48b665-n4zf2.email,error_ratio,trace_server_error_ratio,0.0
1776463183.63,email,otel-demo.email-5dcf48b665-n4zf2.email,request_count,trace_server_count,0.0
1776463183.63,frontend,frontend-b78bf7696-6bjdg,cpu_usage,container_cpu_usage,2.2588298489036696
1776463183.63,frontend,frontend-b78bf7696-6bjdg,memory_usage,container_memory_working_set_bytes,123133952.0
1776463183.63,frontend,frontend-b78bf7696-77ldd,cpu_usage,container_cpu_usage,2.16491131436451
1776463183.63,frontend,frontend-b78bf7696-77ldd,memory_usage,container_memory_working_set_bytes,112824320.0
1776463183.63,frontend,frontend-b78bf7696-p9kqx,cpu_usage,container_cpu_usage,2.3875656193196635
1776463183.63,frontend,frontend-b78bf7696-p9kqx,memory_usage,container_memory_working_set_bytes,122470400.0
1776463183.63,frontend,frontend::service,pod_restart_count,k8s_container_restarts,3.0
1776463183.63,frontend,frontend::service,pod_running_count,k8s_container_ready,3.0
1776463183.63,frontend,otel-demo.frontend-b78bf7696-6bjdg.frontend,dependency_error_ratio,trace_client_error_ratio,0.0
1776463183.63,frontend,otel-demo.frontend-b78bf7696-6bjdg.frontend,error_ratio,trace_server_error_ratio,0.0
1776463183.63,frontend,otel-demo.frontend-b78bf7696-6bjdg.frontend,http_5xx_ratio,http_server_5xx_ratio,0.0
1776463183.63,frontend,otel-demo.frontend-b78bf7696-6bjdg.frontend,request_count,trace_server_count,0.0
1776463183.63,frontend,otel-demo.frontend-b78bf7696-77ldd.frontend,dependency_error_ratio,trace_client_error_ratio,0.0
1776463183.63,frontend,otel-demo.frontend-b78bf7696-77ldd.frontend,error_ratio,trace_server_error_ratio,0.0
1776463183.63,frontend,otel-demo.frontend-b78bf7696-77ldd.frontend,http_5xx_ratio,http_server_5xx_ratio,0.0
1776463183.63,frontend,otel-demo.frontend-b78bf7696-77ldd.frontend,request_count,trace_server_count,0.0
1776463183.63,frontend,otel-demo.frontend-b78bf7696-p9kqx.frontend,dependency_error_ratio,trace_client_error_ratio,0.0
1776463183.63,frontend,otel-demo.frontend-b78bf7696-p9kqx.frontend,error_ratio,trace_server_error_ratio,0.0
1776463183.63,frontend,otel-demo.frontend-b78bf7696-p9kqx.frontend,http_5xx_ratio,http_server_5xx_ratio,0.0
1776463183.63,frontend,otel-demo.frontend-b78bf7696-p9kqx.frontend,request_count,trace_server_count,0.0
1776463183.63,kafka,kafka-66df8bdf76-zjcbb,cpu_usage,container_cpu_usage,0.013100578671810258
1776463183.63,kafka,kafka-66df8bdf76-zjcbb,memory_usage,container_memory_working_set_bytes,667082752.0
1776463183.63,kafka,kafka::service,pod_restart_count,k8s_container_restarts,9.0
1776463183.63,kafka,kafka::service,pod_running_count,k8s_container_ready,1.0
1776463183.63,kafka,kafka::service,queue_lag,queue_size_ratio,0.0
1776463183.63,payment,otel-demo.payment-f9f8d647b-74h8z.payment,dependency_error_ratio,trace_client_error_ratio,0.0
1776463183.63,payment,otel-demo.payment-f9f8d647b-74h8z.payment,error_ratio,trace_server_error_ratio,0.0
1776463183.63,payment,otel-demo.payment-f9f8d647b-74h8z.payment,request_count,trace_server_count,0.0
1776463183.63,payment,otel-demo.payment-f9f8d647b-75hmx.payment,dependency_error_ratio,trace_client_error_ratio,0.0
1776463183.63,payment,otel-demo.payment-f9f8d647b-75hmx.payment,error_ratio,trace_server_error_ratio,0.0
1776463183.63,payment,otel-demo.payment-f9f8d647b-75hmx.payment,request_count,trace_server_count,0.0
1776463183.63,payment,otel-demo.payment-f9f8d647b-tv6l5.payment,dependency_error_ratio,trace_client_error_ratio,0.0
1776463183.63,payment,otel-demo.payment-f9f8d647b-tv6l5.payment,error_ratio,trace_server_error_ratio,0.0
1776463183.63,payment,otel-demo.payment-f9f8d647b-tv6l5.payment,request_count,trace_server_count,0.0
1776463183.63,payment,payment-f9f8d647b-74h8z,cpu_usage,container_cpu_usage,0.009739501732241553
1776463183.63,payment,payment-f9f8d647b-74h8z,memory_usage,container_memory_working_set_bytes,109637632.0
1776463183.63,payment,payment-f9f8d647b-75hmx,cpu_usage,container_cpu_usage,0.009178294062973005
1776463183.63,payment,payment-f9f8d647b-75hmx,memory_usage,container_memory_working_set_bytes,109613056.0
1776463183.63,payment,payment-f9f8d647b-tv6l5,cpu_usage,container_cpu_usage,0.007101710844539
1776463183.63,payment,payment-f9f8d647b-tv6l5,memory_usage,container_memory_working_set_bytes,101187584.0
1776463183.63,payment,payment::service,pod_restart_count,k8s_container_restarts,39.0
1776463183.63,payment,payment::service,pod_running_count,k8s_container_ready,3.0
1776463183.63,product-catalog,otel-demo.product-catalog-784544475c-7crs7.product-catalog,dependency_error_ratio,trace_client_error_ratio,0.0
1776463183.63,product-catalog,otel-demo.product-catalog-784544475c-7crs7.product-catalog,error_ratio,trace_server_error_ratio,0.0
1776463183.63,product-catalog,otel-demo.product-catalog-784544475c-7crs7.product-catalog,request_count,trace_server_count,0.0
1776463183.63,product-catalog,otel-demo.product-catalog-784544475c-8skc7.product-catalog,dependency_error_ratio,trace_client_error_ratio,0.0
1776463183.63,product-catalog,otel-demo.product-catalog-784544475c-8skc7.product-catalog,error_ratio,trace_server_error_ratio,0.0
1776463183.63,product-catalog,otel-demo.product-catalog-784544475c-8skc7.product-catalog,request_count,trace_server_count,0.0
1776463183.63,product-catalog,otel-demo.product-catalog-784544475c-stwzc.product-catalog,dependency_error_ratio,trace_client_error_ratio,0.0
1776463183.63,product-catalog,otel-demo.product-catalog-784544475c-stwzc.product-catalog,error_ratio,trace_server_error_ratio,0.0
1776463183.63,product-catalog,otel-demo.product-catalog-784544475c-stwzc.product-catalog,request_count,trace_server_count,0.0
1776463183.63,product-catalog,product-catalog-784544475c-7crs7,cpu_usage,container_cpu_usage,0.1120481318550073
1776463183.63,product-catalog,product-catalog-784544475c-7crs7,memory_usage,container_memory_working_set_bytes,17879040.0
1776463183.63,product-catalog,product-catalog-784544475c-8skc7,cpu_usage,container_cpu_usage,0.3552350833598082
1776463183.63,product-catalog,product-catalog-784544475c-8skc7,memory_usage,container_memory_working_set_bytes,19791872.0
1776463183.63,product-catalog,product-catalog-784544475c-stwzc,cpu_usage,container_cpu_usage,0.0008306484239949982
1776463183.63,product-catalog,product-catalog-784544475c-stwzc,memory_usage,container_memory_working_set_bytes,14499840.0
1776463183.63,product-catalog,product-catalog::service,pod_restart_count,k8s_container_restarts,37.0
1776463183.63,product-catalog,product-catalog::service,pod_running_count,k8s_container_ready,3.0
1776463183.63,recommendation,otel-demo.recommendation-5b46f7469c-g2rgb.recommendation,dependency_error_ratio,trace_client_error_ratio,0.0
1776463183.63,recommendation,otel-demo.recommendation-5b46f7469c-rjwxq.recommendation,dependency_error_ratio,trace_client_error_ratio,0.0
1776463183.63,recommendation,otel-demo.recommendation-5b46f7469c-rjwxq.recommendation,error_ratio,trace_server_error_ratio,0.0
1776463183.63,recommendation,otel-demo.recommendation-5b46f7469c-rjwxq.recommendation,request_count,trace_server_count,0.0
1776463183.63,recommendation,otel-demo.recommendation-5b46f7469c-t2fm9.recommendation,dependency_error_ratio,trace_client_error_ratio,0.0
1776463183.63,recommendation,otel-demo.recommendation-5b46f7469c-t2fm9.recommendation,error_ratio,trace_server_error_ratio,0.0
1776463183.63,recommendation,otel-demo.recommendation-5b46f7469c-t2fm9.recommendation,request_count,trace_server_count,0.0
1776463183.63,recommendation,recommendation-5b46f7469c-g2rgb,cpu_usage,container_cpu_usage,0.008341170300099883
1776463183.63,recommendation,recommendation-5b46f7469c-g2rgb,memory_usage,container_memory_working_set_bytes,46891008.0
1776463183.63,recommendation,recommendation-5b46f7469c-rjwxq,cpu_usage,container_cpu_usage,0.03056738589424484
1776463183.63,recommendation,recommendation-5b46f7469c-rjwxq,memory_usage,container_memory_working_set_bytes,48115712.0
1776463183.63,recommendation,recommendation-5b46f7469c-t2fm9,cpu_usage,container_cpu_usage,0.07178034963233489
1776463183.63,recommendation,recommendation-5b46f7469c-t2fm9,memory_usage,container_memory_working_set_bytes,53039104.0
1776463183.63,recommendation,recommendation::service,pod_restart_count,k8s_container_restarts,3.0
1776463183.63,recommendation,recommendation::service,pod_running_count,k8s_container_ready,3.0
1776463193.63,ad,3a8b9295-6ae2-4e8a-b9b0-a607d7fec0a4,dependency_error_ratio,trace_client_error_ratio,0.0
1776463193.63,ad,3a8b9295-6ae2-4e8a-b9b0-a607d7fec0a4,error_ratio,trace_server_error_ratio,0.0
1776463193.63,ad,3a8b9295-6ae2-4e8a-b9b0-a607d7fec0a4,request_count,trace_server_count,0.0
1776463193.63,ad,5680c7ee-584c-4353-b6d2-93bc605a0324,dependency_error_ratio,trace_client_error_ratio,0.0
1776463193.63,ad,5680c7ee-584c-4353-b6d2-93bc605a0324,error_ratio,trace_server_error_ratio,0.0
1776463193.63,ad,5680c7ee-584c-4353-b6d2-93bc605a0324,request_count,trace_server_count,0.0
1776463193.63,ad,9f9a3c1c-bd3f-40ea-8764-b59f1ebd2204,dependency_error_ratio,trace_client_error_ratio,0.0
1776463193.63,ad,ad-7fb5b4f859-52ks9,cpu_usage,container_cpu_usage,0.0028020682262374715
1776463193.63,ad,ad-7fb5b4f859-52ks9,memory_usage,container_memory_working_set_bytes,260411392.0
1776463193.63,ad,ad-7fb5b4f859-rd4zw,cpu_usage,container_cpu_usage,0.002053142251710428
1776463193.63,ad,ad-7fb5b4f859-rd4zw,memory_usage,container_memory_working_set_bytes,238444544.0
1776463193.63,ad,ad-7fb5b4f859-zsstr,cpu_usage,container_cpu_usage,0.003939936315006562
1776463193.63,ad,ad-7fb5b4f859-zsstr,memory_usage,container_memory_working_set_bytes,261894144.0
1776463193.63,ad,ad::service,pod_restart_count,k8s_container_restarts,3.0
1776463193.63,ad,ad::service,pod_running_count,k8s_container_ready,3.0
1776463193.63,cart,cart-7c7496d7f-th7mc,cpu_usage,container_cpu_usage,0.018345644090156377
1776463193.63,cart,cart-7c7496d7f-th7mc,memory_usage,container_memory_working_set_bytes,63078400.0
1776463193.63,cart,cart::service,pod_restart_count,k8s_container_restarts,1.0
1776463193.63,cart,cart::service,pod_running_count,k8s_container_ready,1.0
1776463193.63,cart,f1f3afac-3031-4c18-925a-048232421d89,dependency_error_ratio,trace_client_error_ratio,0.0
1776463193.63,cart,f1f3afac-3031-4c18-925a-048232421d89,error_ratio,trace_server_error_ratio,0.0
1776463193.63,cart,f1f3afac-3031-4c18-925a-048232421d89,request_count,trace_server_count,0.0
1776463193.63,checkout,4755bdbd-5ad9-49fa-acb7-3a7dcb6a9277,dependency_error_ratio,trace_client_error_ratio,0.0
1776463193.63,checkout,4755bdbd-5ad9-49fa-acb7-3a7dcb6a9277,error_ratio,trace_server_error_ratio,0.0
1776463193.63,checkout,4755bdbd-5ad9-49fa-acb7-3a7dcb6a9277,request_count,trace_server_count,0.0
1776463193.63,checkout,bb49e6b9-109a-41b8-be66-ab2a38272474,dependency_error_ratio,trace_client_error_ratio,0.0
1776463193.63,checkout,bb49e6b9-109a-41b8-be66-ab2a38272474,error_ratio,trace_server_error_ratio,0.0
1776463193.63,checkout,bb49e6b9-109a-41b8-be66-ab2a38272474,request_count,trace_server_count,0.0
1776463193.63,checkout,bc5804df-6f63-4261-8788-8ecfe5481366,dependency_error_ratio,trace_client_error_ratio,0.0
1776463193.63,checkout,bc5804df-6f63-4261-8788-8ecfe5481366,error_ratio,trace_server_error_ratio,0.0
1776463193.63,checkout,bc5804df-6f63-4261-8788-8ecfe5481366,request_count,trace_server_count,0.0
1776463193.63,checkout,checkout-7f4ccfc547-6crwh,cpu_usage,container_cpu_usage,0.04760153640614619
1776463193.63,checkout,checkout-7f4ccfc547-6crwh,memory_usage,container_memory_working_set_bytes,16371712.0
1776463193.63,checkout,checkout-7f4ccfc547-ftx2n,cpu_usage,container_cpu_usage,0.0003835543376308106
1776463193.63,checkout,checkout-7f4ccfc547-ftx2n,memory_usage,container_memory_working_set_bytes,11878400.0
1776463193.63,checkout,checkout-7f4ccfc547-qlfgr,cpu_usage,container_cpu_usage,0.0405219754776616
1776463193.63,checkout,checkout-7f4ccfc547-qlfgr,memory_usage,container_memory_working_set_bytes,16461824.0
1776463193.63,checkout,checkout::service,pod_restart_count,k8s_container_restarts,45.0
1776463193.63,checkout,checkout::service,pod_running_count,k8s_container_ready,3.0
1776463193.63,email,email-5dcf48b665-66zvj,cpu_usage,container_cpu_usage,0.0014493726570272234
1776463193.63,email,email-5dcf48b665-66zvj,memory_usage,container_memory_working_set_bytes,59809792.0
1776463193.63,email,email-5dcf48b665-9xxmx,cpu_usage,container_cpu_usage,0.004122360206450567
1776463193.63,email,email-5dcf48b665-9xxmx,memory_usage,container_memory_working_set_bytes,56590336.0
1776463193.63,email,email-5dcf48b665-n4zf2,cpu_usage,container_cpu_usage,0.0037047649430122956
1776463193.63,email,email-5dcf48b665-n4zf2,memory_usage,container_memory_working_set_bytes,54587392.0
1776463193.63,email,email::service,pod_restart_count,k8s_container_restarts,9.0
1776463193.63,email,email::service,pod_running_count,k8s_container_ready,3.0
1776463193.63,email,otel-demo.email-5dcf48b665-66zvj.email,error_ratio,trace_server_error_ratio,0.0
1776463193.63,email,otel-demo.email-5dcf48b665-66zvj.email,request_count,trace_server_count,0.0
1776463193.63,email,otel-demo.email-5dcf48b665-9xxmx.email,error_ratio,trace_server_error_ratio,0.0
1776463193.63,email,otel-demo.email-5dcf48b665-9xxmx.email,request_count,trace_server_count,0.0
1776463193.63,email,otel-demo.email-5dcf48b665-n4zf2.email,error_ratio,trace_server_error_ratio,0.0
1776463193.63,email,otel-demo.email-5dcf48b665-n4zf2.email,request_count,trace_server_count,0.0
1776463193.63,frontend,frontend-b78bf7696-6bjdg,cpu_usage,container_cpu_usage,2.1736532899493723
1776463193.63,frontend,frontend-b78bf7696-6bjdg,memory_usage,container_memory_working_set_bytes,122429440.0
1776463193.63,frontend,frontend-b78bf7696-77ldd,cpu_usage,container_cpu_usage,1.9823642651296673
1776463193.63,frontend,frontend-b78bf7696-77ldd,memory_usage,container_memory_working_set_bytes,113049600.0
1776463193.63,frontend,frontend-b78bf7696-p9kqx,cpu_usage,container_cpu_usage,2.070869429997626
1776463193.63,frontend,frontend-b78bf7696-p9kqx,memory_usage,container_memory_working_set_bytes,122642432.0
1776463193.63,frontend,frontend::service,pod_restart_count,k8s_container_restarts,3.0
1776463193.63,frontend,frontend::service,pod_running_count,k8s_container_ready,3.0
1776463193.63,frontend,otel-demo.frontend-b78bf7696-6bjdg.frontend,dependency_error_ratio,trace_client_error_ratio,0.0
1776463193.63,frontend,otel-demo.frontend-b78bf7696-6bjdg.frontend,error_ratio,trace_server_error_ratio,0.0
1776463193.63,frontend,otel-demo.frontend-b78bf7696-6bjdg.frontend,http_5xx_ratio,http_server_5xx_ratio,0.0
1776463193.63,frontend,otel-demo.frontend-b78bf7696-6bjdg.frontend,request_count,trace_server_count,0.0
1776463193.63,frontend,otel-demo.frontend-b78bf7696-77ldd.frontend,dependency_error_ratio,trace_client_error_ratio,0.0
1776463193.63,frontend,otel-demo.frontend-b78bf7696-77ldd.frontend,error_ratio,trace_server_error_ratio,0.0
1776463193.63,frontend,otel-demo.frontend-b78bf7696-77ldd.frontend,http_5xx_ratio,http_server_5xx_ratio,0.0
1776463193.63,frontend,otel-demo.frontend-b78bf7696-77ldd.frontend,request_count,trace_server_count,0.0
1776463193.63,frontend,otel-demo.frontend-b78bf7696-p9kqx.frontend,dependency_error_ratio,trace_client_error_ratio,0.0
1776463193.63,frontend,otel-demo.frontend-b78bf7696-p9kqx.frontend,error_ratio,trace_server_error_ratio,0.0
1776463193.63,frontend,otel-demo.frontend-b78bf7696-p9kqx.frontend,http_5xx_ratio,http_server_5xx_ratio,0.0
1776463193.63,frontend,otel-demo.frontend-b78bf7696-p9kqx.frontend,request_count,trace_server_count,0.0
1776463193.63,kafka,kafka-66df8bdf76-zjcbb,cpu_usage,container_cpu_usage,0.011042197933967629
1776463193.63,kafka,kafka-66df8bdf76-zjcbb,memory_usage,container_memory_working_set_bytes,667082752.0
1776463193.63,kafka,kafka::service,pod_restart_count,k8s_container_restarts,9.0
1776463193.63,kafka,kafka::service,pod_running_count,k8s_container_ready,1.0
1776463193.63,kafka,kafka::service,queue_lag,queue_size_ratio,0.0
1776463193.63,payment,otel-demo.payment-f9f8d647b-74h8z.payment,dependency_error_ratio,trace_client_error_ratio,0.0
1776463193.63,payment,otel-demo.payment-f9f8d647b-74h8z.payment,error_ratio,trace_server_error_ratio,0.0
1776463193.63,payment,otel-demo.payment-f9f8d647b-74h8z.payment,request_count,trace_server_count,0.0
1776463193.63,payment,otel-demo.payment-f9f8d647b-75hmx.payment,dependency_error_ratio,trace_client_error_ratio,0.0
1776463193.63,payment,otel-demo.payment-f9f8d647b-75hmx.payment,error_ratio,trace_server_error_ratio,0.0
1776463193.63,payment,otel-demo.payment-f9f8d647b-75hmx.payment,request_count,trace_server_count,0.0
1776463193.63,payment,otel-demo.payment-f9f8d647b-tv6l5.payment,dependency_error_ratio,trace_client_error_ratio,0.0
1776463193.63,payment,otel-demo.payment-f9f8d647b-tv6l5.payment,error_ratio,trace_server_error_ratio,0.0
1776463193.63,payment,otel-demo.payment-f9f8d647b-tv6l5.payment,request_count,trace_server_count,0.0
1776463193.63,payment,payment-f9f8d647b-74h8z,cpu_usage,container_cpu_usage,0.009584538338333616
1776463193.63,payment,payment-f9f8d647b-74h8z,memory_usage,container_memory_working_set_bytes,109637632.0
1776463193.63,payment,payment-f9f8d647b-75hmx,cpu_usage,container_cpu_usage,0.01086217690725364
1776463193.63,payment,payment-f9f8d647b-75hmx,memory_usage,container_memory_working_set_bytes,109613056.0
1776463193.63,payment,payment-f9f8d647b-tv6l5,cpu_usage,container_cpu_usage,0.008537440612437056
1776463193.63,payment,payment-f9f8d647b-tv6l5,memory_usage,container_memory_working_set_bytes,101187584.0
1776463193.63,payment,payment::service,pod_restart_count,k8s_container_restarts,39.0
1776463193.63,payment,payment::service,pod_running_count,k8s_container_ready,3.0
1776463193.63,product-catalog,otel-demo.product-catalog-784544475c-7crs7.product-catalog,dependency_error_ratio,trace_client_error_ratio,0.0
1776463193.63,product-catalog,otel-demo.product-catalog-784544475c-7crs7.product-catalog,error_ratio,trace_server_error_ratio,0.0
1776463193.63,product-catalog,otel-demo.product-catalog-784544475c-7crs7.product-catalog,request_count,trace_server_count,0.0
1776463193.63,product-catalog,otel-demo.product-catalog-784544475c-8skc7.product-catalog,dependency_error_ratio,trace_client_error_ratio,0.0
1776463193.63,product-catalog,otel-demo.product-catalog-784544475c-8skc7.product-catalog,error_ratio,trace_server_error_ratio,0.0
1776463193.63,product-catalog,otel-demo.product-catalog-784544475c-8skc7.product-catalog,request_count,trace_server_count,0.0
1776463193.63,product-catalog,otel-demo.product-catalog-784544475c-stwzc.product-catalog,dependency_error_ratio,trace_client_error_ratio,0.0
1776463193.63,product-catalog,otel-demo.product-catalog-784544475c-stwzc.product-catalog,error_ratio,trace_server_error_ratio,0.0
1776463193.63,product-catalog,otel-demo.product-catalog-784544475c-stwzc.product-catalog,request_count,trace_server_count,0.0
1776463193.63,product-catalog,product-catalog-784544475c-7crs7,cpu_usage,container_cpu_usage,0.12032590484373316
1776463193.63,product-catalog,product-catalog-784544475c-7crs7,memory_usage,container_memory_working_set_bytes,17879040.0
1776463193.63,product-catalog,product-catalog-784544475c-8skc7,cpu_usage,container_cpu_usage,0.2528829529522656
1776463193.63,product-catalog,product-catalog-784544475c-8skc7,memory_usage,container_memory_working_set_bytes,23511040.0
1776463193.63,product-catalog,product-catalog-784544475c-stwzc,cpu_usage,container_cpu_usage,0.0011452383833494685
1776463193.63,product-catalog,product-catalog-784544475c-stwzc,memory_usage,container_memory_working_set_bytes,14499840.0
1776463193.63,product-catalog,product-catalog::service,pod_restart_count,k8s_container_restarts,37.0
1776463193.63,product-catalog,product-catalog::service,pod_running_count,k8s_container_ready,3.0
1776463193.63,recommendation,otel-demo.recommendation-5b46f7469c-g2rgb.recommendation,dependency_error_ratio,trace_client_error_ratio,0.0
1776463193.63,recommendation,otel-demo.recommendation-5b46f7469c-rjwxq.recommendation,dependency_error_ratio,trace_client_error_ratio,0.0
1776463193.63,recommendation,otel-demo.recommendation-5b46f7469c-rjwxq.recommendation,error_ratio,trace_server_error_ratio,0.0
1776463193.63,recommendation,otel-demo.recommendation-5b46f7469c-rjwxq.recommendation,request_count,trace_server_count,0.0
1776463193.63,recommendation,otel-demo.recommendation-5b46f7469c-t2fm9.recommendation,dependency_error_ratio,trace_client_error_ratio,0.0
1776463193.63,recommendation,otel-demo.recommendation-5b46f7469c-t2fm9.recommendation,error_ratio,trace_server_error_ratio,0.0
1776463193.63,recommendation,otel-demo.recommendation-5b46f7469c-t2fm9.recommendation,request_count,trace_server_count,0.0
1776463193.63,recommendation,recommendation-5b46f7469c-g2rgb,cpu_usage,container_cpu_usage,0.008341170300099883
1776463193.63,recommendation,recommendation-5b46f7469c-g2rgb,memory_usage,container_memory_working_set_bytes,46891008.0
1776463193.63,recommendation,recommendation-5b46f7469c-rjwxq,cpu_usage,container_cpu_usage,0.03056738589424484
1776463193.63,recommendation,recommendation-5b46f7469c-rjwxq,memory_usage,container_memory_working_set_bytes,48115712.0
1776463193.63,recommendation,recommendation-5b46f7469c-t2fm9,cpu_usage,container_cpu_usage,0.06245114601109462
1776463193.63,recommendation,recommendation-5b46f7469c-t2fm9,memory_usage,container_memory_working_set_bytes,53071872.0
1776463193.63,recommendation,recommendation::service,pod_restart_count,k8s_container_restarts,3.0
1776463193.63,recommendation,recommendation::service,pod_running_count,k8s_container_ready,3.0
1776463203.63,ad,3a8b9295-6ae2-4e8a-b9b0-a607d7fec0a4,dependency_error_ratio,trace_client_error_ratio,0.0
1776463203.63,ad,3a8b9295-6ae2-4e8a-b9b0-a607d7fec0a4,error_ratio,trace_server_error_ratio,0.0
1776463203.63,ad,3a8b9295-6ae2-4e8a-b9b0-a607d7fec0a4,request_count,trace_server_count,0.0
1776463203.63,ad,5680c7ee-584c-4353-b6d2-93bc605a0324,dependency_error_ratio,trace_client_error_ratio,0.0
1776463203.63,ad,5680c7ee-584c-4353-b6d2-93bc605a0324,error_ratio,trace_server_error_ratio,0.0
1776463203.63,ad,5680c7ee-584c-4353-b6d2-93bc605a0324,request_count,trace_server_count,0.0
1776463203.63,ad,9f9a3c1c-bd3f-40ea-8764-b59f1ebd2204,dependency_error_ratio,trace_client_error_ratio,0.0
1776463203.63,ad,ad-7fb5b4f859-52ks9,cpu_usage,container_cpu_usage,0.003130871003299578
1776463203.63,ad,ad-7fb5b4f859-52ks9,memory_usage,container_memory_working_set_bytes,260411392.0
1776463203.63,ad,ad-7fb5b4f859-rd4zw,cpu_usage,container_cpu_usage,0.002053142251710428
1776463203.63,ad,ad-7fb5b4f859-rd4zw,memory_usage,container_memory_working_set_bytes,238444544.0
1776463203.63,ad,ad-7fb5b4f859-zsstr,cpu_usage,container_cpu_usage,0.00329119577862887
1776463203.63,ad,ad-7fb5b4f859-zsstr,memory_usage,container_memory_working_set_bytes,261910528.0
1776463203.63,ad,ad::service,pod_restart_count,k8s_container_restarts,3.0
1776463203.63,ad,ad::service,pod_running_count,k8s_container_ready,3.0
1776463203.63,cart,cart-7c7496d7f-th7mc,cpu_usage,container_cpu_usage,0.018881007383254204
1776463203.63,cart,cart-7c7496d7f-th7mc,memory_usage,container_memory_working_set_bytes,62976000.0
1776463203.63,cart,cart::service,pod_restart_count,k8s_container_restarts,1.0
1776463203.63,cart,cart::service,pod_running_count,k8s_container_ready,1.0
1776463203.63,cart,f1f3afac-3031-4c18-925a-048232421d89,dependency_error_ratio,trace_client_error_ratio,0.0
1776463203.63,cart,f1f3afac-3031-4c18-925a-048232421d89,error_ratio,trace_server_error_ratio,0.0
1776463203.63,cart,f1f3afac-3031-4c18-925a-048232421d89,request_count,trace_server_count,0.0
1776463203.63,checkout,4755bdbd-5ad9-49fa-acb7-3a7dcb6a9277,dependency_error_ratio,trace_client_error_ratio,0.0
1776463203.63,checkout,4755bdbd-5ad9-49fa-acb7-3a7dcb6a9277,error_ratio,trace_server_error_ratio,0.0
1776463203.63,checkout,4755bdbd-5ad9-49fa-acb7-3a7dcb6a9277,request_count,trace_server_count,0.0
1776463203.63,checkout,bb49e6b9-109a-41b8-be66-ab2a38272474,dependency_error_ratio,trace_client_error_ratio,0.0
1776463203.63,checkout,bb49e6b9-109a-41b8-be66-ab2a38272474,error_ratio,trace_server_error_ratio,0.0
1776463203.63,checkout,bb49e6b9-109a-41b8-be66-ab2a38272474,request_count,trace_server_count,0.0
1776463203.63,checkout,bc5804df-6f63-4261-8788-8ecfe5481366,dependency_error_ratio,trace_client_error_ratio,0.0
1776463203.63,checkout,bc5804df-6f63-4261-8788-8ecfe5481366,error_ratio,trace_server_error_ratio,0.0
1776463203.63,checkout,bc5804df-6f63-4261-8788-8ecfe5481366,request_count,trace_server_count,0.0
1776463203.63,checkout,checkout-7f4ccfc547-6crwh,cpu_usage,container_cpu_usage,0.03984598435383753
1776463203.63,checkout,checkout-7f4ccfc547-6crwh,memory_usage,container_memory_working_set_bytes,16400384.0
1776463203.63,checkout,checkout-7f4ccfc547-ftx2n,cpu_usage,container_cpu_usage,0.00038025856761749545
1776463203.63,checkout,checkout-7f4ccfc547-ftx2n,memory_usage,container_memory_working_set_bytes,11878400.0
1776463203.63,checkout,checkout-7f4ccfc547-qlfgr,cpu_usage,container_cpu_usage,0.01996289198330534
1776463203.63,checkout,checkout-7f4ccfc547-qlfgr,memory_usage,container_memory_working_set_bytes,16461824.0
1776463203.63,checkout,checkout::service,pod_restart_count,k8s_container_restarts,45.0
1776463203.63,checkout,checkout::service,pod_running_count,k8s_container_ready,3.0
1776463203.63,email,email-5dcf48b665-66zvj,cpu_usage,container_cpu_usage,0.0007668201183767927
1776463203.63,email,email-5dcf48b665-66zvj,memory_usage,container_memory_working_set_bytes,59809792.0
1776463203.63,email,email-5dcf48b665-9xxmx,cpu_usage,container_cpu_usage,0.0019109664657997055
1776463203.63,email,email-5dcf48b665-9xxmx,memory_usage,container_memory_working_set_bytes,56422400.0
1776463203.63,email,email-5dcf48b665-n4zf2,cpu_usage,container_cpu_usage,0.002900640000000294
1776463203.63,email,email-5dcf48b665-n4zf2,memory_usage,container_memory_working_set_bytes,54640640.0
1776463203.63,email,email::service,pod_restart_count,k8s_container_restarts,9.0
1776463203.63,email,email::service,pod_running_count,k8s_container_ready,3.0
1776463203.63,email,otel-demo.email-5dcf48b665-66zvj.email,error_ratio,trace_server_error_ratio,0.0
1776463203.63,email,otel-demo.email-5dcf48b665-66zvj.email,request_count,trace_server_count,0.0
1776463203.63,email,otel-demo.email-5dcf48b665-9xxmx.email,error_ratio,trace_server_error_ratio,0.0
1776463203.63,email,otel-demo.email-5dcf48b665-9xxmx.email,request_count,trace_server_count,0.0
1776463203.63,email,otel-demo.email-5dcf48b665-n4zf2.email,error_ratio,trace_server_error_ratio,0.0
1776463203.63,email,otel-demo.email-5dcf48b665-n4zf2.email,request_count,trace_server_count,0.0
1776463203.63,frontend,frontend-b78bf7696-6bjdg,cpu_usage,container_cpu_usage,1.9277792224988013
1776463203.63,frontend,frontend-b78bf7696-6bjdg,memory_usage,container_memory_working_set_bytes,122429440.0
1776463203.63,frontend,frontend-b78bf7696-77ldd,cpu_usage,container_cpu_usage,1.9823642651296673
1776463203.63,frontend,frontend-b78bf7696-77ldd,memory_usage,container_memory_working_set_bytes,113049600.0
1776463203.63,frontend,frontend-b78bf7696-p9kqx,cpu_usage,container_cpu_usage,2.072979023646066
1776463203.63,frontend,frontend-b78bf7696-p9kqx,memory_usage,container_memory_working_set_bytes,122621952.0
1776463203.63,frontend,frontend::service,pod_restart_count,k8s_container_restarts,3.0
1776463203.63,frontend,frontend::service,pod_running_count,k8s_container_ready,3.0
1776463203.63,frontend,otel-demo.frontend-b78bf7696-6bjdg.frontend,dependency_error_ratio,trace_client_error_ratio,0.0
1776463203.63,frontend,otel-demo.frontend-b78bf7696-6bjdg.frontend,error_ratio,trace_server_error_ratio,0.0
1776463203.63,frontend,otel-demo.frontend-b78bf7696-6bjdg.frontend,http_5xx_ratio,http_server_5xx_ratio,0.0
1776463203.63,frontend,otel-demo.frontend-b78bf7696-6bjdg.frontend,request_count,trace_server_count,0.0
1776463203.63,frontend,otel-demo.frontend-b78bf7696-77ldd.frontend,dependency_error_ratio,trace_client_error_ratio,0.0
1776463203.63,frontend,otel-demo.frontend-b78bf7696-77ldd.frontend,error_ratio,trace_server_error_ratio,0.0
1776463203.63,frontend,otel-demo.frontend-b78bf7696-77ldd.frontend,http_5xx_ratio,http_server_5xx_ratio,0.0
1776463203.63,frontend,otel-demo.frontend-b78bf7696-77ldd.frontend,request_count,trace_server_count,0.0
1776463203.63,frontend,otel-demo.frontend-b78bf7696-p9kqx.frontend,dependency_error_ratio,trace_client_error_ratio,0.0
1776463203.63,frontend,otel-demo.frontend-b78bf7696-p9kqx.frontend,error_ratio,trace_server_error_ratio,0.0
1776463203.63,frontend,otel-demo.frontend-b78bf7696-p9kqx.frontend,http_5xx_ratio,http_server_5xx_ratio,0.0
1776463203.63,frontend,otel-demo.frontend-b78bf7696-p9kqx.frontend,request_count,trace_server_count,0.0
1776463203.63,kafka,kafka-66df8bdf76-zjcbb,cpu_usage,container_cpu_usage,0.01366096828918071
1776463203.63,kafka,kafka-66df8bdf76-zjcbb,memory_usage,container_memory_working_set_bytes,667107328.0
1776463203.63,kafka,kafka::service,pod_restart_count,k8s_container_restarts,9.0
1776463203.63,kafka,kafka::service,pod_running_count,k8s_container_ready,1.0
1776463203.63,kafka,kafka::service,queue_lag,queue_size_ratio,0.0
1776463203.63,payment,otel-demo.payment-f9f8d647b-74h8z.payment,dependency_error_ratio,trace_client_error_ratio,0.0
1776463203.63,payment,otel-demo.payment-f9f8d647b-74h8z.payment,error_ratio,trace_server_error_ratio,0.0
1776463203.63,payment,otel-demo.payment-f9f8d647b-74h8z.payment,request_count,trace_server_count,0.0
1776463203.63,payment,otel-demo.payment-f9f8d647b-75hmx.payment,dependency_error_ratio,trace_client_error_ratio,0.0
1776463203.63,payment,otel-demo.payment-f9f8d647b-75hmx.payment,error_ratio,trace_server_error_ratio,0.0
1776463203.63,payment,otel-demo.payment-f9f8d647b-75hmx.payment,request_count,trace_server_count,0.0
1776463203.63,payment,otel-demo.payment-f9f8d647b-tv6l5.payment,dependency_error_ratio,trace_client_error_ratio,0.0
1776463203.63,payment,otel-demo.payment-f9f8d647b-tv6l5.payment,error_ratio,trace_server_error_ratio,0.0
1776463203.63,payment,otel-demo.payment-f9f8d647b-tv6l5.payment,request_count,trace_server_count,0.0
1776463203.63,payment,payment-f9f8d647b-74h8z,cpu_usage,container_cpu_usage,0.009207414626969817
1776463203.63,payment,payment-f9f8d647b-74h8z,memory_usage,container_memory_working_set_bytes,109637632.0
1776463203.63,payment,payment-f9f8d647b-75hmx,cpu_usage,container_cpu_usage,0.00787436677881355
1776463203.63,payment,payment-f9f8d647b-75hmx,memory_usage,container_memory_working_set_bytes,109613056.0
1776463203.63,payment,payment-f9f8d647b-tv6l5,cpu_usage,container_cpu_usage,0.008660584227425801
1776463203.63,payment,payment-f9f8d647b-tv6l5,memory_usage,container_memory_working_set_bytes,101187584.0
1776463203.63,payment,payment::service,pod_restart_count,k8s_container_restarts,39.0
1776463203.63,payment,payment::service,pod_running_count,k8s_container_ready,3.0
1776463203.63,product-catalog,otel-demo.product-catalog-784544475c-7crs7.product-catalog,dependency_error_ratio,trace_client_error_ratio,0.0
1776463203.63,product-catalog,otel-demo.product-catalog-784544475c-7crs7.product-catalog,error_ratio,trace_server_error_ratio,0.0
1776463203.63,product-catalog,otel-demo.product-catalog-784544475c-7crs7.product-catalog,request_count,trace_server_count,0.0
1776463203.63,product-catalog,otel-demo.product-catalog-784544475c-8skc7.product-catalog,dependency_error_ratio,trace_client_error_ratio,0.0
1776463203.63,product-catalog,otel-demo.product-catalog-784544475c-8skc7.product-catalog,error_ratio,trace_server_error_ratio,0.0
1776463203.63,product-catalog,otel-demo.product-catalog-784544475c-8skc7.product-catalog,request_count,trace_server_count,0.0
1776463203.63,product-catalog,otel-demo.product-catalog-784544475c-stwzc.product-catalog,dependency_error_ratio,trace_client_error_ratio,0.0
1776463203.63,product-catalog,otel-demo.product-catalog-784544475c-stwzc.product-catalog,error_ratio,trace_server_error_ratio,0.0
1776463203.63,product-catalog,otel-demo.product-catalog-784544475c-stwzc.product-catalog,request_count,trace_server_count,0.0
1776463203.63,product-catalog,product-catalog-784544475c-7crs7,cpu_usage,container_cpu_usage,0.12380819509428628
1776463203.63,product-catalog,product-catalog-784544475c-7crs7,memory_usage,container_memory_working_set_bytes,19632128.0
1776463203.63,product-catalog,product-catalog-784544475c-8skc7,cpu_usage,container_cpu_usage,0.19335727139675737
1776463203.63,product-catalog,product-catalog-784544475c-8skc7,memory_usage,container_memory_working_set_bytes,23511040.0
1776463203.63,product-catalog,product-catalog-784544475c-stwzc,cpu_usage,container_cpu_usage,0.0039106728276794775
1776463203.63,product-catalog,product-catalog-784544475c-stwzc,memory_usage,container_memory_working_set_bytes,17948672.0
1776463203.63,product-catalog,product-catalog::service,pod_restart_count,k8s_container_restarts,37.0
1776463203.63,product-catalog,product-catalog::service,pod_running_count,k8s_container_ready,3.0
1776463203.63,recommendation,otel-demo.recommendation-5b46f7469c-g2rgb.recommendation,dependency_error_ratio,trace_client_error_ratio,0.0
1776463203.63,recommendation,otel-demo.recommendation-5b46f7469c-rjwxq.recommendation,dependency_error_ratio,trace_client_error_ratio,0.0
1776463203.63,recommendation,otel-demo.recommendation-5b46f7469c-rjwxq.recommendation,error_ratio,trace_server_error_ratio,0.0
1776463203.63,recommendation,otel-demo.recommendation-5b46f7469c-rjwxq.recommendation,request_count,trace_server_count,0.0
1776463203.63,recommendation,otel-demo.recommendation-5b46f7469c-t2fm9.recommendation,dependency_error_ratio,trace_client_error_ratio,0.0
1776463203.63,recommendation,otel-demo.recommendation-5b46f7469c-t2fm9.recommendation,error_ratio,trace_server_error_ratio,0.0
1776463203.63,recommendation,otel-demo.recommendation-5b46f7469c-t2fm9.recommendation,request_count,trace_server_count,0.0
1776463203.63,recommendation,recommendation-5b46f7469c-g2rgb,cpu_usage,container_cpu_usage,0.006807165641663312
1776463203.63,recommendation,recommendation-5b46f7469c-g2rgb,memory_usage,container_memory_working_set_bytes,46891008.0
1776463203.63,recommendation,recommendation-5b46f7469c-rjwxq,cpu_usage,container_cpu_usage,0.019288951915754495
1776463203.63,recommendation,recommendation-5b46f7469c-rjwxq,memory_usage,container_memory_working_set_bytes,48197632.0
1776463203.63,recommendation,recommendation-5b46f7469c-t2fm9,cpu_usage,container_cpu_usage,0.04519859620426854
1776463203.63,recommendation,recommendation-5b46f7469c-t2fm9,memory_usage,container_memory_working_set_bytes,53071872.0
1776463203.63,recommendation,recommendation::service,pod_restart_count,k8s_container_restarts,3.0
1776463203.63,recommendation,recommendation::service,pod_running_count,k8s_container_ready,3.0
1776463213.63,ad,3a8b9295-6ae2-4e8a-b9b0-a607d7fec0a4,dependency_error_ratio,trace_client_error_ratio,0.0
1776463213.63,ad,3a8b9295-6ae2-4e8a-b9b0-a607d7fec0a4,error_ratio,trace_server_error_ratio,0.0
1776463213.63,ad,3a8b9295-6ae2-4e8a-b9b0-a607d7fec0a4,request_count,trace_server_count,0.0
1776463213.63,ad,5680c7ee-584c-4353-b6d2-93bc605a0324,dependency_error_ratio,trace_client_error_ratio,0.0
1776463213.63,ad,5680c7ee-584c-4353-b6d2-93bc605a0324,error_ratio,trace_server_error_ratio,0.0
1776463213.63,ad,5680c7ee-584c-4353-b6d2-93bc605a0324,request_count,trace_server_count,0.0
1776463213.63,ad,9f9a3c1c-bd3f-40ea-8764-b59f1ebd2204,dependency_error_ratio,trace_client_error_ratio,0.0
1776463213.63,ad,ad-7fb5b4f859-52ks9,cpu_usage,container_cpu_usage,0.0019276588723386963
1776463213.63,ad,ad-7fb5b4f859-52ks9,memory_usage,container_memory_working_set_bytes,260411392.0
1776463213.63,ad,ad-7fb5b4f859-rd4zw,cpu_usage,container_cpu_usage,0.0012209543568493005
1776463213.63,ad,ad-7fb5b4f859-rd4zw,memory_usage,container_memory_working_set_bytes,238444544.0
1776463213.63,ad,ad-7fb5b4f859-zsstr,cpu_usage,container_cpu_usage,0.0032911957786288704
1776463213.63,ad,ad-7fb5b4f859-zsstr,memory_usage,container_memory_working_set_bytes,261910528.0
1776463213.63,ad,ad::service,pod_restart_count,k8s_container_restarts,3.0
1776463213.63,ad,ad::service,pod_running_count,k8s_container_ready,3.0
1776463213.63,cart,cart-7c7496d7f-th7mc,cpu_usage,container_cpu_usage,0.021749344050648003
1776463213.63,cart,cart-7c7496d7f-th7mc,memory_usage,container_memory_working_set_bytes,62988288.0
1776463213.63,cart,cart::service,pod_restart_count,k8s_container_restarts,1.0
1776463213.63,cart,cart::service,pod_running_count,k8s_container_ready,1.0
1776463213.63,cart,f1f3afac-3031-4c18-925a-048232421d89,dependency_error_ratio,trace_client_error_ratio,0.0
1776463213.63,cart,f1f3afac-3031-4c18-925a-048232421d89,error_ratio,trace_server_error_ratio,0.0
1776463213.63,cart,f1f3afac-3031-4c18-925a-048232421d89,request_count,trace_server_count,0.0
1776463213.63,checkout,4755bdbd-5ad9-49fa-acb7-3a7dcb6a9277,dependency_error_ratio,trace_client_error_ratio,0.0
1776463213.63,checkout,4755bdbd-5ad9-49fa-acb7-3a7dcb6a9277,error_ratio,trace_server_error_ratio,0.0
1776463213.63,checkout,4755bdbd-5ad9-49fa-acb7-3a7dcb6a9277,request_count,trace_server_count,0.0
1776463213.63,checkout,bb49e6b9-109a-41b8-be66-ab2a38272474,dependency_error_ratio,trace_client_error_ratio,0.0
1776463213.63,checkout,bb49e6b9-109a-41b8-be66-ab2a38272474,error_ratio,trace_server_error_ratio,0.0
1776463213.63,checkout,bb49e6b9-109a-41b8-be66-ab2a38272474,request_count,trace_server_count,0.0
1776463213.63,checkout,bc5804df-6f63-4261-8788-8ecfe5481366,dependency_error_ratio,trace_client_error_ratio,0.0
1776463213.63,checkout,bc5804df-6f63-4261-8788-8ecfe5481366,error_ratio,trace_server_error_ratio,0.0
1776463213.63,checkout,bc5804df-6f63-4261-8788-8ecfe5481366,request_count,trace_server_count,0.0
1776463213.63,checkout,checkout-7f4ccfc547-6crwh,cpu_usage,container_cpu_usage,0.02306854506137095
1776463213.63,checkout,checkout-7f4ccfc547-6crwh,memory_usage,container_memory_working_set_bytes,16400384.0
1776463213.63,checkout,checkout-7f4ccfc547-ftx2n,cpu_usage,container_cpu_usage,0.0003757280124471602
1776463213.63,checkout,checkout-7f4ccfc547-ftx2n,memory_usage,container_memory_working_set_bytes,11919360.0
1776463213.63,checkout,checkout-7f4ccfc547-qlfgr,cpu_usage,container_cpu_usage,0.025496203328480467
1776463213.63,checkout,checkout-7f4ccfc547-qlfgr,memory_usage,container_memory_working_set_bytes,14807040.0
1776463213.63,checkout,checkout::service,pod_restart_count,k8s_container_restarts,45.0
1776463213.63,checkout,checkout::service,pod_running_count,k8s_container_ready,3.0
1776463213.63,email,email-5dcf48b665-66zvj,cpu_usage,container_cpu_usage,0.0007044197439816643
1776463213.63,email,email-5dcf48b665-66zvj,memory_usage,container_memory_working_set_bytes,59756544.0
1776463213.63,email,email-5dcf48b665-9xxmx,cpu_usage,container_cpu_usage,0.0019109664657997055
1776463213.63,email,email-5dcf48b665-9xxmx,memory_usage,container_memory_working_set_bytes,56422400.0
1776463213.63,email,email-5dcf48b665-n4zf2,cpu_usage,container_cpu_usage,0.0019475663596226018
1776463213.63,email,email-5dcf48b665-n4zf2,memory_usage,container_memory_working_set_bytes,54640640.0
1776463213.63,email,email::service,pod_restart_count,k8s_container_restarts,9.0
1776463213.63,email,email::service,pod_running_count,k8s_container_ready,3.0
1776463213.63,email,otel-demo.email-5dcf48b665-66zvj.email,error_ratio,trace_server_error_ratio,0.0
1776463213.63,email,otel-demo.email-5dcf48b665-66zvj.email,request_count,trace_server_count,0.0
1776463213.63,email,otel-demo.email-5dcf48b665-9xxmx.email,error_ratio,trace_server_error_ratio,0.0
1776463213.63,email,otel-demo.email-5dcf48b665-9xxmx.email,request_count,trace_server_count,0.0
1776463213.63,email,otel-demo.email-5dcf48b665-n4zf2.email,error_ratio,trace_server_error_ratio,0.0
1776463213.63,email,otel-demo.email-5dcf48b665-n4zf2.email,request_count,trace_server_count,0.0
1776463213.63,frontend,frontend-b78bf7696-6bjdg,cpu_usage,container_cpu_usage,1.9125383989292633
1776463213.63,frontend,frontend-b78bf7696-6bjdg,memory_usage,container_memory_working_set_bytes,131231744.0
1776463213.63,frontend,frontend-b78bf7696-77ldd,cpu_usage,container_cpu_usage,1.8360793466089913
1776463213.63,frontend,frontend-b78bf7696-77ldd,memory_usage,container_memory_working_set_bytes,112599040.0
1776463213.63,frontend,frontend-b78bf7696-p9kqx,cpu_usage,container_cpu_usage,1.5959081572832938
1776463213.63,frontend,frontend-b78bf7696-p9kqx,memory_usage,container_memory_working_set_bytes,122621952.0
1776463213.63,frontend,frontend::service,pod_restart_count,k8s_container_restarts,3.0
1776463213.63,frontend,frontend::service,pod_running_count,k8s_container_ready,3.0
1776463213.63,frontend,otel-demo.frontend-b78bf7696-6bjdg.frontend,dependency_error_ratio,trace_client_error_ratio,0.0
1776463213.63,frontend,otel-demo.frontend-b78bf7696-6bjdg.frontend,error_ratio,trace_server_error_ratio,0.0
1776463213.63,frontend,otel-demo.frontend-b78bf7696-6bjdg.frontend,http_5xx_ratio,http_server_5xx_ratio,0.0
1776463213.63,frontend,otel-demo.frontend-b78bf7696-6bjdg.frontend,request_count,trace_server_count,0.0
1776463213.63,frontend,otel-demo.frontend-b78bf7696-77ldd.frontend,dependency_error_ratio,trace_client_error_ratio,0.0
1776463213.63,frontend,otel-demo.frontend-b78bf7696-77ldd.frontend,error_ratio,trace_server_error_ratio,0.0
1776463213.63,frontend,otel-demo.frontend-b78bf7696-77ldd.frontend,http_5xx_ratio,http_server_5xx_ratio,0.0
1776463213.63,frontend,otel-demo.frontend-b78bf7696-77ldd.frontend,request_count,trace_server_count,0.0
1776463213.63,frontend,otel-demo.frontend-b78bf7696-p9kqx.frontend,dependency_error_ratio,trace_client_error_ratio,0.0
1776463213.63,frontend,otel-demo.frontend-b78bf7696-p9kqx.frontend,error_ratio,trace_server_error_ratio,0.0
1776463213.63,frontend,otel-demo.frontend-b78bf7696-p9kqx.frontend,http_5xx_ratio,http_server_5xx_ratio,0.0
1776463213.63,frontend,otel-demo.frontend-b78bf7696-p9kqx.frontend,request_count,trace_server_count,0.0
1776463213.63,kafka,kafka-66df8bdf76-zjcbb,cpu_usage,container_cpu_usage,0.012616702994148953
1776463213.63,kafka,kafka-66df8bdf76-zjcbb,memory_usage,container_memory_working_set_bytes,667123712.0
1776463213.63,kafka,kafka::service,pod_restart_count,k8s_container_restarts,9.0
1776463213.63,kafka,kafka::service,pod_running_count,k8s_container_ready,1.0
1776463213.63,kafka,kafka::service,queue_lag,queue_size_ratio,0.0
1776463213.63,payment,otel-demo.payment-f9f8d647b-74h8z.payment,dependency_error_ratio,trace_client_error_ratio,0.0
1776463213.63,payment,otel-demo.payment-f9f8d647b-74h8z.payment,error_ratio,trace_server_error_ratio,0.0
1776463213.63,payment,otel-demo.payment-f9f8d647b-74h8z.payment,request_count,trace_server_count,0.0
1776463213.63,payment,otel-demo.payment-f9f8d647b-75hmx.payment,dependency_error_ratio,trace_client_error_ratio,0.0
1776463213.63,payment,otel-demo.payment-f9f8d647b-75hmx.payment,error_ratio,trace_server_error_ratio,0.0
1776463213.63,payment,otel-demo.payment-f9f8d647b-75hmx.payment,request_count,trace_server_count,0.0
1776463213.63,payment,otel-demo.payment-f9f8d647b-tv6l5.payment,dependency_error_ratio,trace_client_error_ratio,0.0
1776463213.63,payment,otel-demo.payment-f9f8d647b-tv6l5.payment,error_ratio,trace_server_error_ratio,0.0
1776463213.63,payment,otel-demo.payment-f9f8d647b-tv6l5.payment,request_count,trace_server_count,0.0
1776463213.63,payment,payment-f9f8d647b-74h8z,cpu_usage,container_cpu_usage,0.008398730819858643
1776463213.63,payment,payment-f9f8d647b-74h8z,memory_usage,container_memory_working_set_bytes,109637632.0
1776463213.63,payment,payment-f9f8d647b-75hmx,cpu_usage,container_cpu_usage,0.0077357909012453485
1776463213.63,payment,payment-f9f8d647b-75hmx,memory_usage,container_memory_working_set_bytes,109613056.0
1776463213.63,payment,payment-f9f8d647b-tv6l5,cpu_usage,container_cpu_usage,0.00667247494648498
1776463213.63,payment,payment-f9f8d647b-tv6l5,memory_usage,container_memory_working_set_bytes,101187584.0
1776463213.63,payment,payment::service,pod_restart_count,k8s_container_restarts,39.0
1776463213.63,payment,payment::service,pod_running_count,k8s_container_ready,3.0
1776463213.63,product-catalog,otel-demo.product-catalog-784544475c-7crs7.product-catalog,dependency_error_ratio,trace_client_error_ratio,0.0
1776463213.63,product-catalog,otel-demo.product-catalog-784544475c-7crs7.product-catalog,error_ratio,trace_server_error_ratio,0.0
1776463213.63,product-catalog,otel-demo.product-catalog-784544475c-7crs7.product-catalog,request_count,trace_server_count,0.0
1776463213.63,product-catalog,otel-demo.product-catalog-784544475c-8skc7.product-catalog,dependency_error_ratio,trace_client_error_ratio,0.0
1776463213.63,product-catalog,otel-demo.product-catalog-784544475c-8skc7.product-catalog,error_ratio,trace_server_error_ratio,0.0
1776463213.63,product-catalog,otel-demo.product-catalog-784544475c-8skc7.product-catalog,request_count,trace_server_count,0.0
1776463213.63,product-catalog,otel-demo.product-catalog-784544475c-stwzc.product-catalog,dependency_error_ratio,trace_client_error_ratio,0.0
1776463213.63,product-catalog,otel-demo.product-catalog-784544475c-stwzc.product-catalog,error_ratio,trace_server_error_ratio,0.0
1776463213.63,product-catalog,otel-demo.product-catalog-784544475c-stwzc.product-catalog,request_count,trace_server_count,0.0
1776463213.63,product-catalog,product-catalog-784544475c-7crs7,cpu_usage,container_cpu_usage,0.12380819509428628
1776463213.63,product-catalog,product-catalog-784544475c-7crs7,memory_usage,container_memory_working_set_bytes,19632128.0
1776463213.63,product-catalog,product-catalog-784544475c-8skc7,cpu_usage,container_cpu_usage,0.0016150546941530795
1776463213.63,product-catalog,product-catalog-784544475c-8skc7,memory_usage,container_memory_working_set_bytes,31571968.0
1776463213.63,product-catalog,product-catalog-784544475c-stwzc,cpu_usage,container_cpu_usage,0.003850524999999999
1776463213.63,product-catalog,product-catalog-784544475c-stwzc,memory_usage,container_memory_working_set_bytes,17948672.0
1776463213.63,product-catalog,product-catalog::service,pod_restart_count,k8s_container_restarts,37.0
1776463213.63,product-catalog,product-catalog::service,pod_running_count,k8s_container_ready,3.0
1776463213.63,recommendation,otel-demo.recommendation-5b46f7469c-g2rgb.recommendation,dependency_error_ratio,trace_client_error_ratio,0.0
1776463213.63,recommendation,otel-demo.recommendation-5b46f7469c-rjwxq.recommendation,dependency_error_ratio,trace_client_error_ratio,0.0
1776463213.63,recommendation,otel-demo.recommendation-5b46f7469c-rjwxq.recommendation,error_ratio,trace_server_error_ratio,0.0
1776463213.63,recommendation,otel-demo.recommendation-5b46f7469c-rjwxq.recommendation,request_count,trace_server_count,0.0
1776463213.63,recommendation,otel-demo.recommendation-5b46f7469c-t2fm9.recommendation,dependency_error_ratio,trace_client_error_ratio,0.0
1776463213.63,recommendation,otel-demo.recommendation-5b46f7469c-t2fm9.recommendation,error_ratio,trace_server_error_ratio,0.0
1776463213.63,recommendation,otel-demo.recommendation-5b46f7469c-t2fm9.recommendation,request_count,trace_server_count,0.0
1776463213.63,recommendation,recommendation-5b46f7469c-g2rgb,cpu_usage,container_cpu_usage,0.01655622741870654
1776463213.63,recommendation,recommendation-5b46f7469c-g2rgb,memory_usage,container_memory_working_set_bytes,46891008.0
1776463213.63,recommendation,recommendation-5b46f7469c-rjwxq,cpu_usage,container_cpu_usage,0.022256388095593792
1776463213.63,recommendation,recommendation-5b46f7469c-rjwxq,memory_usage,container_memory_working_set_bytes,48021504.0
1776463213.63,recommendation,recommendation-5b46f7469c-t2fm9,cpu_usage,container_cpu_usage,0.028348536224042976
1776463213.63,recommendation,recommendation-5b46f7469c-t2fm9,memory_usage,container_memory_working_set_bytes,53239808.0
1776463213.63,recommendation,recommendation::service,pod_restart_count,k8s_container_restarts,3.0
1776463213.63,recommendation,recommendation::service,pod_running_count,k8s_container_ready,3.0
1776463223.63,ad,3a8b9295-6ae2-4e8a-b9b0-a607d7fec0a4,dependency_error_ratio,trace_client_error_ratio,0.0
1776463223.63,ad,3a8b9295-6ae2-4e8a-b9b0-a607d7fec0a4,error_ratio,trace_server_error_ratio,0.0
1776463223.63,ad,3a8b9295-6ae2-4e8a-b9b0-a607d7fec0a4,request_count,trace_server_count,0.0
1776463223.63,ad,5680c7ee-584c-4353-b6d2-93bc605a0324,dependency_error_ratio,trace_client_error_ratio,0.0
1776463223.63,ad,5680c7ee-584c-4353-b6d2-93bc605a0324,error_ratio,trace_server_error_ratio,0.0
1776463223.63,ad,5680c7ee-584c-4353-b6d2-93bc605a0324,request_count,trace_server_count,0.0
1776463223.63,ad,9f9a3c1c-bd3f-40ea-8764-b59f1ebd2204,dependency_error_ratio,trace_client_error_ratio,0.0
1776463223.63,ad,ad-7fb5b4f859-52ks9,cpu_usage,container_cpu_usage,0.0019990233444488544
1776463223.63,ad,ad-7fb5b4f859-52ks9,memory_usage,container_memory_working_set_bytes,260476928.0
1776463223.63,ad,ad-7fb5b4f859-rd4zw,cpu_usage,container_cpu_usage,0.0013809147433890463
1776463223.63,ad,ad-7fb5b4f859-rd4zw,memory_usage,container_memory_working_set_bytes,238444544.0
1776463223.63,ad,ad-7fb5b4f859-zsstr,cpu_usage,container_cpu_usage,0.0028649339934075156
1776463223.63,ad,ad-7fb5b4f859-zsstr,memory_usage,container_memory_working_set_bytes,261816320.0
1776463223.63,ad,ad::service,pod_restart_count,k8s_container_restarts,3.0
1776463223.63,ad,ad::service,pod_running_count,k8s_container_ready,3.0
1776463223.63,cart,cart-7c7496d7f-th7mc,cpu_usage,container_cpu_usage,0.02595198604565521
1776463223.63,cart,cart-7c7496d7f-th7mc,memory_usage,container_memory_working_set_bytes,62988288.0
1776463223.63,cart,cart::service,pod_restart_count,k8s_container_restarts,1.0
1776463223.63,cart,cart::service,pod_running_count,k8s_container_ready,1.0
1776463223.63,cart,f1f3afac-3031-4c18-925a-048232421d89,dependency_error_ratio,trace_client_error_ratio,0.0
1776463223.63,cart,f1f3afac-3031-4c18-925a-048232421d89,error_ratio,trace_server_error_ratio,0.0
1776463223.63,cart,f1f3afac-3031-4c18-925a-048232421d89,request_count,trace_server_count,0.0
1776463223.63,checkout,4755bdbd-5ad9-49fa-acb7-3a7dcb6a9277,dependency_error_ratio,trace_client_error_ratio,0.0
1776463223.63,checkout,4755bdbd-5ad9-49fa-acb7-3a7dcb6a9277,error_ratio,trace_server_error_ratio,0.0
1776463223.63,checkout,4755bdbd-5ad9-49fa-acb7-3a7dcb6a9277,request_count,trace_server_count,0.0
1776463223.63,checkout,bb49e6b9-109a-41b8-be66-ab2a38272474,dependency_error_ratio,trace_client_error_ratio,0.0
1776463223.63,checkout,bb49e6b9-109a-41b8-be66-ab2a38272474,error_ratio,trace_server_error_ratio,0.0
1776463223.63,checkout,bb49e6b9-109a-41b8-be66-ab2a38272474,request_count,trace_server_count,0.0
1776463223.63,checkout,bc5804df-6f63-4261-8788-8ecfe5481366,dependency_error_ratio,trace_client_error_ratio,0.0
1776463223.63,checkout,bc5804df-6f63-4261-8788-8ecfe5481366,error_ratio,trace_server_error_ratio,0.0
1776463223.63,checkout,bc5804df-6f63-4261-8788-8ecfe5481366,request_count,trace_server_count,0.0
1776463223.63,checkout,checkout-7f4ccfc547-6crwh,cpu_usage,container_cpu_usage,0.054966277303177755
1776463223.63,checkout,checkout-7f4ccfc547-6crwh,memory_usage,container_memory_working_set_bytes,16388096.0
1776463223.63,checkout,checkout-7f4ccfc547-ftx2n,cpu_usage,container_cpu_usage,0.0003498117372111152
1776463223.63,checkout,checkout-7f4ccfc547-ftx2n,memory_usage,container_memory_working_set_bytes,11919360.0
1776463223.63,checkout,checkout-7f4ccfc547-qlfgr,cpu_usage,container_cpu_usage,0.021395122484689954
1776463223.63,checkout,checkout-7f4ccfc547-qlfgr,memory_usage,container_memory_working_set_bytes,14807040.0
1776463223.63,checkout,checkout::service,pod_restart_count,k8s_container_restarts,45.0
1776463223.63,checkout,checkout::service,pod_running_count,k8s_container_ready,3.0
1776463223.63,email,email-5dcf48b665-66zvj,cpu_usage,container_cpu_usage,0.0008524142037459866
1776463223.63,email,email-5dcf48b665-66zvj,memory_usage,container_memory_working_set_bytes,59756544.0
1776463223.63,email,email-5dcf48b665-9xxmx,cpu_usage,container_cpu_usage,0.0014859484520229366
1776463223.63,email,email-5dcf48b665-9xxmx,memory_usage,container_memory_working_set_bytes,56336384.0
1776463223.63,email,email-5dcf48b665-n4zf2,cpu_usage,container_cpu_usage,0.004691693461950734
1776463223.63,email,email-5dcf48b665-n4zf2,memory_usage,container_memory_working_set_bytes,54628352.0
1776463223.63,email,email::service,pod_restart_count,k8s_container_restarts,9.0
1776463223.63,email,email::service,pod_running_count,k8s_container_ready,3.0
1776463223.63,email,otel-demo.email-5dcf48b665-66zvj.email,error_ratio,trace_server_error_ratio,0.0
1776463223.63,email,otel-demo.email-5dcf48b665-66zvj.email,request_count,trace_server_count,0.0
1776463223.63,email,otel-demo.email-5dcf48b665-9xxmx.email,error_ratio,trace_server_error_ratio,0.0
1776463223.63,email,otel-demo.email-5dcf48b665-9xxmx.email,request_count,trace_server_count,0.0
1776463223.63,email,otel-demo.email-5dcf48b665-n4zf2.email,error_ratio,trace_server_error_ratio,0.0
1776463223.63,email,otel-demo.email-5dcf48b665-n4zf2.email,request_count,trace_server_count,0.0
1776463223.63,frontend,frontend-b78bf7696-6bjdg,cpu_usage,container_cpu_usage,2.067944530377238
1776463223.63,frontend,frontend-b78bf7696-6bjdg,memory_usage,container_memory_working_set_bytes,131584000.0
1776463223.63,frontend,frontend-b78bf7696-77ldd,cpu_usage,container_cpu_usage,1.9410138331744191
1776463223.63,frontend,frontend-b78bf7696-77ldd,memory_usage,container_memory_working_set_bytes,112877568.0
1776463223.63,frontend,frontend-b78bf7696-p9kqx,cpu_usage,container_cpu_usage,1.5545101664557721
1776463223.63,frontend,frontend-b78bf7696-p9kqx,memory_usage,container_memory_working_set_bytes,122613760.0
1776463223.63,frontend,frontend::service,pod_restart_count,k8s_container_restarts,3.0
1776463223.63,frontend,frontend::service,pod_running_count,k8s_container_ready,3.0
1776463223.63,frontend,otel-demo.frontend-b78bf7696-6bjdg.frontend,dependency_error_ratio,trace_client_error_ratio,0.0
1776463223.63,frontend,otel-demo.frontend-b78bf7696-6bjdg.frontend,error_ratio,trace_server_error_ratio,0.0
1776463223.63,frontend,otel-demo.frontend-b78bf7696-6bjdg.frontend,http_5xx_ratio,http_server_5xx_ratio,0.0
1776463223.63,frontend,otel-demo.frontend-b78bf7696-6bjdg.frontend,request_count,trace_server_count,0.0
1776463223.63,frontend,otel-demo.frontend-b78bf7696-77ldd.frontend,dependency_error_ratio,trace_client_error_ratio,0.0
1776463223.63,frontend,otel-demo.frontend-b78bf7696-77ldd.frontend,error_ratio,trace_server_error_ratio,0.0
1776463223.63,frontend,otel-demo.frontend-b78bf7696-77ldd.frontend,http_5xx_ratio,http_server_5xx_ratio,0.0
1776463223.63,frontend,otel-demo.frontend-b78bf7696-77ldd.frontend,request_count,trace_server_count,0.0
1776463223.63,frontend,otel-demo.frontend-b78bf7696-p9kqx.frontend,dependency_error_ratio,trace_client_error_ratio,0.0
1776463223.63,frontend,otel-demo.frontend-b78bf7696-p9kqx.frontend,error_ratio,trace_server_error_ratio,0.0
1776463223.63,frontend,otel-demo.frontend-b78bf7696-p9kqx.frontend,http_5xx_ratio,http_server_5xx_ratio,0.0
1776463223.63,frontend,otel-demo.frontend-b78bf7696-p9kqx.frontend,request_count,trace_server_count,0.0
1776463223.63,kafka,kafka-66df8bdf76-zjcbb,cpu_usage,container_cpu_usage,0.012616702994148953
1776463223.63,kafka,kafka-66df8bdf76-zjcbb,memory_usage,container_memory_working_set_bytes,667123712.0
1776463223.63,kafka,kafka::service,pod_restart_count,k8s_container_restarts,9.0
1776463223.63,kafka,kafka::service,pod_running_count,k8s_container_ready,1.0
1776463223.63,kafka,kafka::service,queue_lag,queue_size_ratio,0.0
1776463223.63,payment,otel-demo.payment-f9f8d647b-74h8z.payment,dependency_error_ratio,trace_client_error_ratio,0.0
1776463223.63,payment,otel-demo.payment-f9f8d647b-74h8z.payment,error_ratio,trace_server_error_ratio,0.0
1776463223.63,payment,otel-demo.payment-f9f8d647b-74h8z.payment,request_count,trace_server_count,0.0
1776463223.63,payment,otel-demo.payment-f9f8d647b-75hmx.payment,dependency_error_ratio,trace_client_error_ratio,0.0
1776463223.63,payment,otel-demo.payment-f9f8d647b-75hmx.payment,error_ratio,trace_server_error_ratio,0.0
1776463223.63,payment,otel-demo.payment-f9f8d647b-75hmx.payment,request_count,trace_server_count,0.0
1776463223.63,payment,otel-demo.payment-f9f8d647b-tv6l5.payment,dependency_error_ratio,trace_client_error_ratio,0.0
1776463223.63,payment,otel-demo.payment-f9f8d647b-tv6l5.payment,error_ratio,trace_server_error_ratio,0.0
1776463223.63,payment,otel-demo.payment-f9f8d647b-tv6l5.payment,request_count,trace_server_count,0.0
1776463223.63,payment,payment-f9f8d647b-74h8z,cpu_usage,container_cpu_usage,0.008219117162622289
1776463223.63,payment,payment-f9f8d647b-74h8z,memory_usage,container_memory_working_set_bytes,109637632.0
1776463223.63,payment,payment-f9f8d647b-75hmx,cpu_usage,container_cpu_usage,0.00941383338563993
1776463223.63,payment,payment-f9f8d647b-75hmx,memory_usage,container_memory_working_set_bytes,109617152.0
1776463223.63,payment,payment-f9f8d647b-tv6l5,cpu_usage,container_cpu_usage,0.00853095909732
1776463223.63,payment,payment-f9f8d647b-tv6l5,memory_usage,container_memory_working_set_bytes,101187584.0
1776463223.63,payment,payment::service,pod_restart_count,k8s_container_restarts,39.0
1776463223.63,payment,payment::service,pod_running_count,k8s_container_ready,3.0
1776463223.63,product-catalog,otel-demo.product-catalog-784544475c-7crs7.product-catalog,dependency_error_ratio,trace_client_error_ratio,0.0
1776463223.63,product-catalog,otel-demo.product-catalog-784544475c-7crs7.product-catalog,error_ratio,trace_server_error_ratio,0.0
1776463223.63,product-catalog,otel-demo.product-catalog-784544475c-7crs7.product-catalog,request_count,trace_server_count,0.0
1776463223.63,product-catalog,otel-demo.product-catalog-784544475c-8skc7.product-catalog,dependency_error_ratio,trace_client_error_ratio,0.0
1776463223.63,product-catalog,otel-demo.product-catalog-784544475c-8skc7.product-catalog,error_ratio,trace_server_error_ratio,0.0
1776463223.63,product-catalog,otel-demo.product-catalog-784544475c-8skc7.product-catalog,request_count,trace_server_count,0.0
1776463223.63,product-catalog,otel-demo.product-catalog-784544475c-stwzc.product-catalog,dependency_error_ratio,trace_client_error_ratio,0.0
1776463223.63,product-catalog,otel-demo.product-catalog-784544475c-stwzc.product-catalog,error_ratio,trace_server_error_ratio,0.0
1776463223.63,product-catalog,otel-demo.product-catalog-784544475c-stwzc.product-catalog,request_count,trace_server_count,0.0
1776463223.63,product-catalog,product-catalog-784544475c-7crs7,cpu_usage,container_cpu_usage,0.18155407008086252
1776463223.63,product-catalog,product-catalog-784544475c-7crs7,memory_usage,container_memory_working_set_bytes,17145856.0
1776463223.63,product-catalog,product-catalog-784544475c-8skc7,cpu_usage,container_cpu_usage,0.002501246235330772
1776463223.63,product-catalog,product-catalog-784544475c-8skc7,memory_usage,container_memory_working_set_bytes,34422784.0
1776463223.63,product-catalog,product-catalog-784544475c-stwzc,cpu_usage,container_cpu_usage,0.01396819126344393
1776463223.63,product-catalog,product-catalog-784544475c-stwzc,memory_usage,container_memory_working_set_bytes,17309696.0
1776463223.63,product-catalog,product-catalog::service,pod_restart_count,k8s_container_restarts,37.0
1776463223.63,product-catalog,product-catalog::service,pod_running_count,k8s_container_ready,3.0
1776463223.63,recommendation,otel-demo.recommendation-5b46f7469c-g2rgb.recommendation,dependency_error_ratio,trace_client_error_ratio,0.0
1776463223.63,recommendation,otel-demo.recommendation-5b46f7469c-rjwxq.recommendation,dependency_error_ratio,trace_client_error_ratio,0.0
1776463223.63,recommendation,otel-demo.recommendation-5b46f7469c-rjwxq.recommendation,error_ratio,trace_server_error_ratio,0.0
1776463223.63,recommendation,otel-demo.recommendation-5b46f7469c-rjwxq.recommendation,request_count,trace_server_count,0.0
1776463223.63,recommendation,otel-demo.recommendation-5b46f7469c-t2fm9.recommendation,dependency_error_ratio,trace_client_error_ratio,0.0
1776463223.63,recommendation,otel-demo.recommendation-5b46f7469c-t2fm9.recommendation,error_ratio,trace_server_error_ratio,0.0
1776463223.63,recommendation,otel-demo.recommendation-5b46f7469c-t2fm9.recommendation,request_count,trace_server_count,0.0
1776463223.63,recommendation,recommendation-5b46f7469c-g2rgb,cpu_usage,container_cpu_usage,0.01437591052378464
1776463223.63,recommendation,recommendation-5b46f7469c-g2rgb,memory_usage,container_memory_working_set_bytes,46891008.0
1776463223.63,recommendation,recommendation-5b46f7469c-rjwxq,cpu_usage,container_cpu_usage,0.03263824140071166
1776463223.63,recommendation,recommendation-5b46f7469c-rjwxq,memory_usage,container_memory_working_set_bytes,47919104.0
1776463223.63,recommendation,recommendation-5b46f7469c-t2fm9,cpu_usage,container_cpu_usage,0.053028665062641485
1776463223.63,recommendation,recommendation-5b46f7469c-t2fm9,memory_usage,container_memory_working_set_bytes,52621312.0
1776463223.63,recommendation,recommendation::service,pod_restart_count,k8s_container_restarts,3.0
1776463223.63,recommendation,recommendation::service,pod_running_count,k8s_container_ready,3.0
1776463233.63,ad,3a8b9295-6ae2-4e8a-b9b0-a607d7fec0a4,dependency_error_ratio,trace_client_error_ratio,0.0
1776463233.63,ad,3a8b9295-6ae2-4e8a-b9b0-a607d7fec0a4,error_ratio,trace_server_error_ratio,0.0
1776463233.63,ad,3a8b9295-6ae2-4e8a-b9b0-a607d7fec0a4,request_count,trace_server_count,0.0
1776463233.63,ad,5680c7ee-584c-4353-b6d2-93bc605a0324,dependency_error_ratio,trace_client_error_ratio,0.0
1776463233.63,ad,5680c7ee-584c-4353-b6d2-93bc605a0324,error_ratio,trace_server_error_ratio,0.0
1776463233.63,ad,5680c7ee-584c-4353-b6d2-93bc605a0324,request_count,trace_server_count,0.0
1776463233.63,ad,9f9a3c1c-bd3f-40ea-8764-b59f1ebd2204,dependency_error_ratio,trace_client_error_ratio,0.0
1776463233.63,ad,ad-7fb5b4f859-52ks9,cpu_usage,container_cpu_usage,0.002541225589231195
1776463233.63,ad,ad-7fb5b4f859-52ks9,memory_usage,container_memory_working_set_bytes,260476928.0
1776463233.63,ad,ad-7fb5b4f859-rd4zw,cpu_usage,container_cpu_usage,0.0014289095566985622
1776463233.63,ad,ad-7fb5b4f859-rd4zw,memory_usage,container_memory_working_set_bytes,238444544.0
1776463233.63,ad,ad-7fb5b4f859-zsstr,cpu_usage,container_cpu_usage,0.0029485016178384324
1776463233.63,ad,ad-7fb5b4f859-zsstr,memory_usage,container_memory_working_set_bytes,261816320.0
1776463233.63,ad,ad::service,pod_restart_count,k8s_container_restarts,3.0
1776463233.63,ad,ad::service,pod_running_count,k8s_container_ready,3.0
1776463233.63,cart,cart-7c7496d7f-th7mc,cpu_usage,container_cpu_usage,0.033332690259431676
1776463233.63,cart,cart-7c7496d7f-th7mc,memory_usage,container_memory_working_set_bytes,63119360.0
1776463233.63,cart,cart::service,pod_restart_count,k8s_container_restarts,1.0
1776463233.63,cart,cart::service,pod_running_count,k8s_container_ready,1.0
1776463233.63,cart,f1f3afac-3031-4c18-925a-048232421d89,dependency_error_ratio,trace_client_error_ratio,0.0
1776463233.63,cart,f1f3afac-3031-4c18-925a-048232421d89,error_ratio,trace_server_error_ratio,0.0
1776463233.63,cart,f1f3afac-3031-4c18-925a-048232421d89,request_count,trace_server_count,0.0
1776463233.63,checkout,4755bdbd-5ad9-49fa-acb7-3a7dcb6a9277,dependency_error_ratio,trace_client_error_ratio,0.0
1776463233.63,checkout,4755bdbd-5ad9-49fa-acb7-3a7dcb6a9277,error_ratio,trace_server_error_ratio,0.0
1776463233.63,checkout,4755bdbd-5ad9-49fa-acb7-3a7dcb6a9277,request_count,trace_server_count,0.0
1776463233.63,checkout,bb49e6b9-109a-41b8-be66-ab2a38272474,dependency_error_ratio,trace_client_error_ratio,0.0
1776463233.63,checkout,bb49e6b9-109a-41b8-be66-ab2a38272474,error_ratio,trace_server_error_ratio,0.0
1776463233.63,checkout,bb49e6b9-109a-41b8-be66-ab2a38272474,request_count,trace_server_count,0.0
1776463233.63,checkout,bc5804df-6f63-4261-8788-8ecfe5481366,dependency_error_ratio,trace_client_error_ratio,0.0
1776463233.63,checkout,bc5804df-6f63-4261-8788-8ecfe5481366,error_ratio,trace_server_error_ratio,0.0
1776463233.63,checkout,bc5804df-6f63-4261-8788-8ecfe5481366,request_count,trace_server_count,0.0
1776463233.63,checkout,checkout-7f4ccfc547-6crwh,cpu_usage,container_cpu_usage,0.07377697802397994
1776463233.63,checkout,checkout-7f4ccfc547-6crwh,memory_usage,container_memory_working_set_bytes,15986688.0
1776463233.63,checkout,checkout-7f4ccfc547-ftx2n,cpu_usage,container_cpu_usage,0.0004921779080359692
1776463233.63,checkout,checkout-7f4ccfc547-ftx2n,memory_usage,container_memory_working_set_bytes,11853824.0
1776463233.63,checkout,checkout-7f4ccfc547-qlfgr,cpu_usage,container_cpu_usage,0.03293543233588881
1776463233.63,checkout,checkout-7f4ccfc547-qlfgr,memory_usage,container_memory_working_set_bytes,15171584.0
1776463233.63,checkout,checkout::service,pod_restart_count,k8s_container_restarts,45.0
1776463233.63,checkout,checkout::service,pod_running_count,k8s_container_ready,3.0
1776463233.63,email,email-5dcf48b665-66zvj,cpu_usage,container_cpu_usage,0.0007269667333623076
1776463233.63,email,email-5dcf48b665-66zvj,memory_usage,container_memory_working_set_bytes,59756544.0
1776463233.63,email,email-5dcf48b665-9xxmx,cpu_usage,container_cpu_usage,0.0031214793044331405
1776463233.63,email,email-5dcf48b665-9xxmx,memory_usage,container_memory_working_set_bytes,56365056.0
1776463233.63,email,email-5dcf48b665-n4zf2,cpu_usage,container_cpu_usage,0.006094579431626055
1776463233.63,email,email-5dcf48b665-n4zf2,memory_usage,container_memory_working_set_bytes,54624256.0
1776463233.63,email,email::service,pod_restart_count,k8s_container_restarts,9.0
1776463233.63,email,email::service,pod_running_count,k8s_container_ready,3.0
1776463233.63,email,otel-demo.email-5dcf48b665-66zvj.email,error_ratio,trace_server_error_ratio,0.0
1776463233.63,email,otel-demo.email-5dcf48b665-66zvj.email,request_count,trace_server_count,0.0
1776463233.63,email,otel-demo.email-5dcf48b665-9xxmx.email,error_ratio,trace_server_error_ratio,0.0
1776463233.63,email,otel-demo.email-5dcf48b665-9xxmx.email,request_count,trace_server_count,0.0
1776463233.63,email,otel-demo.email-5dcf48b665-n4zf2.email,error_ratio,trace_server_error_ratio,0.0
1776463233.63,email,otel-demo.email-5dcf48b665-n4zf2.email,request_count,trace_server_count,0.0
1776463233.63,frontend,frontend-b78bf7696-6bjdg,cpu_usage,container_cpu_usage,2.067944530377238
1776463233.63,frontend,frontend-b78bf7696-6bjdg,memory_usage,container_memory_working_set_bytes,131584000.0
1776463233.63,frontend,frontend-b78bf7696-77ldd,cpu_usage,container_cpu_usage,2.0038930652266385
1776463233.63,frontend,frontend-b78bf7696-77ldd,memory_usage,container_memory_working_set_bytes,112877568.0
1776463233.63,frontend,frontend-b78bf7696-p9kqx,cpu_usage,container_cpu_usage,2.132461553642359
1776463233.63,frontend,frontend-b78bf7696-p9kqx,memory_usage,container_memory_working_set_bytes,122515456.0
1776463233.63,frontend,frontend::service,pod_restart_count,k8s_container_restarts,3.0
1776463233.63,frontend,frontend::service,pod_running_count,k8s_container_ready,3.0
1776463233.63,frontend,otel-demo.frontend-b78bf7696-6bjdg.frontend,dependency_error_ratio,trace_client_error_ratio,0.0
1776463233.63,frontend,otel-demo.frontend-b78bf7696-6bjdg.frontend,error_ratio,trace_server_error_ratio,0.0
1776463233.63,frontend,otel-demo.frontend-b78bf7696-6bjdg.frontend,http_5xx_ratio,http_server_5xx_ratio,0.0
1776463233.63,frontend,otel-demo.frontend-b78bf7696-6bjdg.frontend,request_count,trace_server_count,0.0
1776463233.63,frontend,otel-demo.frontend-b78bf7696-77ldd.frontend,dependency_error_ratio,trace_client_error_ratio,0.0
1776463233.63,frontend,otel-demo.frontend-b78bf7696-77ldd.frontend,error_ratio,trace_server_error_ratio,0.0
1776463233.63,frontend,otel-demo.frontend-b78bf7696-77ldd.frontend,http_5xx_ratio,http_server_5xx_ratio,0.0
1776463233.63,frontend,otel-demo.frontend-b78bf7696-77ldd.frontend,request_count,trace_server_count,0.0
1776463233.63,frontend,otel-demo.frontend-b78bf7696-p9kqx.frontend,dependency_error_ratio,trace_client_error_ratio,0.0
1776463233.63,frontend,otel-demo.frontend-b78bf7696-p9kqx.frontend,error_ratio,trace_server_error_ratio,0.0
1776463233.63,frontend,otel-demo.frontend-b78bf7696-p9kqx.frontend,http_5xx_ratio,http_server_5xx_ratio,0.0
1776463233.63,frontend,otel-demo.frontend-b78bf7696-p9kqx.frontend,request_count,trace_server_count,0.0
1776463233.63,kafka,kafka-66df8bdf76-zjcbb,cpu_usage,container_cpu_usage,0.014550299977476443
1776463233.63,kafka,kafka-66df8bdf76-zjcbb,memory_usage,container_memory_working_set_bytes,667160576.0
1776463233.63,kafka,kafka::service,pod_restart_count,k8s_container_restarts,9.0
1776463233.63,kafka,kafka::service,pod_running_count,k8s_container_ready,1.0
1776463233.63,kafka,kafka::service,queue_lag,queue_size_ratio,0.0
1776463233.63,payment,otel-demo.payment-f9f8d647b-74h8z.payment,dependency_error_ratio,trace_client_error_ratio,0.0
1776463233.63,payment,otel-demo.payment-f9f8d647b-74h8z.payment,error_ratio,trace_server_error_ratio,0.0
1776463233.63,payment,otel-demo.payment-f9f8d647b-74h8z.payment,request_count,trace_server_count,0.0
1776463233.63,payment,otel-demo.payment-f9f8d647b-75hmx.payment,dependency_error_ratio,trace_client_error_ratio,0.0
1776463233.63,payment,otel-demo.payment-f9f8d647b-75hmx.payment,error_ratio,trace_server_error_ratio,0.0
1776463233.63,payment,otel-demo.payment-f9f8d647b-75hmx.payment,request_count,trace_server_count,0.0
1776463233.63,payment,otel-demo.payment-f9f8d647b-tv6l5.payment,dependency_error_ratio,trace_client_error_ratio,0.0
1776463233.63,payment,otel-demo.payment-f9f8d647b-tv6l5.payment,error_ratio,trace_server_error_ratio,0.0
1776463233.63,payment,otel-demo.payment-f9f8d647b-tv6l5.payment,request_count,trace_server_count,0.0
1776463233.63,payment,payment-f9f8d647b-74h8z,cpu_usage,container_cpu_usage,0.009305339823863897
1776463233.63,payment,payment-f9f8d647b-74h8z,memory_usage,container_memory_working_set_bytes,109637632.0
1776463233.63,payment,payment-f9f8d647b-75hmx,cpu_usage,container_cpu_usage,0.009819729054320124
1776463233.63,payment,payment-f9f8d647b-75hmx,memory_usage,container_memory_working_set_bytes,109617152.0
1776463233.63,payment,payment-f9f8d647b-tv6l5,cpu_usage,container_cpu_usage,0.008089967982924127
1776463233.63,payment,payment-f9f8d647b-tv6l5,memory_usage,container_memory_working_set_bytes,101187584.0
1776463233.63,payment,payment::service,pod_restart_count,k8s_container_restarts,39.0
1776463233.63,payment,payment::service,pod_running_count,k8s_container_ready,3.0
1776463233.63,product-catalog,otel-demo.product-catalog-784544475c-7crs7.product-catalog,dependency_error_ratio,trace_client_error_ratio,0.0
1776463233.63,product-catalog,otel-demo.product-catalog-784544475c-7crs7.product-catalog,error_ratio,trace_server_error_ratio,0.0
1776463233.63,product-catalog,otel-demo.product-catalog-784544475c-7crs7.product-catalog,request_count,trace_server_count,0.0
1776463233.63,product-catalog,otel-demo.product-catalog-784544475c-8skc7.product-catalog,dependency_error_ratio,trace_client_error_ratio,0.0
1776463233.63,product-catalog,otel-demo.product-catalog-784544475c-8skc7.product-catalog,error_ratio,trace_server_error_ratio,0.0
1776463233.63,product-catalog,otel-demo.product-catalog-784544475c-8skc7.product-catalog,request_count,trace_server_count,0.0
1776463233.63,product-catalog,otel-demo.product-catalog-784544475c-stwzc.product-catalog,dependency_error_ratio,trace_client_error_ratio,0.0
1776463233.63,product-catalog,otel-demo.product-catalog-784544475c-stwzc.product-catalog,error_ratio,trace_server_error_ratio,0.0
1776463233.63,product-catalog,otel-demo.product-catalog-784544475c-stwzc.product-catalog,request_count,trace_server_count,0.0
1776463233.63,product-catalog,product-catalog-784544475c-7crs7,cpu_usage,container_cpu_usage,0.18155407008086252
1776463233.63,product-catalog,product-catalog-784544475c-7crs7,memory_usage,container_memory_working_set_bytes,17145856.0
1776463233.63,product-catalog,product-catalog-784544475c-8skc7,cpu_usage,container_cpu_usage,0.0016580761294007684
1776463233.63,product-catalog,product-catalog-784544475c-8skc7,memory_usage,container_memory_working_set_bytes,34422784.0
1776463233.63,product-catalog,product-catalog-784544475c-stwzc,cpu_usage,container_cpu_usage,0.01918575681439098
1776463233.63,product-catalog,product-catalog-784544475c-stwzc,memory_usage,container_memory_working_set_bytes,16314368.0
1776463233.63,product-catalog,product-catalog::service,pod_restart_count,k8s_container_restarts,37.0
1776463233.63,product-catalog,product-catalog::service,pod_running_count,k8s_container_ready,3.0
1776463233.63,recommendation,otel-demo.recommendation-5b46f7469c-g2rgb.recommendation,dependency_error_ratio,trace_client_error_ratio,0.0
1776463233.63,recommendation,otel-demo.recommendation-5b46f7469c-rjwxq.recommendation,dependency_error_ratio,trace_client_error_ratio,0.0
1776463233.63,recommendation,otel-demo.recommendation-5b46f7469c-rjwxq.recommendation,error_ratio,trace_server_error_ratio,0.0
1776463233.63,recommendation,otel-demo.recommendation-5b46f7469c-rjwxq.recommendation,request_count,trace_server_count,0.0
1776463233.63,recommendation,otel-demo.recommendation-5b46f7469c-t2fm9.recommendation,dependency_error_ratio,trace_client_error_ratio,0.0
1776463233.63,recommendation,otel-demo.recommendation-5b46f7469c-t2fm9.recommendation,error_ratio,trace_server_error_ratio,0.0
1776463233.63,recommendation,otel-demo.recommendation-5b46f7469c-t2fm9.recommendation,request_count,trace_server_count,0.0
1776463233.63,recommendation,recommendation-5b46f7469c-g2rgb,cpu_usage,container_cpu_usage,0.01752288192821157
1776463233.63,recommendation,recommendation-5b46f7469c-g2rgb,memory_usage,container_memory_working_set_bytes,46891008.0
1776463233.63,recommendation,recommendation-5b46f7469c-rjwxq,cpu_usage,container_cpu_usage,0.03263824140071166
1776463233.63,recommendation,recommendation-5b46f7469c-rjwxq,memory_usage,container_memory_working_set_bytes,47919104.0
1776463233.63,recommendation,recommendation-5b46f7469c-t2fm9,cpu_usage,container_cpu_usage,0.05897393686266616
1776463233.63,recommendation,recommendation-5b46f7469c-t2fm9,memory_usage,container_memory_working_set_bytes,52621312.0
1776463233.63,recommendation,recommendation::service,pod_restart_count,k8s_container_restarts,3.0
1776463233.63,recommendation,recommendation::service,pod_running_count,k8s_container_ready,3.0
1776463243.63,ad,3a8b9295-6ae2-4e8a-b9b0-a607d7fec0a4,dependency_error_ratio,trace_client_error_ratio,0.0
1776463243.63,ad,3a8b9295-6ae2-4e8a-b9b0-a607d7fec0a4,error_ratio,trace_server_error_ratio,0.0
1776463243.63,ad,3a8b9295-6ae2-4e8a-b9b0-a607d7fec0a4,request_count,trace_server_count,0.0
1776463243.63,ad,5680c7ee-584c-4353-b6d2-93bc605a0324,dependency_error_ratio,trace_client_error_ratio,0.0
1776463243.63,ad,5680c7ee-584c-4353-b6d2-93bc605a0324,error_ratio,trace_server_error_ratio,0.0
1776463243.63,ad,5680c7ee-584c-4353-b6d2-93bc605a0324,request_count,trace_server_count,0.0
1776463243.63,ad,9f9a3c1c-bd3f-40ea-8764-b59f1ebd2204,dependency_error_ratio,trace_client_error_ratio,0.0
1776463243.63,ad,ad-7fb5b4f859-52ks9,cpu_usage,container_cpu_usage,0.0023756546579970414
1776463243.63,ad,ad-7fb5b4f859-52ks9,memory_usage,container_memory_working_set_bytes,260476928.0
1776463243.63,ad,ad-7fb5b4f859-rd4zw,cpu_usage,container_cpu_usage,0.00137218004918592
1776463243.63,ad,ad-7fb5b4f859-rd4zw,memory_usage,container_memory_working_set_bytes,238444544.0
1776463243.63,ad,ad-7fb5b4f859-zsstr,cpu_usage,container_cpu_usage,0.002824444486758758
1776463243.63,ad,ad-7fb5b4f859-zsstr,memory_usage,container_memory_working_set_bytes,261816320.0
1776463243.63,ad,ad::service,pod_restart_count,k8s_container_restarts,3.0
1776463243.63,ad,ad::service,pod_running_count,k8s_container_ready,3.0
1776463243.63,cart,cart-7c7496d7f-th7mc,cpu_usage,container_cpu_usage,0.038592258878084026
1776463243.63,cart,cart-7c7496d7f-th7mc,memory_usage,container_memory_working_set_bytes,63266816.0
1776463243.63,cart,cart::service,pod_restart_count,k8s_container_restarts,1.0
1776463243.63,cart,cart::service,pod_running_count,k8s_container_ready,1.0
1776463243.63,cart,f1f3afac-3031-4c18-925a-048232421d89,dependency_error_ratio,trace_client_error_ratio,0.0
1776463243.63,cart,f1f3afac-3031-4c18-925a-048232421d89,error_ratio,trace_server_error_ratio,0.0
1776463243.63,cart,f1f3afac-3031-4c18-925a-048232421d89,request_count,trace_server_count,0.0
1776463243.63,checkout,4755bdbd-5ad9-49fa-acb7-3a7dcb6a9277,dependency_error_ratio,trace_client_error_ratio,0.0
1776463243.63,checkout,4755bdbd-5ad9-49fa-acb7-3a7dcb6a9277,error_ratio,trace_server_error_ratio,0.0
1776463243.63,checkout,4755bdbd-5ad9-49fa-acb7-3a7dcb6a9277,request_count,trace_server_count,0.0
1776463243.63,checkout,bb49e6b9-109a-41b8-be66-ab2a38272474,dependency_error_ratio,trace_client_error_ratio,0.0
1776463243.63,checkout,bb49e6b9-109a-41b8-be66-ab2a38272474,error_ratio,trace_server_error_ratio,0.0
1776463243.63,checkout,bb49e6b9-109a-41b8-be66-ab2a38272474,request_count,trace_server_count,0.0
1776463243.63,checkout,bc5804df-6f63-4261-8788-8ecfe5481366,dependency_error_ratio,trace_client_error_ratio,0.0
1776463243.63,checkout,bc5804df-6f63-4261-8788-8ecfe5481366,error_ratio,trace_server_error_ratio,0.0
1776463243.63,checkout,bc5804df-6f63-4261-8788-8ecfe5481366,request_count,trace_server_count,0.0
1776463243.63,checkout,checkout-7f4ccfc547-6crwh,cpu_usage,container_cpu_usage,0.08495736425364886
1776463243.63,checkout,checkout-7f4ccfc547-6crwh,memory_usage,container_memory_working_set_bytes,15986688.0
1776463243.63,checkout,checkout-7f4ccfc547-ftx2n,cpu_usage,container_cpu_usage,0.0005331230283911575
1776463243.63,checkout,checkout-7f4ccfc547-ftx2n,memory_usage,container_memory_working_set_bytes,11853824.0
1776463243.63,checkout,checkout-7f4ccfc547-qlfgr,cpu_usage,container_cpu_usage,0.04058427519357868
1776463243.63,checkout,checkout-7f4ccfc547-qlfgr,memory_usage,container_memory_working_set_bytes,14958592.0
1776463243.63,checkout,checkout::service,pod_restart_count,k8s_container_restarts,45.0
1776463243.63,checkout,checkout::service,pod_running_count,k8s_container_ready,3.0
1776463243.63,email,email-5dcf48b665-66zvj,cpu_usage,container_cpu_usage,0.0005370471367362587
1776463243.63,email,email-5dcf48b665-66zvj,memory_usage,container_memory_working_set_bytes,59756544.0
1776463243.63,email,email-5dcf48b665-9xxmx,cpu_usage,container_cpu_usage,0.004578387082344615
1776463243.63,email,email-5dcf48b665-9xxmx,memory_usage,container_memory_working_set_bytes,56557568.0
1776463243.63,email,email-5dcf48b665-n4zf2,cpu_usage,container_cpu_usage,0.008401994148904612
1776463243.63,email,email-5dcf48b665-n4zf2,memory_usage,container_memory_working_set_bytes,54624256.0
1776463243.63,email,email::service,pod_restart_count,k8s_container_restarts,9.0
1776463243.63,email,email::service,pod_running_count,k8s_container_ready,3.0
1776463243.63,email,otel-demo.email-5dcf48b665-66zvj.email,error_ratio,trace_server_error_ratio,0.0
1776463243.63,email,otel-demo.email-5dcf48b665-66zvj.email,request_count,trace_server_count,0.0
1776463243.63,email,otel-demo.email-5dcf48b665-9xxmx.email,error_ratio,trace_server_error_ratio,0.0
1776463243.63,email,otel-demo.email-5dcf48b665-9xxmx.email,request_count,trace_server_count,0.0
1776463243.63,email,otel-demo.email-5dcf48b665-n4zf2.email,error_ratio,trace_server_error_ratio,0.0
1776463243.63,email,otel-demo.email-5dcf48b665-n4zf2.email,request_count,trace_server_count,0.0
1776463243.63,frontend,frontend-b78bf7696-6bjdg,cpu_usage,container_cpu_usage,2.116826250848753
1776463243.63,frontend,frontend-b78bf7696-6bjdg,memory_usage,container_memory_working_set_bytes,128417792.0
1776463243.63,frontend,frontend-b78bf7696-77ldd,cpu_usage,container_cpu_usage,2.068923469608485
1776463243.63,frontend,frontend-b78bf7696-77ldd,memory_usage,container_memory_working_set_bytes,113704960.0
1776463243.63,frontend,frontend-b78bf7696-p9kqx,cpu_usage,container_cpu_usage,2.1170660454028285
1776463243.63,frontend,frontend-b78bf7696-p9kqx,memory_usage,container_memory_working_set_bytes,121458688.0
1776463243.63,frontend,frontend::service,pod_restart_count,k8s_container_restarts,3.0
1776463243.63,frontend,frontend::service,pod_running_count,k8s_container_ready,3.0
1776463243.63,frontend,otel-demo.frontend-b78bf7696-6bjdg.frontend,dependency_error_ratio,trace_client_error_ratio,0.0
1776463243.63,frontend,otel-demo.frontend-b78bf7696-6bjdg.frontend,error_ratio,trace_server_error_ratio,0.0
1776463243.63,frontend,otel-demo.frontend-b78bf7696-6bjdg.frontend,http_5xx_ratio,http_server_5xx_ratio,0.0
1776463243.63,frontend,otel-demo.frontend-b78bf7696-6bjdg.frontend,request_count,trace_server_count,0.0
1776463243.63,frontend,otel-demo.frontend-b78bf7696-77ldd.frontend,dependency_error_ratio,trace_client_error_ratio,0.0
1776463243.63,frontend,otel-demo.frontend-b78bf7696-77ldd.frontend,error_ratio,trace_server_error_ratio,0.0
1776463243.63,frontend,otel-demo.frontend-b78bf7696-77ldd.frontend,http_5xx_ratio,http_server_5xx_ratio,0.0
1776463243.63,frontend,otel-demo.frontend-b78bf7696-77ldd.frontend,request_count,trace_server_count,0.0
1776463243.63,frontend,otel-demo.frontend-b78bf7696-p9kqx.frontend,dependency_error_ratio,trace_client_error_ratio,0.0
1776463243.63,frontend,otel-demo.frontend-b78bf7696-p9kqx.frontend,error_ratio,trace_server_error_ratio,0.0
1776463243.63,frontend,otel-demo.frontend-b78bf7696-p9kqx.frontend,http_5xx_ratio,http_server_5xx_ratio,0.0
1776463243.63,frontend,otel-demo.frontend-b78bf7696-p9kqx.frontend,request_count,trace_server_count,0.0
1776463243.63,kafka,kafka-66df8bdf76-zjcbb,cpu_usage,container_cpu_usage,0.014725203360152391
1776463243.63,kafka,kafka-66df8bdf76-zjcbb,memory_usage,container_memory_working_set_bytes,667205632.0
1776463243.63,kafka,kafka::service,pod_restart_count,k8s_container_restarts,9.0
1776463243.63,kafka,kafka::service,pod_running_count,k8s_container_ready,1.0
1776463243.63,kafka,kafka::service,queue_lag,queue_size_ratio,0.0
1776463243.63,payment,otel-demo.payment-f9f8d647b-74h8z.payment,dependency_error_ratio,trace_client_error_ratio,0.0
1776463243.63,payment,otel-demo.payment-f9f8d647b-74h8z.payment,error_ratio,trace_server_error_ratio,0.0
1776463243.63,payment,otel-demo.payment-f9f8d647b-74h8z.payment,request_count,trace_server_count,0.0
1776463243.63,payment,otel-demo.payment-f9f8d647b-75hmx.payment,dependency_error_ratio,trace_client_error_ratio,0.0
1776463243.63,payment,otel-demo.payment-f9f8d647b-75hmx.payment,error_ratio,trace_server_error_ratio,0.0
1776463243.63,payment,otel-demo.payment-f9f8d647b-75hmx.payment,request_count,trace_server_count,0.0
1776463243.63,payment,otel-demo.payment-f9f8d647b-tv6l5.payment,dependency_error_ratio,trace_client_error_ratio,0.0
1776463243.63,payment,otel-demo.payment-f9f8d647b-tv6l5.payment,error_ratio,trace_server_error_ratio,0.0
1776463243.63,payment,otel-demo.payment-f9f8d647b-tv6l5.payment,request_count,trace_server_count,0.0
1776463243.63,payment,payment-f9f8d647b-74h8z,cpu_usage,container_cpu_usage,0.009474219174026759
1776463243.63,payment,payment-f9f8d647b-74h8z,memory_usage,container_memory_working_set_bytes,109637632.0
1776463243.63,payment,payment-f9f8d647b-75hmx,cpu_usage,container_cpu_usage,0.01019403157935361
1776463243.63,payment,payment-f9f8d647b-75hmx,memory_usage,container_memory_working_set_bytes,109613056.0
1776463243.63,payment,payment-f9f8d647b-tv6l5,cpu_usage,container_cpu_usage,0.008131735203954918
1776463243.63,payment,payment-f9f8d647b-tv6l5,memory_usage,container_memory_working_set_bytes,101187584.0
1776463243.63,payment,payment::service,pod_restart_count,k8s_container_restarts,39.0
1776463243.63,payment,payment::service,pod_running_count,k8s_container_ready,3.0
1776463243.63,product-catalog,otel-demo.product-catalog-784544475c-7crs7.product-catalog,dependency_error_ratio,trace_client_error_ratio,0.0
1776463243.63,product-catalog,otel-demo.product-catalog-784544475c-7crs7.product-catalog,error_ratio,trace_server_error_ratio,0.0
1776463243.63,product-catalog,otel-demo.product-catalog-784544475c-7crs7.product-catalog,request_count,trace_server_count,0.0
1776463243.63,product-catalog,otel-demo.product-catalog-784544475c-8skc7.product-catalog,dependency_error_ratio,trace_client_error_ratio,0.0
1776463243.63,product-catalog,otel-demo.product-catalog-784544475c-8skc7.product-catalog,error_ratio,trace_server_error_ratio,0.0
1776463243.63,product-catalog,otel-demo.product-catalog-784544475c-8skc7.product-catalog,request_count,trace_server_count,0.0
1776463243.63,product-catalog,otel-demo.product-catalog-784544475c-stwzc.product-catalog,dependency_error_ratio,trace_client_error_ratio,0.0
1776463243.63,product-catalog,otel-demo.product-catalog-784544475c-stwzc.product-catalog,error_ratio,trace_server_error_ratio,0.0
1776463243.63,product-catalog,otel-demo.product-catalog-784544475c-stwzc.product-catalog,request_count,trace_server_count,0.0
1776463243.63,product-catalog,product-catalog-784544475c-7crs7,cpu_usage,container_cpu_usage,0.23479745498317217
1776463243.63,product-catalog,product-catalog-784544475c-7crs7,memory_usage,container_memory_working_set_bytes,16146432.0
1776463243.63,product-catalog,product-catalog-784544475c-8skc7,cpu_usage,container_cpu_usage,0.0025313791263028443
1776463243.63,product-catalog,product-catalog-784544475c-8skc7,memory_usage,container_memory_working_set_bytes,42356736.0
1776463243.63,product-catalog,product-catalog-784544475c-stwzc,cpu_usage,container_cpu_usage,0.021441587618572143
1776463243.63,product-catalog,product-catalog-784544475c-stwzc,memory_usage,container_memory_working_set_bytes,16314368.0
1776463243.63,product-catalog,product-catalog::service,pod_restart_count,k8s_container_restarts,37.0
1776463243.63,product-catalog,product-catalog::service,pod_running_count,k8s_container_ready,3.0
1776463243.63,recommendation,otel-demo.recommendation-5b46f7469c-g2rgb.recommendation,dependency_error_ratio,trace_client_error_ratio,0.0
1776463243.63,recommendation,otel-demo.recommendation-5b46f7469c-rjwxq.recommendation,dependency_error_ratio,trace_client_error_ratio,0.0
1776463243.63,recommendation,otel-demo.recommendation-5b46f7469c-rjwxq.recommendation,error_ratio,trace_server_error_ratio,0.0
1776463243.63,recommendation,otel-demo.recommendation-5b46f7469c-rjwxq.recommendation,request_count,trace_server_count,0.0
1776463243.63,recommendation,otel-demo.recommendation-5b46f7469c-t2fm9.recommendation,dependency_error_ratio,trace_client_error_ratio,0.0
1776463243.63,recommendation,otel-demo.recommendation-5b46f7469c-t2fm9.recommendation,error_ratio,trace_server_error_ratio,0.0
1776463243.63,recommendation,otel-demo.recommendation-5b46f7469c-t2fm9.recommendation,request_count,trace_server_count,0.0
1776463243.63,recommendation,recommendation-5b46f7469c-g2rgb,cpu_usage,container_cpu_usage,0.004910933333333863
1776463243.63,recommendation,recommendation-5b46f7469c-g2rgb,memory_usage,container_memory_working_set_bytes,46891008.0
1776463243.63,recommendation,recommendation-5b46f7469c-rjwxq,cpu_usage,container_cpu_usage,0.03791851868497326
1776463243.63,recommendation,recommendation-5b46f7469c-rjwxq,memory_usage,container_memory_working_set_bytes,47992832.0
1776463243.63,recommendation,recommendation-5b46f7469c-t2fm9,cpu_usage,container_cpu_usage,0.05166154538905089
1776463243.63,recommendation,recommendation-5b46f7469c-t2fm9,memory_usage,container_memory_working_set_bytes,52674560.0
1776463243.63,recommendation,recommendation::service,pod_restart_count,k8s_container_restarts,3.0
1776463243.63,recommendation,recommendation::service,pod_running_count,k8s_container_ready,3.0
1776463253.63,ad,ad-7fb5b4f859-52ks9,cpu_usage,container_cpu_usage,0.00256395460666066
1776463253.63,ad,ad-7fb5b4f859-52ks9,memory_usage,container_memory_working_set_bytes,260476928.0
1776463253.63,ad,ad-7fb5b4f859-rd4zw,cpu_usage,container_cpu_usage,0.001504679444072278
1776463253.63,ad,ad-7fb5b4f859-rd4zw,memory_usage,container_memory_working_set_bytes,238444544.0
1776463253.63,ad,ad-7fb5b4f859-zsstr,cpu_usage,container_cpu_usage,0.0029251755158651257
1776463253.63,ad,ad-7fb5b4f859-zsstr,memory_usage,container_memory_working_set_bytes,261816320.0
1776463253.63,ad,ad::service,pod_restart_count,k8s_container_restarts,3.0
1776463253.63,ad,ad::service,pod_running_count,k8s_container_ready,3.0
1776463253.63,cart,cart-7c7496d7f-th7mc,cpu_usage,container_cpu_usage,0.038592258878084026
1776463253.63,cart,cart-7c7496d7f-th7mc,memory_usage,container_memory_working_set_bytes,63266816.0
1776463253.63,cart,cart::service,pod_restart_count,k8s_container_restarts,1.0
1776463253.63,cart,cart::service,pod_running_count,k8s_container_ready,1.0
1776463253.63,checkout,checkout-7f4ccfc547-6crwh,cpu_usage,container_cpu_usage,0.10164007612833066
1776463253.63,checkout,checkout-7f4ccfc547-6crwh,memory_usage,container_memory_working_set_bytes,16433152.0
1776463253.63,checkout,checkout-7f4ccfc547-ftx2n,cpu_usage,container_cpu_usage,0.0007956301625366459
1776463253.63,checkout,checkout-7f4ccfc547-ftx2n,memory_usage,container_memory_working_set_bytes,12312576.0
1776463253.63,checkout,checkout-7f4ccfc547-qlfgr,cpu_usage,container_cpu_usage,0.04832752333271536
1776463253.63,checkout,checkout-7f4ccfc547-qlfgr,memory_usage,container_memory_working_set_bytes,14958592.0
1776463253.63,checkout,checkout::service,pod_restart_count,k8s_container_restarts,45.0
1776463253.63,checkout,checkout::service,pod_running_count,k8s_container_ready,3.0
1776463253.63,email,email-5dcf48b665-66zvj,cpu_usage,container_cpu_usage,0.000304364417988969
1776463253.63,email,email-5dcf48b665-66zvj,memory_usage,container_memory_working_set_bytes,59756544.0
1776463253.63,email,email-5dcf48b665-9xxmx,cpu_usage,container_cpu_usage,0.004578387082344615
1776463253.63,email,email-5dcf48b665-9xxmx,memory_usage,container_memory_working_set_bytes,56557568.0
1776463253.63,email,email-5dcf48b665-n4zf2,cpu_usage,container_cpu_usage,0.006551104854518832
1776463253.63,email,email-5dcf48b665-n4zf2,memory_usage,container_memory_working_set_bytes,54624256.0
1776463253.63,email,email::service,pod_restart_count,k8s_container_restarts,9.0
1776463253.63,email,email::service,pod_running_count,k8s_container_ready,3.0
1776463253.63,frontend,frontend-b78bf7696-6bjdg,cpu_usage,container_cpu_usage,1.894024336980982
1776463253.63,frontend,frontend-b78bf7696-6bjdg,memory_usage,container_memory_working_set_bytes,128348160.0
1776463253.63,frontend,frontend-b78bf7696-77ldd,cpu_usage,container_cpu_usage,1.8961025525647228
1776463253.63,frontend,frontend-b78bf7696-77ldd,memory_usage,container_memory_working_set_bytes,113733632.0
1776463253.63,frontend,frontend-b78bf7696-p9kqx,cpu_usage,container_cpu_usage,2.12685028300163
1776463253.63,frontend,frontend-b78bf7696-p9kqx,memory_usage,container_memory_working_set_bytes,121458688.0
1776463253.63,frontend,frontend::service,pod_restart_count,k8s_container_restarts,3.0
1776463253.63,frontend,frontend::service,pod_running_count,k8s_container_ready,3.0
1776463253.63,kafka,kafka-66df8bdf76-zjcbb,cpu_usage,container_cpu_usage,0.01533621344641753
1776463253.63,kafka,kafka-66df8bdf76-zjcbb,memory_usage,container_memory_working_set_bytes,667226112.0
1776463253.63,kafka,kafka::service,pod_restart_count,k8s_container_restarts,9.0
1776463253.63,kafka,kafka::service,pod_running_count,k8s_container_ready,1.0
1776463253.63,payment,payment-f9f8d647b-74h8z,cpu_usage,container_cpu_usage,0.01084002222507168
1776463253.63,payment,payment-f9f8d647b-74h8z,memory_usage,container_memory_working_set_bytes,109776896.0
1776463253.63,payment,payment-f9f8d647b-75hmx,cpu_usage,container_cpu_usage,0.013426947746693547
1776463253.63,payment,payment-f9f8d647b-75hmx,memory_usage,container_memory_working_set_bytes,109613056.0
1776463253.63,payment,payment-f9f8d647b-tv6l5,cpu_usage,container_cpu_usage,0.006480587333952146
1776463253.63,payment,payment-f9f8d647b-tv6l5,memory_usage,container_memory_working_set_bytes,101187584.0
1776463253.63,payment,payment::service,pod_restart_count,k8s_container_restarts,39.0
1776463253.63,payment,payment::service,pod_running_count,k8s_container_ready,3.0
1776463253.63,product-catalog,product-catalog-784544475c-7crs7,cpu_usage,container_cpu_usage,0.23834125617177607
1776463253.63,product-catalog,product-catalog-784544475c-7crs7,memory_usage,container_memory_working_set_bytes,16723968.0
1776463253.63,product-catalog,product-catalog-784544475c-8skc7,cpu_usage,container_cpu_usage,0.0011283542124919134
1776463253.63,product-catalog,product-catalog-784544475c-8skc7,memory_usage,container_memory_working_set_bytes,42442752.0
1776463253.63,product-catalog,product-catalog-784544475c-stwzc,cpu_usage,container_cpu_usage,0.023769326039838994
1776463253.63,product-catalog,product-catalog-784544475c-stwzc,memory_usage,container_memory_working_set_bytes,16605184.0
1776463253.63,product-catalog,product-catalog::service,pod_restart_count,k8s_container_restarts,37.0
1776463253.63,product-catalog,product-catalog::service,pod_running_count,k8s_container_ready,3.0
1776463253.63,recommendation,recommendation-5b46f7469c-g2rgb,cpu_usage,container_cpu_usage,0.007998795674679959
1776463253.63,recommendation,recommendation-5b46f7469c-g2rgb,memory_usage,container_memory_working_set_bytes,46891008.0
1776463253.63,recommendation,recommendation-5b46f7469c-rjwxq,cpu_usage,container_cpu_usage,0.039231956327749215
1776463253.63,recommendation,recommendation-5b46f7469c-rjwxq,memory_usage,container_memory_working_set_bytes,47964160.0
1776463253.63,recommendation,recommendation-5b46f7469c-t2fm9,cpu_usage,container_cpu_usage,0.05976750723438908
1776463253.63,recommendation,recommendation-5b46f7469c-t2fm9,memory_usage,container_memory_working_set_bytes,52674560.0
1776463253.63,recommendation,recommendation::service,pod_restart_count,k8s_container_restarts,3.0
1776463253.63,recommendation,recommendation::service,pod_running_count,k8s_container_ready,3.0
1776463263.63,ad,ad-7fb5b4f859-52ks9,cpu_usage,container_cpu_usage,0.002612131585536212
1776463263.63,ad,ad-7fb5b4f859-52ks9,memory_usage,container_memory_working_set_bytes,260476928.0
1776463263.63,ad,ad-7fb5b4f859-rd4zw,cpu_usage,container_cpu_usage,0.0014738582853754542
1776463263.63,ad,ad-7fb5b4f859-rd4zw,memory_usage,container_memory_working_set_bytes,238444544.0
1776463263.63,ad,ad-7fb5b4f859-zsstr,cpu_usage,container_cpu_usage,0.00322192677438404
1776463263.63,ad,ad-7fb5b4f859-zsstr,memory_usage,container_memory_working_set_bytes,261894144.0
1776463263.63,ad,ad::service,pod_restart_count,k8s_container_restarts,3.0
1776463263.63,ad,ad::service,pod_running_count,k8s_container_ready,3.0
1776463263.63,cart,cart-7c7496d7f-th7mc,cpu_usage,container_cpu_usage,0.04365412837822625
1776463263.63,cart,cart-7c7496d7f-th7mc,memory_usage,container_memory_working_set_bytes,63107072.0
1776463263.63,cart,cart::service,pod_restart_count,k8s_container_restarts,1.0
1776463263.63,cart,cart::service,pod_running_count,k8s_container_ready,1.0
1776463263.63,checkout,checkout-7f4ccfc547-6crwh,cpu_usage,container_cpu_usage,0.10593288741613523
1776463263.63,checkout,checkout-7f4ccfc547-6crwh,memory_usage,container_memory_working_set_bytes,15937536.0
1776463263.63,checkout,checkout-7f4ccfc547-ftx2n,cpu_usage,container_cpu_usage,0.0006848228690890255
1776463263.63,checkout,checkout-7f4ccfc547-ftx2n,memory_usage,container_memory_working_set_bytes,12312576.0
1776463263.63,checkout,checkout-7f4ccfc547-qlfgr,cpu_usage,container_cpu_usage,0.05300801030207742
1776463263.63,checkout,checkout-7f4ccfc547-qlfgr,memory_usage,container_memory_working_set_bytes,15155200.0
1776463263.63,checkout,checkout::service,pod_restart_count,k8s_container_restarts,45.0
1776463263.63,checkout,checkout::service,pod_running_count,k8s_container_ready,3.0
1776463263.63,email,email-5dcf48b665-66zvj,cpu_usage,container_cpu_usage,0.0019461373119232376
1776463263.63,email,email-5dcf48b665-66zvj,memory_usage,container_memory_working_set_bytes,59740160.0
1776463263.63,email,email-5dcf48b665-9xxmx,cpu_usage,container_cpu_usage,0.006178403505022306
1776463263.63,email,email-5dcf48b665-9xxmx,memory_usage,container_memory_working_set_bytes,56655872.0
1776463263.63,email,email-5dcf48b665-n4zf2,cpu_usage,container_cpu_usage,0.010199784791966086
1776463263.63,email,email-5dcf48b665-n4zf2,memory_usage,container_memory_working_set_bytes,54693888.0
1776463263.63,email,email::service,pod_restart_count,k8s_container_restarts,9.0
1776463263.63,email,email::service,pod_running_count,k8s_container_ready,3.0
1776463263.63,frontend,frontend-b78bf7696-6bjdg,cpu_usage,container_cpu_usage,2.375010819800006
1776463263.63,frontend,frontend-b78bf7696-6bjdg,memory_usage,container_memory_working_set_bytes,129220608.0
1776463263.63,frontend,frontend-b78bf7696-77ldd,cpu_usage,container_cpu_usage,2.3342711915687504
1776463263.63,frontend,frontend-b78bf7696-77ldd,memory_usage,container_memory_working_set_bytes,113733632.0
1776463263.63,frontend,frontend-b78bf7696-p9kqx,cpu_usage,container_cpu_usage,2.3702976983446913
1776463263.63,frontend,frontend-b78bf7696-p9kqx,memory_usage,container_memory_working_set_bytes,122503168.0
1776463263.63,frontend,frontend::service,pod_restart_count,k8s_container_restarts,3.0
1776463263.63,frontend,frontend::service,pod_running_count,k8s_container_ready,3.0
1776463263.63,kafka,kafka-66df8bdf76-zjcbb,cpu_usage,container_cpu_usage,0.01645614807264615
1776463263.63,kafka,kafka-66df8bdf76-zjcbb,memory_usage,container_memory_working_set_bytes,667226112.0
1776463263.63,kafka,kafka::service,pod_restart_count,k8s_container_restarts,9.0
1776463263.63,kafka,kafka::service,pod_running_count,k8s_container_ready,1.0
1776463263.63,payment,payment-f9f8d647b-74h8z,cpu_usage,container_cpu_usage,0.01188176477569434
1776463263.63,payment,payment-f9f8d647b-74h8z,memory_usage,container_memory_working_set_bytes,109776896.0
1776463263.63,payment,payment-f9f8d647b-75hmx,cpu_usage,container_cpu_usage,0.013426947746693547
1776463263.63,payment,payment-f9f8d647b-75hmx,memory_usage,container_memory_working_set_bytes,109613056.0
1776463263.63,payment,payment-f9f8d647b-tv6l5,cpu_usage,container_cpu_usage,0.009043760780700126
1776463263.63,payment,payment-f9f8d647b-tv6l5,memory_usage,container_memory_working_set_bytes,101228544.0
1776463263.63,payment,payment::service,pod_restart_count,k8s_container_restarts,39.0
1776463263.63,payment,payment::service,pod_running_count,k8s_container_ready,3.0
1776463263.63,product-catalog,product-catalog-784544475c-7crs7,cpu_usage,container_cpu_usage,0.25022995700556383
1776463263.63,product-catalog,product-catalog-784544475c-7crs7,memory_usage,container_memory_working_set_bytes,16723968.0
1776463263.63,product-catalog,product-catalog-784544475c-8skc7,cpu_usage,container_cpu_usage,0.001540257601599718
1776463263.63,product-catalog,product-catalog-784544475c-8skc7,memory_usage,container_memory_working_set_bytes,42442752.0
1776463263.63,product-catalog,product-catalog-784544475c-stwzc,cpu_usage,container_cpu_usage,0.02536486152663793
1776463263.63,product-catalog,product-catalog-784544475c-stwzc,memory_usage,container_memory_working_set_bytes,16605184.0
1776463263.63,product-catalog,product-catalog::service,pod_restart_count,k8s_container_restarts,37.0
1776463263.63,product-catalog,product-catalog::service,pod_running_count,k8s_container_ready,3.0
1776463263.63,recommendation,recommendation-5b46f7469c-g2rgb,cpu_usage,container_cpu_usage,0.008304922490134464
1776463263.63,recommendation,recommendation-5b46f7469c-g2rgb,memory_usage,container_memory_working_set_bytes,46891008.0
1776463263.63,recommendation,recommendation-5b46f7469c-rjwxq,cpu_usage,container_cpu_usage,0.04266220719862841
1776463263.63,recommendation,recommendation-5b46f7469c-rjwxq,memory_usage,container_memory_working_set_bytes,47964160.0
1776463263.63,recommendation,recommendation-5b46f7469c-t2fm9,cpu_usage,container_cpu_usage,0.05937735849056124
1776463263.63,recommendation,recommendation-5b46f7469c-t2fm9,memory_usage,container_memory_working_set_bytes,52723712.0
1776463263.63,recommendation,recommendation::service,pod_restart_count,k8s_container_restarts,3.0
1776463263.63,recommendation,recommendation::service,pod_running_count,k8s_container_ready,3.0
1776463273.63,ad,ad-7fb5b4f859-52ks9,cpu_usage,container_cpu_usage,0.0018607153324817717
1776463273.63,ad,ad-7fb5b4f859-52ks9,memory_usage,container_memory_working_set_bytes,260476928.0
1776463273.63,ad,ad-7fb5b4f859-rd4zw,cpu_usage,container_cpu_usage,0.0013911023483696744
1776463273.63,ad,ad-7fb5b4f859-rd4zw,memory_usage,container_memory_working_set_bytes,238444544.0
1776463273.63,ad,ad-7fb5b4f859-zsstr,cpu_usage,container_cpu_usage,0.00322192677438404
1776463273.63,ad,ad-7fb5b4f859-zsstr,memory_usage,container_memory_working_set_bytes,261894144.0
1776463273.63,cart,cart-7c7496d7f-th7mc,cpu_usage,container_cpu_usage,0.03347827885916981
1776463273.63,cart,cart-7c7496d7f-th7mc,memory_usage,container_memory_working_set_bytes,63107072.0
1776463273.63,checkout,checkout-7f4ccfc547-6crwh,cpu_usage,container_cpu_usage,0.10593288741613521
1776463273.63,checkout,checkout-7f4ccfc547-6crwh,memory_usage,container_memory_working_set_bytes,15937536.0
1776463273.63,checkout,checkout-7f4ccfc547-ftx2n,cpu_usage,container_cpu_usage,0.000692462854917862
1776463273.63,checkout,checkout-7f4ccfc547-ftx2n,memory_usage,container_memory_working_set_bytes,12312576.0
1776463273.63,checkout,checkout-7f4ccfc547-qlfgr,cpu_usage,container_cpu_usage,0.034409074999999234
1776463273.63,checkout,checkout-7f4ccfc547-qlfgr,memory_usage,container_memory_working_set_bytes,15155200.0
1776463273.63,email,email-5dcf48b665-66zvj,cpu_usage,container_cpu_usage,0.0027476475343571837
1776463273.63,email,email-5dcf48b665-66zvj,memory_usage,container_memory_working_set_bytes,59740160.0
1776463273.63,email,email-5dcf48b665-9xxmx,cpu_usage,container_cpu_usage,0.005967762615623957
1776463273.63,email,email-5dcf48b665-9xxmx,memory_usage,container_memory_working_set_bytes,56619008.0
1776463273.63,email,email-5dcf48b665-n4zf2,cpu_usage,container_cpu_usage,0.007500713964360781
1776463273.63,email,email-5dcf48b665-n4zf2,memory_usage,container_memory_working_set_bytes,54710272.0
1776463273.63,frontend,frontend-b78bf7696-6bjdg,cpu_usage,container_cpu_usage,2.3432819785926307
1776463273.63,frontend,frontend-b78bf7696-6bjdg,memory_usage,container_memory_working_set_bytes,129220608.0
1776463273.63,frontend,frontend-b78bf7696-77ldd,cpu_usage,container_cpu_usage,2.2171586237177223
1776463273.63,frontend,frontend-b78bf7696-77ldd,memory_usage,container_memory_working_set_bytes,113238016.0
1776463273.63,frontend,frontend-b78bf7696-p9kqx,cpu_usage,container_cpu_usage,2.3702976983446913
1776463273.63,frontend,frontend-b78bf7696-p9kqx,memory_usage,container_memory_working_set_bytes,122503168.0
1776463273.63,kafka,kafka-66df8bdf76-zjcbb,cpu_usage,container_cpu_usage,0.015616054603115681
1776463273.63,kafka,kafka-66df8bdf76-zjcbb,memory_usage,container_memory_working_set_bytes,667250688.0
1776463273.63,payment,payment-f9f8d647b-74h8z,cpu_usage,container_cpu_usage,0.011966818427348034
1776463273.63,payment,payment-f9f8d647b-74h8z,memory_usage,container_memory_working_set_bytes,109772800.0
1776463273.63,payment,payment-f9f8d647b-75hmx,cpu_usage,container_cpu_usage,0.010492782470598481
1776463273.63,payment,payment-f9f8d647b-75hmx,memory_usage,container_memory_working_set_bytes,109613056.0
1776463273.63,payment,payment-f9f8d647b-tv6l5,cpu_usage,container_cpu_usage,0.007701892774863744
1776463273.63,payment,payment-f9f8d647b-tv6l5,memory_usage,container_memory_working_set_bytes,101228544.0
1776463273.63,product-catalog,product-catalog-784544475c-7crs7,cpu_usage,container_cpu_usage,0.26607256712299704
1776463273.63,product-catalog,product-catalog-784544475c-7crs7,memory_usage,container_memory_working_set_bytes,16216064.0
1776463273.63,product-catalog,product-catalog-784544475c-8skc7,cpu_usage,container_cpu_usage,0.001158392209280122
1776463273.63,product-catalog,product-catalog-784544475c-8skc7,memory_usage,container_memory_working_set_bytes,42586112.0
1776463273.63,product-catalog,product-catalog-784544475c-stwzc,cpu_usage,container_cpu_usage,0.02491205318668691
1776463273.63,product-catalog,product-catalog-784544475c-stwzc,memory_usage,container_memory_working_set_bytes,16789504.0
1776463273.63,recommendation,recommendation-5b46f7469c-g2rgb,cpu_usage,container_cpu_usage,0.007977228100796213
1776463273.63,recommendation,recommendation-5b46f7469c-g2rgb,memory_usage,container_memory_working_set_bytes,46891008.0
1776463273.63,recommendation,recommendation-5b46f7469c-rjwxq,cpu_usage,container_cpu_usage,0.0391702256812749
1776463273.63,recommendation,recommendation-5b46f7469c-rjwxq,memory_usage,container_memory_working_set_bytes,47935488.0
1776463273.63,recommendation,recommendation-5b46f7469c-t2fm9,cpu_usage,container_cpu_usage,0.04807964812172571
1776463273.63,recommendation,recommendation-5b46f7469c-t2fm9,memory_usage,container_memory_working_set_bytes,52723712.0
1776463283.63,ad,ad-7fb5b4f859-52ks9,cpu_usage,container_cpu_usage,0.0021984711573564547
1776463283.63,ad,ad-7fb5b4f859-52ks9,memory_usage,container_memory_working_set_bytes,260481024.0
1776463283.63,ad,ad-7fb5b4f859-rd4zw,cpu_usage,container_cpu_usage,0.0012111824308500142
1776463283.63,ad,ad-7fb5b4f859-rd4zw,memory_usage,container_memory_working_set_bytes,238444544.0
1776463283.63,ad,ad-7fb5b4f859-zsstr,cpu_usage,container_cpu_usage,0.0032644569816679494
1776463283.63,ad,ad-7fb5b4f859-zsstr,memory_usage,container_memory_working_set_bytes,261894144.0
1776463283.63,cart,cart-7c7496d7f-th7mc,cpu_usage,container_cpu_usage,0.039616269735082844
1776463283.63,cart,cart-7c7496d7f-th7mc,memory_usage,container_memory_working_set_bytes,63365120.0
1776463283.63,checkout,checkout-7f4ccfc547-6crwh,cpu_usage,container_cpu_usage,0.09389837917295285
1776463283.63,checkout,checkout-7f4ccfc547-6crwh,memory_usage,container_memory_working_set_bytes,15986688.0
1776463283.63,checkout,checkout-7f4ccfc547-ftx2n,cpu_usage,container_cpu_usage,0.0007643224437520399
1776463283.63,checkout,checkout-7f4ccfc547-ftx2n,memory_usage,container_memory_working_set_bytes,12312576.0
1776463283.63,checkout,checkout-7f4ccfc547-qlfgr,cpu_usage,container_cpu_usage,0.052118853215240894
1776463283.63,checkout,checkout-7f4ccfc547-qlfgr,memory_usage,container_memory_working_set_bytes,15761408.0
1776463283.63,email,email-5dcf48b665-66zvj,cpu_usage,container_cpu_usage,0.003932426016774192
1776463283.63,email,email-5dcf48b665-66zvj,memory_usage,container_memory_working_set_bytes,59596800.0
1776463283.63,email,email-5dcf48b665-9xxmx,cpu_usage,container_cpu_usage,0.005530183425007729
1776463283.63,email,email-5dcf48b665-9xxmx,memory_usage,container_memory_working_set_bytes,56619008.0
1776463283.63,email,email-5dcf48b665-n4zf2,cpu_usage,container_cpu_usage,0.006589940648303232
1776463283.63,email,email-5dcf48b665-n4zf2,memory_usage,container_memory_working_set_bytes,54710272.0
1776463283.63,frontend,frontend-b78bf7696-6bjdg,cpu_usage,container_cpu_usage,2.3021187382612442
1776463283.63,frontend,frontend-b78bf7696-6bjdg,memory_usage,container_memory_working_set_bytes,128921600.0
1776463283.63,frontend,frontend-b78bf7696-77ldd,cpu_usage,container_cpu_usage,2.2593022780207836
1776463283.63,frontend,frontend-b78bf7696-77ldd,memory_usage,container_memory_working_set_bytes,113238016.0
1776463283.63,frontend,frontend-b78bf7696-p9kqx,cpu_usage,container_cpu_usage,2.2447913654319196
1776463283.63,frontend,frontend-b78bf7696-p9kqx,memory_usage,container_memory_working_set_bytes,121933824.0
1776463283.63,kafka,kafka-66df8bdf76-zjcbb,cpu_usage,container_cpu_usage,0.016290334362045564
1776463283.63,kafka,kafka-66df8bdf76-zjcbb,memory_usage,container_memory_working_set_bytes,667283456.0
1776463283.63,payment,payment-f9f8d647b-74h8z,cpu_usage,container_cpu_usage,0.011966818427348033
1776463283.63,payment,payment-f9f8d647b-74h8z,memory_usage,container_memory_working_set_bytes,109772800.0
1776463283.63,payment,payment-f9f8d647b-75hmx,cpu_usage,container_cpu_usage,0.013648050770625517
1776463283.63,payment,payment-f9f8d647b-75hmx,memory_usage,container_memory_working_set_bytes,109613056.0
1776463283.63,payment,payment-f9f8d647b-tv6l5,cpu_usage,container_cpu_usage,0.008805152659116576
1776463283.63,payment,payment-f9f8d647b-tv6l5,memory_usage,container_memory_working_set_bytes,101228544.0
1776463283.63,product-catalog,product-catalog-784544475c-7crs7,cpu_usage,container_cpu_usage,0.2198286850243559
1776463283.63,product-catalog,product-catalog-784544475c-7crs7,memory_usage,container_memory_working_set_bytes,16216064.0
1776463283.63,product-catalog,product-catalog-784544475c-8skc7,cpu_usage,container_cpu_usage,0.0004306377305557577
1776463283.63,product-catalog,product-catalog-784544475c-8skc7,memory_usage,container_memory_working_set_bytes,42651648.0
1776463283.63,product-catalog,product-catalog-784544475c-stwzc,cpu_usage,container_cpu_usage,0.021527606445541626
1776463283.63,product-catalog,product-catalog-784544475c-stwzc,memory_usage,container_memory_working_set_bytes,16789504.0
1776463283.63,recommendation,recommendation-5b46f7469c-g2rgb,cpu_usage,container_cpu_usage,0.016935291538720715
1776463283.63,recommendation,recommendation-5b46f7469c-g2rgb,memory_usage,container_memory_working_set_bytes,46891008.0
1776463283.63,recommendation,recommendation-5b46f7469c-rjwxq,cpu_usage,container_cpu_usage,0.04231674663624477
1776463283.63,recommendation,recommendation-5b46f7469c-rjwxq,memory_usage,container_memory_working_set_bytes,47935488.0
1776463283.63,recommendation,recommendation-5b46f7469c-t2fm9,cpu_usage,container_cpu_usage,0.06098366973494887
1776463283.63,recommendation,recommendation-5b46f7469c-t2fm9,memory_usage,container_memory_working_set_bytes,52727808.0
1776463293.63,ad,ad-7fb5b4f859-52ks9,cpu_usage,container_cpu_usage,0.002740411890864668
1776463293.63,ad,ad-7fb5b4f859-52ks9,memory_usage,container_memory_working_set_bytes,260354048.0
1776463293.63,ad,ad-7fb5b4f859-rd4zw,cpu_usage,container_cpu_usage,0.0015820986313242451
1776463293.63,ad,ad-7fb5b4f859-rd4zw,memory_usage,container_memory_working_set_bytes,238501888.0
1776463293.63,ad,ad-7fb5b4f859-zsstr,cpu_usage,container_cpu_usage,0.003264456981667949
1776463293.63,ad,ad-7fb5b4f859-zsstr,memory_usage,container_memory_working_set_bytes,261894144.0
1776463293.63,cart,cart-7c7496d7f-th7mc,cpu_usage,container_cpu_usage,0.04294644842769957
1776463293.63,cart,cart-7c7496d7f-th7mc,memory_usage,container_memory_working_set_bytes,63373312.0
1776463293.63,checkout,checkout-7f4ccfc547-6crwh,cpu_usage,container_cpu_usage,0.08044369250621385
1776463293.63,checkout,checkout-7f4ccfc547-6crwh,memory_usage,container_memory_working_set_bytes,15986688.0
1776463293.63,checkout,checkout-7f4ccfc547-ftx2n,cpu_usage,container_cpu_usage,0.0007112174959451817
1776463293.63,checkout,checkout-7f4ccfc547-ftx2n,memory_usage,container_memory_working_set_bytes,12312576.0
1776463293.63,checkout,checkout-7f4ccfc547-qlfgr,cpu_usage,container_cpu_usage,0.05119710020097635
1776463293.63,checkout,checkout-7f4ccfc547-qlfgr,memory_usage,container_memory_working_set_bytes,15175680.0
1776463293.63,email,email-5dcf48b665-66zvj,cpu_usage,container_cpu_usage,0.00560894339513483
1776463293.63,email,email-5dcf48b665-66zvj,memory_usage,container_memory_working_set_bytes,59596800.0
1776463293.63,email,email-5dcf48b665-9xxmx,cpu_usage,container_cpu_usage,0.007358581016298924
1776463293.63,email,email-5dcf48b665-9xxmx,memory_usage,container_memory_working_set_bytes,56586240.0
1776463293.63,email,email-5dcf48b665-n4zf2,cpu_usage,container_cpu_usage,0.002680834323613769
1776463293.63,email,email-5dcf48b665-n4zf2,memory_usage,container_memory_working_set_bytes,55255040.0
1776463293.63,frontend,frontend-b78bf7696-6bjdg,cpu_usage,container_cpu_usage,2.3545735604645257
1776463293.63,frontend,frontend-b78bf7696-6bjdg,memory_usage,container_memory_working_set_bytes,129265664.0
1776463293.63,frontend,frontend-b78bf7696-77ldd,cpu_usage,container_cpu_usage,2.3477917018809498
1776463293.63,frontend,frontend-b78bf7696-77ldd,memory_usage,container_memory_working_set_bytes,114130944.0
1776463293.63,frontend,frontend-b78bf7696-p9kqx,cpu_usage,container_cpu_usage,2.3594393178769963
1776463293.63,frontend,frontend-b78bf7696-p9kqx,memory_usage,container_memory_working_set_bytes,122454016.0
1776463293.63,kafka,kafka-66df8bdf76-zjcbb,cpu_usage,container_cpu_usage,0.016525926102276534
1776463293.63,kafka,kafka-66df8bdf76-zjcbb,memory_usage,container_memory_working_set_bytes,667283456.0
1776463293.63,payment,payment-f9f8d647b-74h8z,cpu_usage,container_cpu_usage,0.01168751657912885
1776463293.63,payment,payment-f9f8d647b-74h8z,memory_usage,container_memory_working_set_bytes,109772800.0
1776463293.63,payment,payment-f9f8d647b-75hmx,cpu_usage,container_cpu_usage,0.013384907567125038
1776463293.63,payment,payment-f9f8d647b-75hmx,memory_usage,container_memory_working_set_bytes,109617152.0
1776463293.63,payment,payment-f9f8d647b-tv6l5,cpu_usage,container_cpu_usage,0.009130530365485074
1776463293.63,payment,payment-f9f8d647b-tv6l5,memory_usage,container_memory_working_set_bytes,101228544.0
1776463293.63,product-catalog,product-catalog-784544475c-7crs7,cpu_usage,container_cpu_usage,0.24104306102362213
1776463293.63,product-catalog,product-catalog-784544475c-7crs7,memory_usage,container_memory_working_set_bytes,16191488.0
1776463293.63,product-catalog,product-catalog-784544475c-8skc7,cpu_usage,container_cpu_usage,0.0005066773310065684
1776463293.63,product-catalog,product-catalog-784544475c-8skc7,memory_usage,container_memory_working_set_bytes,42651648.0
1776463293.63,product-catalog,product-catalog-784544475c-stwzc,cpu_usage,container_cpu_usage,0.021728397212543556
1776463293.63,product-catalog,product-catalog-784544475c-stwzc,memory_usage,container_memory_working_set_bytes,16105472.0
1776463293.63,recommendation,recommendation-5b46f7469c-g2rgb,cpu_usage,container_cpu_usage,0.02104067861435908
1776463293.63,recommendation,recommendation-5b46f7469c-g2rgb,memory_usage,container_memory_working_set_bytes,46891008.0
1776463293.63,recommendation,recommendation-5b46f7469c-rjwxq,cpu_usage,container_cpu_usage,0.0468079023252939
1776463293.63,recommendation,recommendation-5b46f7469c-rjwxq,memory_usage,container_memory_working_set_bytes,47923200.0
1776463293.63,recommendation,recommendation-5b46f7469c-t2fm9,cpu_usage,container_cpu_usage,0.061745578575036236
1776463293.63,recommendation,recommendation-5b46f7469c-t2fm9,memory_usage,container_memory_working_set_bytes,52731904.0
1776463303.63,ad,ad-7fb5b4f859-52ks9,cpu_usage,container_cpu_usage,0.002695435418954654
1776463303.63,ad,ad-7fb5b4f859-52ks9,memory_usage,container_memory_working_set_bytes,260354048.0
1776463303.63,ad,ad-7fb5b4f859-rd4zw,cpu_usage,container_cpu_usage,0.0011911999999938416
1776463303.63,ad,ad-7fb5b4f859-rd4zw,memory_usage,container_memory_working_set_bytes,238501888.0
1776463303.63,ad,ad-7fb5b4f859-zsstr,cpu_usage,container_cpu_usage,0.0033139811738670355
1776463303.63,ad,ad-7fb5b4f859-zsstr,memory_usage,container_memory_working_set_bytes,261894144.0
1776463303.63,ad,ad::service,pod_restart_count,k8s_container_restarts,3.0
1776463303.63,ad,ad::service,pod_running_count,k8s_container_ready,3.0
1776463303.63,cart,cart-7c7496d7f-th7mc,cpu_usage,container_cpu_usage,0.04079125792168993
1776463303.63,cart,cart-7c7496d7f-th7mc,memory_usage,container_memory_working_set_bytes,63246336.0
1776463303.63,cart,cart::service,pod_restart_count,k8s_container_restarts,1.0
1776463303.63,cart,cart::service,pod_running_count,k8s_container_ready,1.0
1776463303.63,checkout,checkout-7f4ccfc547-6crwh,cpu_usage,container_cpu_usage,0.09580452163700473
1776463303.63,checkout,checkout-7f4ccfc547-6crwh,memory_usage,container_memory_working_set_bytes,15757312.0
1776463303.63,checkout,checkout-7f4ccfc547-ftx2n,cpu_usage,container_cpu_usage,0.0006730044702988606
1776463303.63,checkout,checkout-7f4ccfc547-ftx2n,memory_usage,container_memory_working_set_bytes,12115968.0
1776463303.63,checkout,checkout-7f4ccfc547-qlfgr,cpu_usage,container_cpu_usage,0.06050977761725424
1776463303.63,checkout,checkout-7f4ccfc547-qlfgr,memory_usage,container_memory_working_set_bytes,15867904.0
1776463303.63,checkout,checkout::service,pod_restart_count,k8s_container_restarts,45.0
1776463303.63,checkout,checkout::service,pod_running_count,k8s_container_ready,3.0
1776463303.63,email,email-5dcf48b665-66zvj,cpu_usage,container_cpu_usage,0.0065369318687579685
1776463303.63,email,email-5dcf48b665-66zvj,memory_usage,container_memory_working_set_bytes,59588608.0
1776463303.63,email,email-5dcf48b665-9xxmx,cpu_usage,container_cpu_usage,0.007583705693685987
1776463303.63,email,email-5dcf48b665-9xxmx,memory_usage,container_memory_working_set_bytes,56586240.0
1776463303.63,email,email-5dcf48b665-n4zf2,cpu_usage,container_cpu_usage,0.0033576007184203762
1776463303.63,email,email-5dcf48b665-n4zf2,memory_usage,container_memory_working_set_bytes,55255040.0
1776463303.63,email,email::service,pod_restart_count,k8s_container_restarts,9.0
1776463303.63,email,email::service,pod_running_count,k8s_container_ready,3.0
1776463303.63,frontend,frontend-b78bf7696-6bjdg,cpu_usage,container_cpu_usage,1.8670450603919166
1776463303.63,frontend,frontend-b78bf7696-6bjdg,memory_usage,container_memory_working_set_bytes,129265664.0
1776463303.63,frontend,frontend-b78bf7696-77ldd,cpu_usage,container_cpu_usage,2.2869494206465792
1776463303.63,frontend,frontend-b78bf7696-77ldd,memory_usage,container_memory_working_set_bytes,114130944.0
1776463303.63,frontend,frontend-b78bf7696-p9kqx,cpu_usage,container_cpu_usage,2.280839537192103
1776463303.63,frontend,frontend-b78bf7696-p9kqx,memory_usage,container_memory_working_set_bytes,122454016.0
1776463303.63,frontend,frontend::service,pod_restart_count,k8s_container_restarts,3.0
1776463303.63,frontend,frontend::service,pod_running_count,k8s_container_ready,3.0
1776463303.63,kafka,kafka-66df8bdf76-zjcbb,cpu_usage,container_cpu_usage,0.012641758675937939
1776463303.63,kafka,kafka-66df8bdf76-zjcbb,memory_usage,container_memory_working_set_bytes,667283456.0
1776463303.63,kafka,kafka::service,pod_restart_count,k8s_container_restarts,9.0
1776463303.63,kafka,kafka::service,pod_running_count,k8s_container_ready,1.0
1776463303.63,payment,payment-f9f8d647b-74h8z,cpu_usage,container_cpu_usage,0.012399330763360398
1776463303.63,payment,payment-f9f8d647b-74h8z,memory_usage,container_memory_working_set_bytes,109772800.0
1776463303.63,payment,payment-f9f8d647b-75hmx,cpu_usage,container_cpu_usage,0.012626046859422108
1776463303.63,payment,payment-f9f8d647b-75hmx,memory_usage,container_memory_working_set_bytes,109617152.0
1776463303.63,payment,payment-f9f8d647b-tv6l5,cpu_usage,container_cpu_usage,0.009130530365485074
1776463303.63,payment,payment-f9f8d647b-tv6l5,memory_usage,container_memory_working_set_bytes,101228544.0
1776463303.63,payment,payment::service,pod_restart_count,k8s_container_restarts,39.0
1776463303.63,payment,payment::service,pod_running_count,k8s_container_ready,3.0
1776463303.63,product-catalog,product-catalog-784544475c-7crs7,cpu_usage,container_cpu_usage,0.23800553451008857
1776463303.63,product-catalog,product-catalog-784544475c-7crs7,memory_usage,container_memory_working_set_bytes,16191488.0
1776463303.63,product-catalog,product-catalog-784544475c-8skc7,cpu_usage,container_cpu_usage,0.000783151362448675
1776463303.63,product-catalog,product-catalog-784544475c-8skc7,memory_usage,container_memory_working_set_bytes,41967616.0
1776463303.63,product-catalog,product-catalog-784544475c-stwzc,cpu_usage,container_cpu_usage,0.023850510476115253
1776463303.63,product-catalog,product-catalog-784544475c-stwzc,memory_usage,container_memory_working_set_bytes,15769600.0
1776463303.63,product-catalog,product-catalog::service,pod_restart_count,k8s_container_restarts,39.0
1776463303.63,product-catalog,product-catalog::service,pod_running_count,k8s_container_ready,3.0
1776463303.63,recommendation,recommendation-5b46f7469c-g2rgb,cpu_usage,container_cpu_usage,0.017258299381317635
1776463303.63,recommendation,recommendation-5b46f7469c-g2rgb,memory_usage,container_memory_working_set_bytes,46891008.0
1776463303.63,recommendation,recommendation-5b46f7469c-rjwxq,cpu_usage,container_cpu_usage,0.044578814222899846
1776463303.63,recommendation,recommendation-5b46f7469c-rjwxq,memory_usage,container_memory_working_set_bytes,47910912.0
1776463303.63,recommendation,recommendation-5b46f7469c-t2fm9,cpu_usage,container_cpu_usage,0.045160574999999877
1776463303.63,recommendation,recommendation-5b46f7469c-t2fm9,memory_usage,container_memory_working_set_bytes,52731904.0
1776463303.63,recommendation,recommendation::service,pod_restart_count,k8s_container_restarts,3.0
1776463303.63,recommendation,recommendation::service,pod_running_count,k8s_container_ready,3.0
1776463313.63,ad,ad-7fb5b4f859-52ks9,cpu_usage,container_cpu_usage,0.002695435418954654
1776463313.63,ad,ad-7fb5b4f859-52ks9,memory_usage,container_memory_working_set_bytes,260354048.0
1776463313.63,ad,ad-7fb5b4f859-rd4zw,cpu_usage,container_cpu_usage,0.0015350081465466345
1776463313.63,ad,ad-7fb5b4f859-rd4zw,memory_usage,container_memory_working_set_bytes,238505984.0
1776463313.63,ad,ad-7fb5b4f859-zsstr,cpu_usage,container_cpu_usage,0.0035027440029534807
1776463313.63,ad,ad-7fb5b4f859-zsstr,memory_usage,container_memory_working_set_bytes,261894144.0
1776463313.63,ad,ad::service,pod_restart_count,k8s_container_restarts,3.0
1776463313.63,ad,ad::service,pod_running_count,k8s_container_ready,3.0
1776463313.63,cart,cart-7c7496d7f-th7mc,cpu_usage,container_cpu_usage,0.04327894457233626
1776463313.63,cart,cart-7c7496d7f-th7mc,memory_usage,container_memory_working_set_bytes,63164416.0
1776463313.63,cart,cart::service,pod_restart_count,k8s_container_restarts,1.0
1776463313.63,cart,cart::service,pod_running_count,k8s_container_ready,1.0
1776463313.63,checkout,checkout-7f4ccfc547-6crwh,cpu_usage,container_cpu_usage,0.09148737269189403
1776463313.63,checkout,checkout-7f4ccfc547-6crwh,memory_usage,container_memory_working_set_bytes,14819328.0
1776463313.63,checkout,checkout-7f4ccfc547-ftx2n,cpu_usage,container_cpu_usage,0.0006177559698812505
1776463313.63,checkout,checkout-7f4ccfc547-ftx2n,memory_usage,container_memory_working_set_bytes,12115968.0
1776463313.63,checkout,checkout-7f4ccfc547-qlfgr,cpu_usage,container_cpu_usage,0.04908284227966699
1776463313.63,checkout,checkout-7f4ccfc547-qlfgr,memory_usage,container_memory_working_set_bytes,15867904.0
1776463313.63,checkout,checkout::service,pod_restart_count,k8s_container_restarts,45.0
1776463313.63,checkout,checkout::service,pod_running_count,k8s_container_ready,3.0
1776463313.63,email,email-5dcf48b665-66zvj,cpu_usage,container_cpu_usage,0.006963953911461016
1776463313.63,email,email-5dcf48b665-66zvj,memory_usage,container_memory_working_set_bytes,59588608.0
1776463313.63,email,email-5dcf48b665-9xxmx,cpu_usage,container_cpu_usage,0.007830332125711804
1776463313.63,email,email-5dcf48b665-9xxmx,memory_usage,container_memory_working_set_bytes,56381440.0
1776463313.63,email,email-5dcf48b665-n4zf2,cpu_usage,container_cpu_usage,0.0034123171324871434
1776463313.63,email,email-5dcf48b665-n4zf2,memory_usage,container_memory_working_set_bytes,54743040.0
1776463313.63,email,email::service,pod_restart_count,k8s_container_restarts,9.0
1776463313.63,email,email::service,pod_running_count,k8s_container_ready,3.0
1776463313.63,frontend,frontend-b78bf7696-6bjdg,cpu_usage,container_cpu_usage,2.185321418956714
1776463313.63,frontend,frontend-b78bf7696-6bjdg,memory_usage,container_memory_working_set_bytes,129290240.0
1776463313.63,frontend,frontend-b78bf7696-77ldd,cpu_usage,container_cpu_usage,2.283566893849964
1776463313.63,frontend,frontend-b78bf7696-77ldd,memory_usage,container_memory_working_set_bytes,116625408.0
1776463313.63,frontend,frontend-b78bf7696-p9kqx,cpu_usage,container_cpu_usage,2.2118014959193766
1776463313.63,frontend,frontend-b78bf7696-p9kqx,memory_usage,container_memory_working_set_bytes,122441728.0
1776463313.63,frontend,frontend::service,pod_restart_count,k8s_container_restarts,3.0
1776463313.63,frontend,frontend::service,pod_running_count,k8s_container_ready,3.0
1776463313.63,kafka,kafka-66df8bdf76-zjcbb,cpu_usage,container_cpu_usage,0.015883372687329825
1776463313.63,kafka,kafka-66df8bdf76-zjcbb,memory_usage,container_memory_working_set_bytes,667320320.0
1776463313.63,kafka,kafka::service,pod_restart_count,k8s_container_restarts,9.0
1776463313.63,kafka,kafka::service,pod_running_count,k8s_container_ready,1.0
1776463313.63,payment,payment-f9f8d647b-74h8z,cpu_usage,container_cpu_usage,0.010899378563919291
1776463313.63,payment,payment-f9f8d647b-74h8z,memory_usage,container_memory_working_set_bytes,109772800.0
1776463313.63,payment,payment-f9f8d647b-75hmx,cpu_usage,container_cpu_usage,0.01042692892271703
1776463313.63,payment,payment-f9f8d647b-75hmx,memory_usage,container_memory_working_set_bytes,109617152.0
1776463313.63,payment,payment-f9f8d647b-tv6l5,cpu_usage,container_cpu_usage,0.008512033115132867
1776463313.63,payment,payment-f9f8d647b-tv6l5,memory_usage,container_memory_working_set_bytes,101228544.0
1776463313.63,payment,payment::service,pod_restart_count,k8s_container_restarts,39.0
1776463313.63,payment,payment::service,pod_running_count,k8s_container_ready,3.0
1776463313.63,product-catalog,product-catalog-784544475c-7crs7,cpu_usage,container_cpu_usage,0.1888346025193934
1776463313.63,product-catalog,product-catalog-784544475c-7crs7,memory_usage,container_memory_working_set_bytes,13479936.0
1776463313.63,product-catalog,product-catalog-784544475c-8skc7,cpu_usage,container_cpu_usage,0.0006856023960247499
1776463313.63,product-catalog,product-catalog-784544475c-8skc7,memory_usage,container_memory_working_set_bytes,43126784.0
1776463313.63,product-catalog,product-catalog-784544475c-stwzc,cpu_usage,container_cpu_usage,0.023940215973707553
1776463313.63,product-catalog,product-catalog-784544475c-stwzc,memory_usage,container_memory_working_set_bytes,15769600.0
1776463313.63,product-catalog,product-catalog::service,pod_restart_count,k8s_container_restarts,39.0
1776463313.63,product-catalog,product-catalog::service,pod_running_count,k8s_container_ready,3.0
1776463313.63,recommendation,recommendation-5b46f7469c-g2rgb,cpu_usage,container_cpu_usage,0.016802492934813625
1776463313.63,recommendation,recommendation-5b46f7469c-g2rgb,memory_usage,container_memory_working_set_bytes,46891008.0
1776463313.63,recommendation,recommendation-5b46f7469c-rjwxq,cpu_usage,container_cpu_usage,0.046361556834879525
1776463313.63,recommendation,recommendation-5b46f7469c-rjwxq,memory_usage,container_memory_working_set_bytes,47910912.0
1776463313.63,recommendation,recommendation-5b46f7469c-t2fm9,cpu_usage,container_cpu_usage,0.053316368186760485
1776463313.63,recommendation,recommendation-5b46f7469c-t2fm9,memory_usage,container_memory_working_set_bytes,52641792.0
1776463313.63,recommendation,recommendation::service,pod_restart_count,k8s_container_restarts,3.0
1776463313.63,recommendation,recommendation::service,pod_running_count,k8s_container_ready,3.0
1776463323.63,ad,ad-7fb5b4f859-52ks9,cpu_usage,container_cpu_usage,0.0024898229164210767
1776463323.63,ad,ad-7fb5b4f859-52ks9,memory_usage,container_memory_working_set_bytes,260411392.0
1776463323.63,ad,ad-7fb5b4f859-rd4zw,cpu_usage,container_cpu_usage,0.0015669462282077102
1776463323.63,ad,ad-7fb5b4f859-rd4zw,memory_usage,container_memory_working_set_bytes,238505984.0
1776463323.63,ad,ad-7fb5b4f859-zsstr,cpu_usage,container_cpu_usage,0.0037698670736285443
1776463323.63,ad,ad-7fb5b4f859-zsstr,memory_usage,container_memory_working_set_bytes,261894144.0
1776463323.63,ad,ad::service,pod_restart_count,k8s_container_restarts,3.0
1776463323.63,ad,ad::service,pod_running_count,k8s_container_ready,3.0
1776463323.63,cart,cart-7c7496d7f-th7mc,cpu_usage,container_cpu_usage,0.04102558554862561
1776463323.63,cart,cart-7c7496d7f-th7mc,memory_usage,container_memory_working_set_bytes,63164416.0
1776463323.63,cart,cart::service,pod_restart_count,k8s_container_restarts,1.0
1776463323.63,cart,cart::service,pod_running_count,k8s_container_ready,1.0
1776463323.63,checkout,checkout-7f4ccfc547-6crwh,cpu_usage,container_cpu_usage,0.07913455620591725
1776463323.63,checkout,checkout-7f4ccfc547-6crwh,memory_usage,container_memory_working_set_bytes,14819328.0
1776463323.63,checkout,checkout-7f4ccfc547-ftx2n,cpu_usage,container_cpu_usage,0.0005735337029471936
1776463323.63,checkout,checkout-7f4ccfc547-ftx2n,memory_usage,container_memory_working_set_bytes,12156928.0
1776463323.63,checkout,checkout-7f4ccfc547-qlfgr,cpu_usage,container_cpu_usage,0.060003874137768955
1776463323.63,checkout,checkout-7f4ccfc547-qlfgr,memory_usage,container_memory_working_set_bytes,14921728.0
1776463323.63,checkout,checkout::service,pod_restart_count,k8s_container_restarts,45.0
1776463323.63,checkout,checkout::service,pod_running_count,k8s_container_ready,3.0
1776463323.63,email,email-5dcf48b665-66zvj,cpu_usage,container_cpu_usage,0.004904979397309676
1776463323.63,email,email-5dcf48b665-66zvj,memory_usage,container_memory_working_set_bytes,59551744.0
1776463323.63,email,email-5dcf48b665-9xxmx,cpu_usage,container_cpu_usage,0.008855595574993944
1776463323.63,email,email-5dcf48b665-9xxmx,memory_usage,container_memory_working_set_bytes,56381440.0
1776463323.63,email,email-5dcf48b665-n4zf2,cpu_usage,container_cpu_usage,0.006711011440199693
1776463323.63,email,email-5dcf48b665-n4zf2,memory_usage,container_memory_working_set_bytes,54616064.0
1776463323.63,email,email::service,pod_restart_count,k8s_container_restarts,9.0
1776463323.63,email,email::service,pod_running_count,k8s_container_ready,3.0
1776463323.63,frontend,frontend-b78bf7696-6bjdg,cpu_usage,container_cpu_usage,2.3321614393386754
1776463323.63,frontend,frontend-b78bf7696-6bjdg,memory_usage,container_memory_working_set_bytes,129507328.0
1776463323.63,frontend,frontend-b78bf7696-77ldd,cpu_usage,container_cpu_usage,2.283566893849964
1776463323.63,frontend,frontend-b78bf7696-77ldd,memory_usage,container_memory_working_set_bytes,116625408.0
1776463323.63,frontend,frontend-b78bf7696-p9kqx,cpu_usage,container_cpu_usage,2.2592513065340984
1776463323.63,frontend,frontend-b78bf7696-p9kqx,memory_usage,container_memory_working_set_bytes,122441728.0
1776463323.63,frontend,frontend::service,pod_restart_count,k8s_container_restarts,3.0
1776463323.63,frontend,frontend::service,pod_running_count,k8s_container_ready,3.0
1776463323.63,kafka,kafka-66df8bdf76-zjcbb,cpu_usage,container_cpu_usage,0.016067426747235002
1776463323.63,kafka,kafka-66df8bdf76-zjcbb,memory_usage,container_memory_working_set_bytes,667336704.0
1776463323.63,kafka,kafka::service,pod_restart_count,k8s_container_restarts,9.0
1776463323.63,kafka,kafka::service,pod_running_count,k8s_container_ready,1.0
1776463323.63,payment,payment-f9f8d647b-74h8z,cpu_usage,container_cpu_usage,0.012812833444481558
1776463323.63,payment,payment-f9f8d647b-74h8z,memory_usage,container_memory_working_set_bytes,109780992.0
1776463323.63,payment,payment-f9f8d647b-75hmx,cpu_usage,container_cpu_usage,0.013656258418436045
1776463323.63,payment,payment-f9f8d647b-75hmx,memory_usage,container_memory_working_set_bytes,109613056.0
1776463323.63,payment,payment-f9f8d647b-tv6l5,cpu_usage,container_cpu_usage,0.009111186012218213
1776463323.63,payment,payment-f9f8d647b-tv6l5,memory_usage,container_memory_working_set_bytes,101228544.0
1776463323.63,payment,payment::service,pod_restart_count,k8s_container_restarts,39.0
1776463323.63,payment,payment::service,pod_running_count,k8s_container_ready,3.0
1776463323.63,product-catalog,product-catalog-784544475c-7crs7,cpu_usage,container_cpu_usage,0.1888346025193934
1776463323.63,product-catalog,product-catalog-784544475c-7crs7,memory_usage,container_memory_working_set_bytes,13479936.0
1776463323.63,product-catalog,product-catalog-784544475c-8skc7,cpu_usage,container_cpu_usage,0.000823615124948394
1776463323.63,product-catalog,product-catalog-784544475c-8skc7,memory_usage,container_memory_working_set_bytes,43126784.0
1776463323.63,product-catalog,product-catalog-784544475c-stwzc,cpu_usage,container_cpu_usage,0.02467961679730395
1776463323.63,product-catalog,product-catalog-784544475c-stwzc,memory_usage,container_memory_working_set_bytes,16527360.0
1776463323.63,product-catalog,product-catalog::service,pod_restart_count,k8s_container_restarts,39.0
1776463323.63,product-catalog,product-catalog::service,pod_running_count,k8s_container_ready,3.0
1776463323.63,recommendation,recommendation-5b46f7469c-g2rgb,cpu_usage,container_cpu_usage,0.006946980470764203
1776463323.63,recommendation,recommendation-5b46f7469c-g2rgb,memory_usage,container_memory_working_set_bytes,46891008.0
1776463323.63,recommendation,recommendation-5b46f7469c-rjwxq,cpu_usage,container_cpu_usage,0.039233859300117364
1776463323.63,recommendation,recommendation-5b46f7469c-rjwxq,memory_usage,container_memory_working_set_bytes,47869952.0
1776463323.63,recommendation,recommendation-5b46f7469c-t2fm9,cpu_usage,container_cpu_usage,0.044541480989856524
1776463323.63,recommendation,recommendation-5b46f7469c-t2fm9,memory_usage,container_memory_working_set_bytes,52588544.0
1776463323.63,recommendation,recommendation::service,pod_restart_count,k8s_container_restarts,3.0
1776463323.63,recommendation,recommendation::service,pod_running_count,k8s_container_ready,3.0
1776463333.63,ad,ad-7fb5b4f859-52ks9,cpu_usage,container_cpu_usage,0.0024898229164210767
1776463333.63,ad,ad-7fb5b4f859-52ks9,memory_usage,container_memory_working_set_bytes,260411392.0
1776463333.63,ad,ad-7fb5b4f859-rd4zw,cpu_usage,container_cpu_usage,0.0012037378611641635
1776463333.63,ad,ad-7fb5b4f859-rd4zw,memory_usage,container_memory_working_set_bytes,238505984.0
1776463333.63,ad,ad-7fb5b4f859-zsstr,cpu_usage,container_cpu_usage,0.0037698670736285443
1776463333.63,ad,ad-7fb5b4f859-zsstr,memory_usage,container_memory_working_set_bytes,261894144.0
1776463333.63,ad,ad::service,pod_restart_count,k8s_container_restarts,3.0
1776463333.63,ad,ad::service,pod_running_count,k8s_container_ready,3.0
1776463333.63,cart,cart-7c7496d7f-th7mc,cpu_usage,container_cpu_usage,0.047375308874847484
1776463333.63,cart,cart-7c7496d7f-th7mc,memory_usage,container_memory_working_set_bytes,63107072.0
1776463333.63,cart,cart::service,pod_restart_count,k8s_container_restarts,1.0
1776463333.63,cart,cart::service,pod_running_count,k8s_container_ready,1.0
1776463333.63,checkout,checkout-7f4ccfc547-6crwh,cpu_usage,container_cpu_usage,0.10321607793377131
1776463333.63,checkout,checkout-7f4ccfc547-6crwh,memory_usage,container_memory_working_set_bytes,14856192.0
1776463333.63,checkout,checkout-7f4ccfc547-ftx2n,cpu_usage,container_cpu_usage,0.0005705750560119461
1776463333.63,checkout,checkout-7f4ccfc547-ftx2n,memory_usage,container_memory_working_set_bytes,12156928.0
1776463333.63,checkout,checkout-7f4ccfc547-qlfgr,cpu_usage,container_cpu_usage,0.04951052997049846
1776463333.63,checkout,checkout-7f4ccfc547-qlfgr,memory_usage,container_memory_working_set_bytes,14921728.0
1776463333.63,checkout,checkout::service,pod_restart_count,k8s_container_restarts,45.0
1776463333.63,checkout,checkout::service,pod_running_count,k8s_container_ready,3.0
1776463333.63,email,email-5dcf48b665-66zvj,cpu_usage,container_cpu_usage,0.004904979397309676
1776463333.63,email,email-5dcf48b665-66zvj,memory_usage,container_memory_working_set_bytes,59551744.0
1776463333.63,email,email-5dcf48b665-9xxmx,cpu_usage,container_cpu_usage,0.007376032388665359
1776463333.63,email,email-5dcf48b665-9xxmx,memory_usage,container_memory_working_set_bytes,56156160.0
1776463333.63,email,email-5dcf48b665-n4zf2,cpu_usage,container_cpu_usage,0.0075986939002361045
1776463333.63,email,email-5dcf48b665-n4zf2,memory_usage,container_memory_working_set_bytes,54616064.0
1776463333.63,email,email::service,pod_restart_count,k8s_container_restarts,9.0
1776463333.63,email,email::service,pod_running_count,k8s_container_ready,3.0
1776463333.63,frontend,frontend-b78bf7696-6bjdg,cpu_usage,container_cpu_usage,2.3321614393386754
1776463333.63,frontend,frontend-b78bf7696-6bjdg,memory_usage,container_memory_working_set_bytes,129507328.0
1776463333.63,frontend,frontend-b78bf7696-77ldd,cpu_usage,container_cpu_usage,2.264521233544599
1776463333.63,frontend,frontend-b78bf7696-77ldd,memory_usage,container_memory_working_set_bytes,118345728.0
1776463333.63,frontend,frontend-b78bf7696-p9kqx,cpu_usage,container_cpu_usage,2.2108828547159844
1776463333.63,frontend,frontend-b78bf7696-p9kqx,memory_usage,container_memory_working_set_bytes,123097088.0
1776463333.63,frontend,frontend::service,pod_restart_count,k8s_container_restarts,3.0
1776463333.63,frontend,frontend::service,pod_running_count,k8s_container_ready,3.0
1776463333.63,kafka,kafka-66df8bdf76-zjcbb,cpu_usage,container_cpu_usage,0.015090744602551207
1776463333.63,kafka,kafka-66df8bdf76-zjcbb,memory_usage,container_memory_working_set_bytes,667336704.0
1776463333.63,kafka,kafka::service,pod_restart_count,k8s_container_restarts,9.0
1776463333.63,kafka,kafka::service,pod_running_count,k8s_container_ready,1.0
1776463333.63,payment,payment-f9f8d647b-74h8z,cpu_usage,container_cpu_usage,0.012995793256063686
1776463333.63,payment,payment-f9f8d647b-74h8z,memory_usage,container_memory_working_set_bytes,109780992.0
1776463333.63,payment,payment-f9f8d647b-75hmx,cpu_usage,container_cpu_usage,0.013656258418436047
1776463333.63,payment,payment-f9f8d647b-75hmx,memory_usage,container_memory_working_set_bytes,109613056.0
1776463333.63,payment,payment-f9f8d647b-tv6l5,cpu_usage,container_cpu_usage,0.009111186012218213
1776463333.63,payment,payment-f9f8d647b-tv6l5,memory_usage,container_memory_working_set_bytes,101228544.0
1776463333.63,payment,payment::service,pod_restart_count,k8s_container_restarts,39.0
1776463333.63,payment,payment::service,pod_running_count,k8s_container_ready,3.0
1776463333.63,product-catalog,product-catalog-784544475c-7crs7,cpu_usage,container_cpu_usage,0.13890835763642576
1776463333.63,product-catalog,product-catalog-784544475c-7crs7,memory_usage,container_memory_working_set_bytes,13512704.0
1776463333.63,product-catalog,product-catalog-784544475c-8skc7,cpu_usage,container_cpu_usage,0.0007336200408558221
1776463333.63,product-catalog,product-catalog-784544475c-8skc7,memory_usage,container_memory_working_set_bytes,43372544.0
1776463333.63,product-catalog,product-catalog-784544475c-stwzc,cpu_usage,container_cpu_usage,0.02767325938488335
1776463333.63,product-catalog,product-catalog-784544475c-stwzc,memory_usage,container_memory_working_set_bytes,16322560.0
1776463333.63,product-catalog,product-catalog::service,pod_restart_count,k8s_container_restarts,39.0
1776463333.63,product-catalog,product-catalog::service,pod_running_count,k8s_container_ready,3.0
1776463333.63,recommendation,recommendation-5b46f7469c-g2rgb,cpu_usage,container_cpu_usage,0.00840574036511142
1776463333.63,recommendation,recommendation-5b46f7469c-g2rgb,memory_usage,container_memory_working_set_bytes,46891008.0
1776463333.63,recommendation,recommendation-5b46f7469c-rjwxq,cpu_usage,container_cpu_usage,0.01769872500000247
1776463333.63,recommendation,recommendation-5b46f7469c-rjwxq,memory_usage,container_memory_working_set_bytes,47869952.0
1776463333.63,recommendation,recommendation-5b46f7469c-t2fm9,cpu_usage,container_cpu_usage,0.044541480989856524
1776463333.63,recommendation,recommendation-5b46f7469c-t2fm9,memory_usage,container_memory_working_set_bytes,52588544.0
1776463333.63,recommendation,recommendation::service,pod_restart_count,k8s_container_restarts,3.0
1776463333.63,recommendation,recommendation::service,pod_running_count,k8s_container_ready,3.0
1776463343.63,ad,3a8b9295-6ae2-4e8a-b9b0-a607d7fec0a4,dependency_error_ratio,trace_client_error_ratio,1.0
1776463343.63,ad,3a8b9295-6ae2-4e8a-b9b0-a607d7fec0a4,error_ratio,trace_server_error_ratio,0.0
1776463343.63,ad,3a8b9295-6ae2-4e8a-b9b0-a607d7fec0a4,latency_p95,trace_server_latency_p95,37.66666666666664
1776463343.63,ad,3a8b9295-6ae2-4e8a-b9b0-a607d7fec0a4,request_count,trace_server_count,1.31
1776463343.63,ad,5680c7ee-584c-4353-b6d2-93bc605a0324,dependency_error_ratio,trace_client_error_ratio,1.0
1776463343.63,ad,5680c7ee-584c-4353-b6d2-93bc605a0324,error_ratio,trace_server_error_ratio,0.0
1776463343.63,ad,5680c7ee-584c-4353-b6d2-93bc605a0324,latency_p95,trace_server_latency_p95,30.344827586206897
1776463343.63,ad,5680c7ee-584c-4353-b6d2-93bc605a0324,request_count,trace_server_count,2.85
1776463343.63,ad,9f9a3c1c-bd3f-40ea-8764-b59f1ebd2204,dependency_error_ratio,trace_client_error_ratio,1.0
1776463343.63,ad,ad-7fb5b4f859-52ks9,cpu_usage,container_cpu_usage,0.0024864924630511784
1776463343.63,ad,ad-7fb5b4f859-52ks9,memory_usage,container_memory_working_set_bytes,260411392.0
1776463343.63,ad,ad-7fb5b4f859-rd4zw,cpu_usage,container_cpu_usage,0.0013472440601001222
1776463343.63,ad,ad-7fb5b4f859-rd4zw,memory_usage,container_memory_working_set_bytes,238505984.0
1776463343.63,ad,ad-7fb5b4f859-zsstr,cpu_usage,container_cpu_usage,0.0034333739589710944
1776463343.63,ad,ad-7fb5b4f859-zsstr,memory_usage,container_memory_working_set_bytes,261894144.0
1776463343.63,ad,ad::service,pod_restart_count,k8s_container_restarts,3.0
1776463343.63,ad,ad::service,pod_running_count,k8s_container_ready,3.0
1776463343.63,cart,cart-7c7496d7f-th7mc,cpu_usage,container_cpu_usage,0.04928415615615706
1776463343.63,cart,cart-7c7496d7f-th7mc,memory_usage,container_memory_working_set_bytes,63107072.0
1776463343.63,cart,cart::service,pod_restart_count,k8s_container_restarts,1.0
1776463343.63,cart,cart::service,pod_running_count,k8s_container_ready,1.0
1776463343.63,cart,f1f3afac-3031-4c18-925a-048232421d89,dependency_error_ratio,trace_client_error_ratio,0.0
1776463343.63,cart,f1f3afac-3031-4c18-925a-048232421d89,error_ratio,trace_server_error_ratio,0.0
1776463343.63,cart,f1f3afac-3031-4c18-925a-048232421d89,latency_p95,trace_server_latency_p95,21.566878980891744
1776463343.63,cart,f1f3afac-3031-4c18-925a-048232421d89,request_count,trace_server_count,22.32
1776463343.63,checkout,4755bdbd-5ad9-49fa-acb7-3a7dcb6a9277,dependency_error_ratio,trace_client_error_ratio,0.01752336448598131
1776463343.63,checkout,4755bdbd-5ad9-49fa-acb7-3a7dcb6a9277,error_ratio,trace_server_error_ratio,0.16071428571428573
1776463343.63,checkout,4755bdbd-5ad9-49fa-acb7-3a7dcb6a9277,latency_p95,trace_server_latency_p95,4571.428571428571
1776463343.63,checkout,4755bdbd-5ad9-49fa-acb7-3a7dcb6a9277,request_count,trace_server_count,2.8
1776463343.63,checkout,bb49e6b9-109a-41b8-be66-ab2a38272474,dependency_error_ratio,trace_client_error_ratio,0.0
1776463343.63,checkout,bb49e6b9-109a-41b8-be66-ab2a38272474,error_ratio,trace_server_error_ratio,0.0
1776463343.63,checkout,bb49e6b9-109a-41b8-be66-ab2a38272474,request_count,trace_server_count,0.0
1776463343.63,checkout,bc5804df-6f63-4261-8788-8ecfe5481366,dependency_error_ratio,trace_client_error_ratio,0.0011534025374855825
1776463343.63,checkout,bc5804df-6f63-4261-8788-8ecfe5481366,error_ratio,trace_server_error_ratio,0.0
1776463343.63,checkout,bc5804df-6f63-4261-8788-8ecfe5481366,latency_p95,trace_server_latency_p95,398.88888888888897
1776463343.63,checkout,bc5804df-6f63-4261-8788-8ecfe5481366,request_count,trace_server_count,0.81
1776463343.63,checkout,checkout-7f4ccfc547-6crwh,cpu_usage,container_cpu_usage,0.10591504297994131
1776463343.63,checkout,checkout-7f4ccfc547-6crwh,memory_usage,container_memory_working_set_bytes,14856192.0
1776463343.63,checkout,checkout-7f4ccfc547-ftx2n,cpu_usage,container_cpu_usage,0.00048770045150243357
1776463343.63,checkout,checkout-7f4ccfc547-ftx2n,memory_usage,container_memory_working_set_bytes,12156928.0
1776463343.63,checkout,checkout-7f4ccfc547-qlfgr,cpu_usage,container_cpu_usage,0.05336416195892481
1776463343.63,checkout,checkout-7f4ccfc547-qlfgr,memory_usage,container_memory_working_set_bytes,14950400.0
1776463343.63,checkout,checkout::service,pod_restart_count,k8s_container_restarts,45.0
1776463343.63,checkout,checkout::service,pod_running_count,k8s_container_ready,3.0
1776463343.63,email,email-5dcf48b665-66zvj,cpu_usage,container_cpu_usage,0.001255458869312295
1776463343.63,email,email-5dcf48b665-66zvj,memory_usage,container_memory_working_set_bytes,59588608.0
1776463343.63,email,email-5dcf48b665-9xxmx,cpu_usage,container_cpu_usage,0.006421363341103259
1776463343.63,email,email-5dcf48b665-9xxmx,memory_usage,container_memory_working_set_bytes,56168448.0
1776463343.63,email,email-5dcf48b665-n4zf2,cpu_usage,container_cpu_usage,0.009660472242250145
1776463343.63,email,email-5dcf48b665-n4zf2,memory_usage,container_memory_working_set_bytes,54661120.0
1776463343.63,email,email::service,pod_restart_count,k8s_container_restarts,9.0
1776463343.63,email,email::service,pod_running_count,k8s_container_ready,3.0
1776463343.63,email,otel-demo.email-5dcf48b665-66zvj.email,error_ratio,trace_server_error_ratio,0.0
1776463343.63,email,otel-demo.email-5dcf48b665-66zvj.email,latency_p95,trace_server_latency_p95,40.3478260869565
1776463343.63,email,otel-demo.email-5dcf48b665-66zvj.email,request_count,trace_server_count,1.11
1776463343.63,email,otel-demo.email-5dcf48b665-9xxmx.email,error_ratio,trace_server_error_ratio,0.0
1776463343.63,email,otel-demo.email-5dcf48b665-9xxmx.email,latency_p95,trace_server_latency_p95,41.727272727272734
1776463343.63,email,otel-demo.email-5dcf48b665-9xxmx.email,request_count,trace_server_count,0.91
1776463343.63,email,otel-demo.email-5dcf48b665-n4zf2.email,error_ratio,trace_server_error_ratio,0.0
1776463343.63,email,otel-demo.email-5dcf48b665-n4zf2.email,latency_p95,trace_server_latency_p95,41.812499999999986
1776463343.63,email,otel-demo.email-5dcf48b665-n4zf2.email,request_count,trace_server_count,1.31
1776463343.63,frontend,frontend-b78bf7696-6bjdg,cpu_usage,container_cpu_usage,2.2012895457568904
1776463343.63,frontend,frontend-b78bf7696-6bjdg,memory_usage,container_memory_working_set_bytes,128479232.0
1776463343.63,frontend,frontend-b78bf7696-77ldd,cpu_usage,container_cpu_usage,2.264521233544599
1776463343.63,frontend,frontend-b78bf7696-77ldd,memory_usage,container_memory_working_set_bytes,118345728.0
1776463343.63,frontend,frontend-b78bf7696-p9kqx,cpu_usage,container_cpu_usage,2.1175557090787738
1776463343.63,frontend,frontend-b78bf7696-p9kqx,memory_usage,container_memory_working_set_bytes,123097088.0
1776463343.63,frontend,frontend::service,pod_restart_count,k8s_container_restarts,3.0
1776463343.63,frontend,frontend::service,pod_running_count,k8s_container_ready,3.0
1776463343.63,frontend,otel-demo.frontend-b78bf7696-6bjdg.frontend,dependency_error_ratio,trace_client_error_ratio,0.0011867088607594935
1776463343.63,frontend,otel-demo.frontend-b78bf7696-6bjdg.frontend,error_ratio,trace_server_error_ratio,0.000880023467292461
1776463343.63,frontend,otel-demo.frontend-b78bf7696-6bjdg.frontend,http_5xx_ratio,http_server_5xx_ratio,0.019142519994755476
1776463343.63,frontend,otel-demo.frontend-b78bf7696-6bjdg.frontend,latency_p95,trace_server_latency_p95,182.66666666666646
1776463343.63,frontend,otel-demo.frontend-b78bf7696-6bjdg.frontend,request_count,trace_server_count,34.09
1776463343.63,frontend,otel-demo.frontend-b78bf7696-77ldd.frontend,dependency_error_ratio,trace_client_error_ratio,0.0
1776463343.63,frontend,otel-demo.frontend-b78bf7696-77ldd.frontend,error_ratio,trace_server_error_ratio,0.0
1776463343.63,frontend,otel-demo.frontend-b78bf7696-77ldd.frontend,http_5xx_ratio,http_server_5xx_ratio,0.01513067400275103
1776463343.63,frontend,otel-demo.frontend-b78bf7696-77ldd.frontend,latency_p95,trace_server_latency_p95,469.9999999999818
1776463343.63,frontend,otel-demo.frontend-b78bf7696-77ldd.frontend,request_count,trace_server_count,25.73
1776463343.63,frontend,otel-demo.frontend-b78bf7696-p9kqx.frontend,dependency_error_ratio,trace_client_error_ratio,0.0012842465753424657
1776463343.63,frontend,otel-demo.frontend-b78bf7696-p9kqx.frontend,error_ratio,trace_server_error_ratio,0.000985869208018403
1776463343.63,frontend,otel-demo.frontend-b78bf7696-p9kqx.frontend,http_5xx_ratio,http_server_5xx_ratio,0.015201379094185863
1776463343.63,frontend,otel-demo.frontend-b78bf7696-p9kqx.frontend,latency_p95,trace_server_latency_p95,193.96449704141997
1776463343.63,frontend,otel-demo.frontend-b78bf7696-p9kqx.frontend,request_count,trace_server_count,30.43
1776463343.63,kafka,kafka-66df8bdf76-zjcbb,cpu_usage,container_cpu_usage,0.01175038381725075
1776463343.63,kafka,kafka-66df8bdf76-zjcbb,memory_usage,container_memory_working_set_bytes,667377664.0
1776463343.63,kafka,kafka::service,pod_restart_count,k8s_container_restarts,9.0
1776463343.63,kafka,kafka::service,pod_running_count,k8s_container_ready,1.0
1776463343.63,kafka,kafka::service,queue_lag,queue_size_ratio,0.0
1776463343.63,payment,otel-demo.payment-f9f8d647b-74h8z.payment,dependency_error_ratio,trace_client_error_ratio,0.0
1776463343.63,payment,otel-demo.payment-f9f8d647b-74h8z.payment,error_ratio,trace_server_error_ratio,0.0
1776463343.63,payment,otel-demo.payment-f9f8d647b-74h8z.payment,request_count,trace_server_count,0.0
1776463343.63,payment,otel-demo.payment-f9f8d647b-75hmx.payment,dependency_error_ratio,trace_client_error_ratio,0.0
1776463343.63,payment,otel-demo.payment-f9f8d647b-75hmx.payment,error_ratio,trace_server_error_ratio,0.0
1776463343.63,payment,otel-demo.payment-f9f8d647b-75hmx.payment,request_count,trace_server_count,0.0
1776463343.63,payment,otel-demo.payment-f9f8d647b-tv6l5.payment,dependency_error_ratio,trace_client_error_ratio,0.0
1776463343.63,payment,otel-demo.payment-f9f8d647b-tv6l5.payment,error_ratio,trace_server_error_ratio,0.0
1776463343.63,payment,otel-demo.payment-f9f8d647b-tv6l5.payment,request_count,trace_server_count,0.0
1776463343.63,payment,payment-f9f8d647b-74h8z,cpu_usage,container_cpu_usage,0.01299579325606369
1776463343.63,payment,payment-f9f8d647b-74h8z,memory_usage,container_memory_working_set_bytes,109780992.0
1776463343.63,payment,payment-f9f8d647b-75hmx,cpu_usage,container_cpu_usage,0.01385926995549626
1776463343.63,payment,payment-f9f8d647b-75hmx,memory_usage,container_memory_working_set_bytes,109613056.0
1776463343.63,payment,payment-f9f8d647b-tv6l5,cpu_usage,container_cpu_usage,0.00897626518110604
1776463343.63,payment,payment-f9f8d647b-tv6l5,memory_usage,container_memory_working_set_bytes,101228544.0
1776463343.63,payment,payment::service,pod_restart_count,k8s_container_restarts,39.0
1776463343.63,payment,payment::service,pod_running_count,k8s_container_ready,3.0
1776463343.63,product-catalog,otel-demo.product-catalog-784544475c-7crs7.product-catalog,dependency_error_ratio,trace_client_error_ratio,0.0
1776463343.63,product-catalog,otel-demo.product-catalog-784544475c-7crs7.product-catalog,error_ratio,trace_server_error_ratio,1.0
1776463343.63,product-catalog,otel-demo.product-catalog-784544475c-7crs7.product-catalog,latency_p95,trace_server_latency_p95,14687.5
1776463343.63,product-catalog,otel-demo.product-catalog-784544475c-7crs7.product-catalog,request_count,trace_server_count,0.25
1776463343.63,product-catalog,otel-demo.product-catalog-784544475c-8skc7.product-catalog,dependency_error_ratio,trace_client_error_ratio,0.0
1776463343.63,product-catalog,otel-demo.product-catalog-784544475c-8skc7.product-catalog,error_ratio,trace_server_error_ratio,0.0
1776463343.63,product-catalog,otel-demo.product-catalog-784544475c-8skc7.product-catalog,request_count,trace_server_count,0.0
1776463343.63,product-catalog,otel-demo.product-catalog-784544475c-stwzc.product-catalog,dependency_error_ratio,trace_client_error_ratio,0.0
1776463343.63,product-catalog,otel-demo.product-catalog-784544475c-stwzc.product-catalog,error_ratio,trace_server_error_ratio,1.0
1776463343.63,product-catalog,otel-demo.product-catalog-784544475c-stwzc.product-catalog,latency_p95,trace_server_latency_p95,15000.0
1776463343.63,product-catalog,otel-demo.product-catalog-784544475c-stwzc.product-catalog,request_count,trace_server_count,0.4
1776463343.63,product-catalog,product-catalog-784544475c-7crs7,cpu_usage,container_cpu_usage,0.11891145870575609
1776463343.63,product-catalog,product-catalog-784544475c-7crs7,memory_usage,container_memory_working_set_bytes,13742080.0
1776463343.63,product-catalog,product-catalog-784544475c-8skc7,cpu_usage,container_cpu_usage,0.0004591349137396054
1776463343.63,product-catalog,product-catalog-784544475c-8skc7,memory_usage,container_memory_working_set_bytes,43372544.0
1776463343.63,product-catalog,product-catalog-784544475c-stwzc,cpu_usage,container_cpu_usage,0.02767325938488335
1776463343.63,product-catalog,product-catalog-784544475c-stwzc,memory_usage,container_memory_working_set_bytes,16322560.0
1776463343.63,product-catalog,product-catalog::service,pod_restart_count,k8s_container_restarts,39.0
1776463343.63,product-catalog,product-catalog::service,pod_running_count,k8s_container_ready,3.0
1776463343.63,recommendation,otel-demo.recommendation-5b46f7469c-g2rgb.recommendation,dependency_error_ratio,trace_client_error_ratio,1.0
1776463343.63,recommendation,otel-demo.recommendation-5b46f7469c-rjwxq.recommendation,dependency_error_ratio,trace_client_error_ratio,0.10465116279069767
1776463343.63,recommendation,otel-demo.recommendation-5b46f7469c-rjwxq.recommendation,error_ratio,trace_server_error_ratio,0.0
1776463343.63,recommendation,otel-demo.recommendation-5b46f7469c-rjwxq.recommendation,latency_p95,trace_server_latency_p95,11124.99999999997
1776463343.63,recommendation,otel-demo.recommendation-5b46f7469c-rjwxq.recommendation,request_count,trace_server_count,1.71
1776463343.63,recommendation,otel-demo.recommendation-5b46f7469c-t2fm9.recommendation,dependency_error_ratio,trace_client_error_ratio,0.0064516129032258064
1776463343.63,recommendation,otel-demo.recommendation-5b46f7469c-t2fm9.recommendation,error_ratio,trace_server_error_ratio,0.0
1776463343.63,recommendation,otel-demo.recommendation-5b46f7469c-t2fm9.recommendation,latency_p95,trace_server_latency_p95,48.41379310344828
1776463343.63,recommendation,otel-demo.recommendation-5b46f7469c-t2fm9.recommendation,request_count,trace_server_count,3.09
1776463343.63,recommendation,recommendation-5b46f7469c-g2rgb,cpu_usage,container_cpu_usage,0.008197822914134546
1776463343.63,recommendation,recommendation-5b46f7469c-g2rgb,memory_usage,container_memory_working_set_bytes,46891008.0
1776463343.63,recommendation,recommendation-5b46f7469c-rjwxq,cpu_usage,container_cpu_usage,0.02433315192363899
1776463343.63,recommendation,recommendation-5b46f7469c-rjwxq,memory_usage,container_memory_working_set_bytes,47910912.0
1776463343.63,recommendation,recommendation-5b46f7469c-t2fm9,cpu_usage,container_cpu_usage,0.03299527947438626
1776463343.63,recommendation,recommendation-5b46f7469c-t2fm9,memory_usage,container_memory_working_set_bytes,52588544.0
1776463343.63,recommendation,recommendation::service,pod_restart_count,k8s_container_restarts,3.0
1776463343.63,recommendation,recommendation::service,pod_running_count,k8s_container_ready,3.0
1776463353.63,ad,3a8b9295-6ae2-4e8a-b9b0-a607d7fec0a4,dependency_error_ratio,trace_client_error_ratio,0.0
1776463353.63,ad,3a8b9295-6ae2-4e8a-b9b0-a607d7fec0a4,error_ratio,trace_server_error_ratio,0.0
1776463353.63,ad,3a8b9295-6ae2-4e8a-b9b0-a607d7fec0a4,request_count,trace_server_count,0.0
1776463353.63,ad,5680c7ee-584c-4353-b6d2-93bc605a0324,dependency_error_ratio,trace_client_error_ratio,0.0
1776463353.63,ad,5680c7ee-584c-4353-b6d2-93bc605a0324,error_ratio,trace_server_error_ratio,0.0
1776463353.63,ad,5680c7ee-584c-4353-b6d2-93bc605a0324,request_count,trace_server_count,0.0
1776463353.63,ad,9f9a3c1c-bd3f-40ea-8764-b59f1ebd2204,dependency_error_ratio,trace_client_error_ratio,0.0
1776463353.63,ad,ad-7fb5b4f859-52ks9,cpu_usage,container_cpu_usage,0.0024551953567384277
1776463353.63,ad,ad-7fb5b4f859-52ks9,memory_usage,container_memory_working_set_bytes,260411392.0
1776463353.63,ad,ad-7fb5b4f859-rd4zw,cpu_usage,container_cpu_usage,0.0014000252652866124
1776463353.63,ad,ad-7fb5b4f859-rd4zw,memory_usage,container_memory_working_set_bytes,238505984.0
1776463353.63,ad,ad-7fb5b4f859-zsstr,cpu_usage,container_cpu_usage,0.003679334268789826
1776463353.63,ad,ad-7fb5b4f859-zsstr,memory_usage,container_memory_working_set_bytes,261894144.0
1776463353.63,ad,ad::service,pod_restart_count,k8s_container_restarts,3.0
1776463353.63,ad,ad::service,pod_running_count,k8s_container_ready,3.0
1776463353.63,cart,cart-7c7496d7f-th7mc,cpu_usage,container_cpu_usage,0.0475701486169406
1776463353.63,cart,cart-7c7496d7f-th7mc,memory_usage,container_memory_working_set_bytes,63119360.0
1776463353.63,cart,cart::service,pod_restart_count,k8s_container_restarts,1.0
1776463353.63,cart,cart::service,pod_running_count,k8s_container_ready,1.0
1776463353.63,cart,f1f3afac-3031-4c18-925a-048232421d89,dependency_error_ratio,trace_client_error_ratio,0.0
1776463353.63,cart,f1f3afac-3031-4c18-925a-048232421d89,error_ratio,trace_server_error_ratio,0.0
1776463353.63,cart,f1f3afac-3031-4c18-925a-048232421d89,request_count,trace_server_count,0.0
1776463353.63,checkout,4755bdbd-5ad9-49fa-acb7-3a7dcb6a9277,dependency_error_ratio,trace_client_error_ratio,0.0
1776463353.63,checkout,4755bdbd-5ad9-49fa-acb7-3a7dcb6a9277,error_ratio,trace_server_error_ratio,0.0
1776463353.63,checkout,4755bdbd-5ad9-49fa-acb7-3a7dcb6a9277,request_count,trace_server_count,0.0
1776463353.63,checkout,bb49e6b9-109a-41b8-be66-ab2a38272474,dependency_error_ratio,trace_client_error_ratio,0.0
1776463353.63,checkout,bb49e6b9-109a-41b8-be66-ab2a38272474,error_ratio,trace_server_error_ratio,0.0
1776463353.63,checkout,bb49e6b9-109a-41b8-be66-ab2a38272474,request_count,trace_server_count,0.0
1776463353.63,checkout,bc5804df-6f63-4261-8788-8ecfe5481366,dependency_error_ratio,trace_client_error_ratio,0.0
1776463353.63,checkout,bc5804df-6f63-4261-8788-8ecfe5481366,error_ratio,trace_server_error_ratio,0.0
1776463353.63,checkout,bc5804df-6f63-4261-8788-8ecfe5481366,request_count,trace_server_count,0.0
1776463353.63,checkout,checkout-7f4ccfc547-6crwh,cpu_usage,container_cpu_usage,0.10294074148903949
1776463353.63,checkout,checkout-7f4ccfc547-6crwh,memory_usage,container_memory_working_set_bytes,14761984.0
1776463353.63,checkout,checkout-7f4ccfc547-ftx2n,cpu_usage,container_cpu_usage,0.0005388672118588334
1776463353.63,checkout,checkout-7f4ccfc547-ftx2n,memory_usage,container_memory_working_set_bytes,12312576.0
1776463353.63,checkout,checkout-7f4ccfc547-qlfgr,cpu_usage,container_cpu_usage,0.039658319177626515
1776463353.63,checkout,checkout-7f4ccfc547-qlfgr,memory_usage,container_memory_working_set_bytes,14864384.0
1776463353.63,checkout,checkout::service,pod_restart_count,k8s_container_restarts,45.0
1776463353.63,checkout,checkout::service,pod_running_count,k8s_container_ready,3.0
1776463353.63,email,email-5dcf48b665-66zvj,cpu_usage,container_cpu_usage,0.001255458869312295
1776463353.63,email,email-5dcf48b665-66zvj,memory_usage,container_memory_working_set_bytes,59588608.0
1776463353.63,email,email-5dcf48b665-9xxmx,cpu_usage,container_cpu_usage,0.005306697572282185
1776463353.63,email,email-5dcf48b665-9xxmx,memory_usage,container_memory_working_set_bytes,56168448.0
1776463353.63,email,email-5dcf48b665-n4zf2,cpu_usage,container_cpu_usage,0.013461581048399411
1776463353.63,email,email-5dcf48b665-n4zf2,memory_usage,container_memory_working_set_bytes,54661120.0
1776463353.63,email,email::service,pod_restart_count,k8s_container_restarts,9.0
1776463353.63,email,email::service,pod_running_count,k8s_container_ready,3.0
1776463353.63,email,otel-demo.email-5dcf48b665-66zvj.email,error_ratio,trace_server_error_ratio,0.0
1776463353.63,email,otel-demo.email-5dcf48b665-66zvj.email,request_count,trace_server_count,0.0
1776463353.63,email,otel-demo.email-5dcf48b665-9xxmx.email,error_ratio,trace_server_error_ratio,0.0
1776463353.63,email,otel-demo.email-5dcf48b665-9xxmx.email,request_count,trace_server_count,0.0
1776463353.63,email,otel-demo.email-5dcf48b665-n4zf2.email,error_ratio,trace_server_error_ratio,0.0
1776463353.63,email,otel-demo.email-5dcf48b665-n4zf2.email,request_count,trace_server_count,0.0
1776463353.63,frontend,frontend-b78bf7696-6bjdg,cpu_usage,container_cpu_usage,1.8954934076239716
1776463353.63,frontend,frontend-b78bf7696-6bjdg,memory_usage,container_memory_working_set_bytes,128479232.0
1776463353.63,frontend,frontend-b78bf7696-77ldd,cpu_usage,container_cpu_usage,2.192177455269408
1776463353.63,frontend,frontend-b78bf7696-77ldd,memory_usage,container_memory_working_set_bytes,117624832.0
1776463353.63,frontend,frontend-b78bf7696-p9kqx,cpu_usage,container_cpu_usage,2.1902474649406662
1776463353.63,frontend,frontend-b78bf7696-p9kqx,memory_usage,container_memory_working_set_bytes,122920960.0
1776463353.63,frontend,frontend::service,pod_restart_count,k8s_container_restarts,3.0
1776463353.63,frontend,frontend::service,pod_running_count,k8s_container_ready,3.0
1776463353.63,frontend,otel-demo.frontend-b78bf7696-6bjdg.frontend,dependency_error_ratio,trace_client_error_ratio,0.0
1776463353.63,frontend,otel-demo.frontend-b78bf7696-6bjdg.frontend,error_ratio,trace_server_error_ratio,0.0
1776463353.63,frontend,otel-demo.frontend-b78bf7696-6bjdg.frontend,http_5xx_ratio,http_server_5xx_ratio,0.0
1776463353.63,frontend,otel-demo.frontend-b78bf7696-6bjdg.frontend,request_count,trace_server_count,0.0
1776463353.63,frontend,otel-demo.frontend-b78bf7696-77ldd.frontend,dependency_error_ratio,trace_client_error_ratio,0.0
1776463353.63,frontend,otel-demo.frontend-b78bf7696-77ldd.frontend,error_ratio,trace_server_error_ratio,0.0
1776463353.63,frontend,otel-demo.frontend-b78bf7696-77ldd.frontend,http_5xx_ratio,http_server_5xx_ratio,0.0
1776463353.63,frontend,otel-demo.frontend-b78bf7696-77ldd.frontend,request_count,trace_server_count,0.0
1776463353.63,frontend,otel-demo.frontend-b78bf7696-p9kqx.frontend,dependency_error_ratio,trace_client_error_ratio,0.0
1776463353.63,frontend,otel-demo.frontend-b78bf7696-p9kqx.frontend,error_ratio,trace_server_error_ratio,0.0
1776463353.63,frontend,otel-demo.frontend-b78bf7696-p9kqx.frontend,http_5xx_ratio,http_server_5xx_ratio,0.0
1776463353.63,frontend,otel-demo.frontend-b78bf7696-p9kqx.frontend,request_count,trace_server_count,0.0
1776463353.63,kafka,kafka-66df8bdf76-zjcbb,cpu_usage,container_cpu_usage,0.016569404675413683
1776463353.63,kafka,kafka-66df8bdf76-zjcbb,memory_usage,container_memory_working_set_bytes,667410432.0
1776463353.63,kafka,kafka::service,pod_restart_count,k8s_container_restarts,9.0
1776463353.63,kafka,kafka::service,pod_running_count,k8s_container_ready,1.0
1776463353.63,kafka,kafka::service,queue_lag,queue_size_ratio,0.0
1776463353.63,payment,otel-demo.payment-f9f8d647b-74h8z.payment,dependency_error_ratio,trace_client_error_ratio,0.0
1776463353.63,payment,otel-demo.payment-f9f8d647b-74h8z.payment,error_ratio,trace_server_error_ratio,0.0
1776463353.63,payment,otel-demo.payment-f9f8d647b-74h8z.payment,request_count,trace_server_count,0.0
1776463353.63,payment,otel-demo.payment-f9f8d647b-75hmx.payment,dependency_error_ratio,trace_client_error_ratio,0.0
1776463353.63,payment,otel-demo.payment-f9f8d647b-75hmx.payment,error_ratio,trace_server_error_ratio,0.0
1776463353.63,payment,otel-demo.payment-f9f8d647b-75hmx.payment,request_count,trace_server_count,0.0
1776463353.63,payment,otel-demo.payment-f9f8d647b-tv6l5.payment,dependency_error_ratio,trace_client_error_ratio,0.0
1776463353.63,payment,otel-demo.payment-f9f8d647b-tv6l5.payment,error_ratio,trace_server_error_ratio,0.0
1776463353.63,payment,otel-demo.payment-f9f8d647b-tv6l5.payment,request_count,trace_server_count,0.0
1776463353.63,payment,payment-f9f8d647b-74h8z,cpu_usage,container_cpu_usage,0.011676053962900638
1776463353.63,payment,payment-f9f8d647b-74h8z,memory_usage,container_memory_working_set_bytes,109780992.0
1776463353.63,payment,payment-f9f8d647b-75hmx,cpu_usage,container_cpu_usage,0.013325511163918728
1776463353.63,payment,payment-f9f8d647b-75hmx,memory_usage,container_memory_working_set_bytes,109613056.0
1776463353.63,payment,payment-f9f8d647b-tv6l5,cpu_usage,container_cpu_usage,0.009392179281957415
1776463353.63,payment,payment-f9f8d647b-tv6l5,memory_usage,container_memory_working_set_bytes,101228544.0
1776463353.63,payment,payment::service,pod_restart_count,k8s_container_restarts,39.0
1776463353.63,payment,payment::service,pod_running_count,k8s_container_ready,3.0
1776463353.63,product-catalog,otel-demo.product-catalog-784544475c-7crs7.product-catalog,dependency_error_ratio,trace_client_error_ratio,0.0
1776463353.63,product-catalog,otel-demo.product-catalog-784544475c-7crs7.product-catalog,error_ratio,trace_server_error_ratio,0.0
1776463353.63,product-catalog,otel-demo.product-catalog-784544475c-7crs7.product-catalog,request_count,trace_server_count,0.0
1776463353.63,product-catalog,otel-demo.product-catalog-784544475c-8skc7.product-catalog,dependency_error_ratio,trace_client_error_ratio,0.0
1776463353.63,product-catalog,otel-demo.product-catalog-784544475c-8skc7.product-catalog,error_ratio,trace_server_error_ratio,0.0
1776463353.63,product-catalog,otel-demo.product-catalog-784544475c-8skc7.product-catalog,request_count,trace_server_count,0.0
1776463353.63,product-catalog,otel-demo.product-catalog-784544475c-stwzc.product-catalog,dependency_error_ratio,trace_client_error_ratio,0.0
1776463353.63,product-catalog,otel-demo.product-catalog-784544475c-stwzc.product-catalog,error_ratio,trace_server_error_ratio,0.0
1776463353.63,product-catalog,otel-demo.product-catalog-784544475c-stwzc.product-catalog,request_count,trace_server_count,0.0
1776463353.63,product-catalog,product-catalog-784544475c-7crs7,cpu_usage,container_cpu_usage,0.08247800140745952
1776463353.63,product-catalog,product-catalog-784544475c-7crs7,memory_usage,container_memory_working_set_bytes,13742080.0
1776463353.63,product-catalog,product-catalog-784544475c-8skc7,cpu_usage,container_cpu_usage,0.00045534157181165266
1776463353.63,product-catalog,product-catalog-784544475c-8skc7,memory_usage,container_memory_working_set_bytes,43462656.0
1776463353.63,product-catalog,product-catalog-784544475c-stwzc,cpu_usage,container_cpu_usage,0.026270039489734727
1776463353.63,product-catalog,product-catalog-784544475c-stwzc,memory_usage,container_memory_working_set_bytes,16093184.0
1776463353.63,product-catalog,product-catalog::service,pod_restart_count,k8s_container_restarts,39.0
1776463353.63,product-catalog,product-catalog::service,pod_running_count,k8s_container_ready,3.0
1776463353.63,recommendation,otel-demo.recommendation-5b46f7469c-g2rgb.recommendation,dependency_error_ratio,trace_client_error_ratio,0.0
1776463353.63,recommendation,otel-demo.recommendation-5b46f7469c-rjwxq.recommendation,dependency_error_ratio,trace_client_error_ratio,0.0
1776463353.63,recommendation,otel-demo.recommendation-5b46f7469c-rjwxq.recommendation,error_ratio,trace_server_error_ratio,0.0
1776463353.63,recommendation,otel-demo.recommendation-5b46f7469c-rjwxq.recommendation,request_count,trace_server_count,0.0
1776463353.63,recommendation,otel-demo.recommendation-5b46f7469c-t2fm9.recommendation,dependency_error_ratio,trace_client_error_ratio,0.0
1776463353.63,recommendation,otel-demo.recommendation-5b46f7469c-t2fm9.recommendation,error_ratio,trace_server_error_ratio,0.0
1776463353.63,recommendation,otel-demo.recommendation-5b46f7469c-t2fm9.recommendation,request_count,trace_server_count,0.0
1776463353.63,recommendation,recommendation-5b46f7469c-g2rgb,cpu_usage,container_cpu_usage,0.010091507387701724
1776463353.63,recommendation,recommendation-5b46f7469c-g2rgb,memory_usage,container_memory_working_set_bytes,46891008.0
1776463353.63,recommendation,recommendation-5b46f7469c-rjwxq,cpu_usage,container_cpu_usage,0.019646075314173318
1776463353.63,recommendation,recommendation-5b46f7469c-rjwxq,memory_usage,container_memory_working_set_bytes,47869952.0
1776463353.63,recommendation,recommendation-5b46f7469c-t2fm9,cpu_usage,container_cpu_usage,0.029255120213716544
1776463353.63,recommendation,recommendation-5b46f7469c-t2fm9,memory_usage,container_memory_working_set_bytes,52588544.0
1776463353.63,recommendation,recommendation::service,pod_restart_count,k8s_container_restarts,3.0
1776463353.63,recommendation,recommendation::service,pod_running_count,k8s_container_ready,3.0
1776463363.63,ad,3a8b9295-6ae2-4e8a-b9b0-a607d7fec0a4,dependency_error_ratio,trace_client_error_ratio,0.0
1776463363.63,ad,3a8b9295-6ae2-4e8a-b9b0-a607d7fec0a4,error_ratio,trace_server_error_ratio,0.0
1776463363.63,ad,3a8b9295-6ae2-4e8a-b9b0-a607d7fec0a4,request_count,trace_server_count,0.0
1776463363.63,ad,5680c7ee-584c-4353-b6d2-93bc605a0324,dependency_error_ratio,trace_client_error_ratio,0.0
1776463363.63,ad,5680c7ee-584c-4353-b6d2-93bc605a0324,error_ratio,trace_server_error_ratio,0.0
1776463363.63,ad,5680c7ee-584c-4353-b6d2-93bc605a0324,request_count,trace_server_count,0.0
1776463363.63,ad,9f9a3c1c-bd3f-40ea-8764-b59f1ebd2204,dependency_error_ratio,trace_client_error_ratio,0.0
1776463363.63,ad,ad-7fb5b4f859-52ks9,cpu_usage,container_cpu_usage,0.002855368665458526
1776463363.63,ad,ad-7fb5b4f859-52ks9,memory_usage,container_memory_working_set_bytes,260415488.0
1776463363.63,ad,ad-7fb5b4f859-rd4zw,cpu_usage,container_cpu_usage,0.001571170148619558
1776463363.63,ad,ad-7fb5b4f859-rd4zw,memory_usage,container_memory_working_set_bytes,238411776.0
1776463363.63,ad,ad-7fb5b4f859-zsstr,cpu_usage,container_cpu_usage,0.00393686425054732
1776463363.63,ad,ad-7fb5b4f859-zsstr,memory_usage,container_memory_working_set_bytes,261894144.0
1776463363.63,ad,ad::service,pod_restart_count,k8s_container_restarts,3.0
1776463363.63,ad,ad::service,pod_running_count,k8s_container_ready,3.0
1776463363.63,cart,cart-7c7496d7f-th7mc,cpu_usage,container_cpu_usage,0.045860589037138765
1776463363.63,cart,cart-7c7496d7f-th7mc,memory_usage,container_memory_working_set_bytes,62988288.0
1776463363.63,cart,cart::service,pod_restart_count,k8s_container_restarts,1.0
1776463363.63,cart,cart::service,pod_running_count,k8s_container_ready,1.0
1776463363.63,cart,f1f3afac-3031-4c18-925a-048232421d89,dependency_error_ratio,trace_client_error_ratio,0.0
1776463363.63,cart,f1f3afac-3031-4c18-925a-048232421d89,error_ratio,trace_server_error_ratio,0.0
1776463363.63,cart,f1f3afac-3031-4c18-925a-048232421d89,request_count,trace_server_count,0.0
1776463363.63,checkout,4755bdbd-5ad9-49fa-acb7-3a7dcb6a9277,dependency_error_ratio,trace_client_error_ratio,0.0
1776463363.63,checkout,4755bdbd-5ad9-49fa-acb7-3a7dcb6a9277,error_ratio,trace_server_error_ratio,0.0
1776463363.63,checkout,4755bdbd-5ad9-49fa-acb7-3a7dcb6a9277,request_count,trace_server_count,0.0
1776463363.63,checkout,bb49e6b9-109a-41b8-be66-ab2a38272474,dependency_error_ratio,trace_client_error_ratio,0.0
1776463363.63,checkout,bb49e6b9-109a-41b8-be66-ab2a38272474,error_ratio,trace_server_error_ratio,0.0
1776463363.63,checkout,bb49e6b9-109a-41b8-be66-ab2a38272474,request_count,trace_server_count,0.0
1776463363.63,checkout,bc5804df-6f63-4261-8788-8ecfe5481366,dependency_error_ratio,trace_client_error_ratio,0.0
1776463363.63,checkout,bc5804df-6f63-4261-8788-8ecfe5481366,error_ratio,trace_server_error_ratio,0.0
1776463363.63,checkout,bc5804df-6f63-4261-8788-8ecfe5481366,request_count,trace_server_count,0.0
1776463363.63,checkout,checkout-7f4ccfc547-6crwh,cpu_usage,container_cpu_usage,0.10703287210756808
1776463363.63,checkout,checkout-7f4ccfc547-6crwh,memory_usage,container_memory_working_set_bytes,16048128.0
1776463363.63,checkout,checkout-7f4ccfc547-ftx2n,cpu_usage,container_cpu_usage,0.0005170392393347
1776463363.63,checkout,checkout-7f4ccfc547-ftx2n,memory_usage,container_memory_working_set_bytes,12312576.0
1776463363.63,checkout,checkout-7f4ccfc547-qlfgr,cpu_usage,container_cpu_usage,0.032194872490503686
1776463363.63,checkout,checkout-7f4ccfc547-qlfgr,memory_usage,container_memory_working_set_bytes,14864384.0
1776463363.63,checkout,checkout::service,pod_restart_count,k8s_container_restarts,45.0
1776463363.63,checkout,checkout::service,pod_running_count,k8s_container_ready,3.0
1776463363.63,email,email-5dcf48b665-66zvj,cpu_usage,container_cpu_usage,0.002425542507394908
1776463363.63,email,email-5dcf48b665-66zvj,memory_usage,container_memory_working_set_bytes,59637760.0
1776463363.63,email,email-5dcf48b665-9xxmx,cpu_usage,container_cpu_usage,0.005536711592670054
1776463363.63,email,email-5dcf48b665-9xxmx,memory_usage,container_memory_working_set_bytes,56094720.0
1776463363.63,email,email-5dcf48b665-n4zf2,cpu_usage,container_cpu_usage,0.012383702634161406
1776463363.63,email,email-5dcf48b665-n4zf2,memory_usage,container_memory_working_set_bytes,54255616.0
1776463363.63,email,email::service,pod_restart_count,k8s_container_restarts,9.0
1776463363.63,email,email::service,pod_running_count,k8s_container_ready,3.0
1776463363.63,email,otel-demo.email-5dcf48b665-66zvj.email,error_ratio,trace_server_error_ratio,0.0
1776463363.63,email,otel-demo.email-5dcf48b665-66zvj.email,request_count,trace_server_count,0.0
1776463363.63,email,otel-demo.email-5dcf48b665-9xxmx.email,error_ratio,trace_server_error_ratio,0.0
1776463363.63,email,otel-demo.email-5dcf48b665-9xxmx.email,request_count,trace_server_count,0.0
1776463363.63,email,otel-demo.email-5dcf48b665-n4zf2.email,error_ratio,trace_server_error_ratio,0.0
1776463363.63,email,otel-demo.email-5dcf48b665-n4zf2.email,request_count,trace_server_count,0.0
1776463363.63,frontend,frontend-b78bf7696-6bjdg,cpu_usage,container_cpu_usage,2.242438698758912
1776463363.63,frontend,frontend-b78bf7696-6bjdg,memory_usage,container_memory_working_set_bytes,128864256.0
1776463363.63,frontend,frontend-b78bf7696-77ldd,cpu_usage,container_cpu_usage,2.192177455269408
1776463363.63,frontend,frontend-b78bf7696-77ldd,memory_usage,container_memory_working_set_bytes,117624832.0
1776463363.63,frontend,frontend-b78bf7696-p9kqx,cpu_usage,container_cpu_usage,2.1902474649406662
1776463363.63,frontend,frontend-b78bf7696-p9kqx,memory_usage,container_memory_working_set_bytes,122920960.0
1776463363.63,frontend,frontend::service,pod_restart_count,k8s_container_restarts,3.0
1776463363.63,frontend,frontend::service,pod_running_count,k8s_container_ready,3.0
1776463363.63,frontend,otel-demo.frontend-b78bf7696-6bjdg.frontend,dependency_error_ratio,trace_client_error_ratio,0.0
1776463363.63,frontend,otel-demo.frontend-b78bf7696-6bjdg.frontend,error_ratio,trace_server_error_ratio,0.0
1776463363.63,frontend,otel-demo.frontend-b78bf7696-6bjdg.frontend,http_5xx_ratio,http_server_5xx_ratio,0.0
1776463363.63,frontend,otel-demo.frontend-b78bf7696-6bjdg.frontend,request_count,trace_server_count,0.0
1776463363.63,frontend,otel-demo.frontend-b78bf7696-77ldd.frontend,dependency_error_ratio,trace_client_error_ratio,0.0
1776463363.63,frontend,otel-demo.frontend-b78bf7696-77ldd.frontend,error_ratio,trace_server_error_ratio,0.0
1776463363.63,frontend,otel-demo.frontend-b78bf7696-77ldd.frontend,http_5xx_ratio,http_server_5xx_ratio,0.0
1776463363.63,frontend,otel-demo.frontend-b78bf7696-77ldd.frontend,request_count,trace_server_count,0.0
1776463363.63,frontend,otel-demo.frontend-b78bf7696-p9kqx.frontend,dependency_error_ratio,trace_client_error_ratio,0.0
1776463363.63,frontend,otel-demo.frontend-b78bf7696-p9kqx.frontend,error_ratio,trace_server_error_ratio,0.0
1776463363.63,frontend,otel-demo.frontend-b78bf7696-p9kqx.frontend,http_5xx_ratio,http_server_5xx_ratio,0.0
1776463363.63,frontend,otel-demo.frontend-b78bf7696-p9kqx.frontend,request_count,trace_server_count,0.0
1776463363.63,kafka,kafka-66df8bdf76-zjcbb,cpu_usage,container_cpu_usage,0.016569404675413683
1776463363.63,kafka,kafka-66df8bdf76-zjcbb,memory_usage,container_memory_working_set_bytes,667410432.0
1776463363.63,kafka,kafka::service,pod_restart_count,k8s_container_restarts,9.0
1776463363.63,kafka,kafka::service,pod_running_count,k8s_container_ready,1.0
1776463363.63,kafka,kafka::service,queue_lag,queue_size_ratio,0.0
1776463363.63,payment,otel-demo.payment-f9f8d647b-74h8z.payment,dependency_error_ratio,trace_client_error_ratio,0.0
1776463363.63,payment,otel-demo.payment-f9f8d647b-74h8z.payment,error_ratio,trace_server_error_ratio,0.0
1776463363.63,payment,otel-demo.payment-f9f8d647b-74h8z.payment,request_count,trace_server_count,0.0
1776463363.63,payment,otel-demo.payment-f9f8d647b-75hmx.payment,dependency_error_ratio,trace_client_error_ratio,0.0
1776463363.63,payment,otel-demo.payment-f9f8d647b-75hmx.payment,error_ratio,trace_server_error_ratio,0.0
1776463363.63,payment,otel-demo.payment-f9f8d647b-75hmx.payment,request_count,trace_server_count,0.0
1776463363.63,payment,otel-demo.payment-f9f8d647b-tv6l5.payment,dependency_error_ratio,trace_client_error_ratio,0.0
1776463363.63,payment,otel-demo.payment-f9f8d647b-tv6l5.payment,error_ratio,trace_server_error_ratio,0.0
1776463363.63,payment,otel-demo.payment-f9f8d647b-tv6l5.payment,request_count,trace_server_count,0.0
1776463363.63,payment,payment-f9f8d647b-74h8z,cpu_usage,container_cpu_usage,0.01107794351748143
1776463363.63,payment,payment-f9f8d647b-74h8z,memory_usage,container_memory_working_set_bytes,109780992.0
1776463363.63,payment,payment-f9f8d647b-75hmx,cpu_usage,container_cpu_usage,0.014743407555666634
1776463363.63,payment,payment-f9f8d647b-75hmx,memory_usage,container_memory_working_set_bytes,109617152.0
1776463363.63,payment,payment-f9f8d647b-tv6l5,cpu_usage,container_cpu_usage,0.009557776292334955
1776463363.63,payment,payment-f9f8d647b-tv6l5,memory_usage,container_memory_working_set_bytes,101228544.0
1776463363.63,payment,payment::service,pod_restart_count,k8s_container_restarts,39.0
1776463363.63,payment,payment::service,pod_running_count,k8s_container_ready,3.0
1776463363.63,product-catalog,otel-demo.product-catalog-784544475c-7crs7.product-catalog,dependency_error_ratio,trace_client_error_ratio,0.0
1776463363.63,product-catalog,otel-demo.product-catalog-784544475c-7crs7.product-catalog,error_ratio,trace_server_error_ratio,0.0
1776463363.63,product-catalog,otel-demo.product-catalog-784544475c-7crs7.product-catalog,request_count,trace_server_count,0.0
1776463363.63,product-catalog,otel-demo.product-catalog-784544475c-8skc7.product-catalog,dependency_error_ratio,trace_client_error_ratio,0.0
1776463363.63,product-catalog,otel-demo.product-catalog-784544475c-8skc7.product-catalog,error_ratio,trace_server_error_ratio,0.0
1776463363.63,product-catalog,otel-demo.product-catalog-784544475c-8skc7.product-catalog,request_count,trace_server_count,0.0
1776463363.63,product-catalog,otel-demo.product-catalog-784544475c-stwzc.product-catalog,dependency_error_ratio,trace_client_error_ratio,0.0
1776463363.63,product-catalog,otel-demo.product-catalog-784544475c-stwzc.product-catalog,error_ratio,trace_server_error_ratio,0.0
1776463363.63,product-catalog,otel-demo.product-catalog-784544475c-stwzc.product-catalog,request_count,trace_server_count,0.0
1776463363.63,product-catalog,product-catalog-784544475c-7crs7,cpu_usage,container_cpu_usage,0.08065148267238303
1776463363.63,product-catalog,product-catalog-784544475c-7crs7,memory_usage,container_memory_working_set_bytes,13615104.0
1776463363.63,product-catalog,product-catalog-784544475c-8skc7,cpu_usage,container_cpu_usage,0.0004322919789730363
1776463363.63,product-catalog,product-catalog-784544475c-8skc7,memory_usage,container_memory_working_set_bytes,43499520.0
1776463363.63,product-catalog,product-catalog-784544475c-stwzc,cpu_usage,container_cpu_usage,0.026113111222592727
1776463363.63,product-catalog,product-catalog-784544475c-stwzc,memory_usage,container_memory_working_set_bytes,16093184.0
1776463363.63,product-catalog,product-catalog::service,pod_restart_count,k8s_container_restarts,39.0
1776463363.63,product-catalog,product-catalog::service,pod_running_count,k8s_container_ready,3.0
1776463363.63,recommendation,otel-demo.recommendation-5b46f7469c-g2rgb.recommendation,dependency_error_ratio,trace_client_error_ratio,0.0
1776463363.63,recommendation,otel-demo.recommendation-5b46f7469c-rjwxq.recommendation,dependency_error_ratio,trace_client_error_ratio,0.0
1776463363.63,recommendation,otel-demo.recommendation-5b46f7469c-rjwxq.recommendation,error_ratio,trace_server_error_ratio,0.0
1776463363.63,recommendation,otel-demo.recommendation-5b46f7469c-rjwxq.recommendation,request_count,trace_server_count,0.0
1776463363.63,recommendation,otel-demo.recommendation-5b46f7469c-t2fm9.recommendation,dependency_error_ratio,trace_client_error_ratio,0.0
1776463363.63,recommendation,otel-demo.recommendation-5b46f7469c-t2fm9.recommendation,error_ratio,trace_server_error_ratio,0.0
1776463363.63,recommendation,otel-demo.recommendation-5b46f7469c-t2fm9.recommendation,request_count,trace_server_count,0.0
1776463363.63,recommendation,recommendation-5b46f7469c-g2rgb,cpu_usage,container_cpu_usage,0.010958601702406518
1776463363.63,recommendation,recommendation-5b46f7469c-g2rgb,memory_usage,container_memory_working_set_bytes,46891008.0
1776463363.63,recommendation,recommendation-5b46f7469c-rjwxq,cpu_usage,container_cpu_usage,0.019817360690272384
1776463363.63,recommendation,recommendation-5b46f7469c-rjwxq,memory_usage,container_memory_working_set_bytes,47869952.0
1776463363.63,recommendation,recommendation-5b46f7469c-t2fm9,cpu_usage,container_cpu_usage,0.032811684125705606
1776463363.63,recommendation,recommendation-5b46f7469c-t2fm9,memory_usage,container_memory_working_set_bytes,52592640.0
1776463363.63,recommendation,recommendation::service,pod_restart_count,k8s_container_restarts,3.0
1776463363.63,recommendation,recommendation::service,pod_running_count,k8s_container_ready,3.0
1776463373.63,ad,3a8b9295-6ae2-4e8a-b9b0-a607d7fec0a4,dependency_error_ratio,trace_client_error_ratio,0.0
1776463373.63,ad,3a8b9295-6ae2-4e8a-b9b0-a607d7fec0a4,error_ratio,trace_server_error_ratio,0.0
1776463373.63,ad,3a8b9295-6ae2-4e8a-b9b0-a607d7fec0a4,request_count,trace_server_count,0.0
1776463373.63,ad,5680c7ee-584c-4353-b6d2-93bc605a0324,dependency_error_ratio,trace_client_error_ratio,0.0
1776463373.63,ad,5680c7ee-584c-4353-b6d2-93bc605a0324,error_ratio,trace_server_error_ratio,0.0
1776463373.63,ad,5680c7ee-584c-4353-b6d2-93bc605a0324,request_count,trace_server_count,0.0
1776463373.63,ad,9f9a3c1c-bd3f-40ea-8764-b59f1ebd2204,dependency_error_ratio,trace_client_error_ratio,0.0
1776463373.63,ad,ad-7fb5b4f859-52ks9,cpu_usage,container_cpu_usage,0.002855368665458526
1776463373.63,ad,ad-7fb5b4f859-52ks9,memory_usage,container_memory_working_set_bytes,260415488.0
1776463373.63,ad,ad-7fb5b4f859-rd4zw,cpu_usage,container_cpu_usage,0.0015460626059038832
1776463373.63,ad,ad-7fb5b4f859-rd4zw,memory_usage,container_memory_working_set_bytes,238411776.0
1776463373.63,ad,ad-7fb5b4f859-zsstr,cpu_usage,container_cpu_usage,0.004091216010086771
1776463373.63,ad,ad-7fb5b4f859-zsstr,memory_usage,container_memory_working_set_bytes,261861376.0
1776463373.63,ad,ad::service,pod_restart_count,k8s_container_restarts,3.0
1776463373.63,ad,ad::service,pod_running_count,k8s_container_ready,3.0
1776463373.63,cart,cart-7c7496d7f-th7mc,cpu_usage,container_cpu_usage,0.04429888524591065
1776463373.63,cart,cart-7c7496d7f-th7mc,memory_usage,container_memory_working_set_bytes,62988288.0
1776463373.63,cart,cart::service,pod_restart_count,k8s_container_restarts,1.0
1776463373.63,cart,cart::service,pod_running_count,k8s_container_ready,1.0
1776463373.63,cart,f1f3afac-3031-4c18-925a-048232421d89,dependency_error_ratio,trace_client_error_ratio,0.0
1776463373.63,cart,f1f3afac-3031-4c18-925a-048232421d89,error_ratio,trace_server_error_ratio,0.0
1776463373.63,cart,f1f3afac-3031-4c18-925a-048232421d89,request_count,trace_server_count,0.0
1776463373.63,checkout,4755bdbd-5ad9-49fa-acb7-3a7dcb6a9277,dependency_error_ratio,trace_client_error_ratio,0.0
1776463373.63,checkout,4755bdbd-5ad9-49fa-acb7-3a7dcb6a9277,error_ratio,trace_server_error_ratio,0.0
1776463373.63,checkout,4755bdbd-5ad9-49fa-acb7-3a7dcb6a9277,request_count,trace_server_count,0.0
1776463373.63,checkout,bb49e6b9-109a-41b8-be66-ab2a38272474,dependency_error_ratio,trace_client_error_ratio,0.0
1776463373.63,checkout,bb49e6b9-109a-41b8-be66-ab2a38272474,error_ratio,trace_server_error_ratio,0.0
1776463373.63,checkout,bb49e6b9-109a-41b8-be66-ab2a38272474,request_count,trace_server_count,0.0
1776463373.63,checkout,bc5804df-6f63-4261-8788-8ecfe5481366,dependency_error_ratio,trace_client_error_ratio,0.0
1776463373.63,checkout,bc5804df-6f63-4261-8788-8ecfe5481366,error_ratio,trace_server_error_ratio,0.0
1776463373.63,checkout,bc5804df-6f63-4261-8788-8ecfe5481366,request_count,trace_server_count,0.0
1776463373.63,checkout,checkout-7f4ccfc547-6crwh,cpu_usage,container_cpu_usage,0.10084410244005856
1776463373.63,checkout,checkout-7f4ccfc547-6crwh,memory_usage,container_memory_working_set_bytes,16048128.0
1776463373.63,checkout,checkout-7f4ccfc547-ftx2n,cpu_usage,container_cpu_usage,0.0006069461781334814
1776463373.63,checkout,checkout-7f4ccfc547-ftx2n,memory_usage,container_memory_working_set_bytes,12312576.0
1776463373.63,checkout,checkout-7f4ccfc547-qlfgr,cpu_usage,container_cpu_usage,0.02831294935763875
1776463373.63,checkout,checkout-7f4ccfc547-qlfgr,memory_usage,container_memory_working_set_bytes,14864384.0
1776463373.63,checkout,checkout::service,pod_restart_count,k8s_container_restarts,45.0
1776463373.63,checkout,checkout::service,pod_running_count,k8s_container_ready,3.0
1776463373.63,email,email-5dcf48b665-66zvj,cpu_usage,container_cpu_usage,0.002010602929369438
1776463373.63,email,email-5dcf48b665-66zvj,memory_usage,container_memory_working_set_bytes,59637760.0
1776463373.63,email,email-5dcf48b665-9xxmx,cpu_usage,container_cpu_usage,0.0040678074424366556
1776463373.63,email,email-5dcf48b665-9xxmx,memory_usage,container_memory_working_set_bytes,56094720.0
1776463373.63,email,email-5dcf48b665-n4zf2,cpu_usage,container_cpu_usage,0.011978365691253297
1776463373.63,email,email-5dcf48b665-n4zf2,memory_usage,container_memory_working_set_bytes,54255616.0
1776463373.63,email,email::service,pod_restart_count,k8s_container_restarts,9.0
1776463373.63,email,email::service,pod_running_count,k8s_container_ready,3.0
1776463373.63,email,otel-demo.email-5dcf48b665-66zvj.email,error_ratio,trace_server_error_ratio,0.0
1776463373.63,email,otel-demo.email-5dcf48b665-66zvj.email,request_count,trace_server_count,0.0
1776463373.63,email,otel-demo.email-5dcf48b665-9xxmx.email,error_ratio,trace_server_error_ratio,0.0
1776463373.63,email,otel-demo.email-5dcf48b665-9xxmx.email,request_count,trace_server_count,0.0
1776463373.63,email,otel-demo.email-5dcf48b665-n4zf2.email,error_ratio,trace_server_error_ratio,0.0
1776463373.63,email,otel-demo.email-5dcf48b665-n4zf2.email,request_count,trace_server_count,0.0
1776463373.63,frontend,frontend-b78bf7696-6bjdg,cpu_usage,container_cpu_usage,2.0029362546684553
1776463373.63,frontend,frontend-b78bf7696-6bjdg,memory_usage,container_memory_working_set_bytes,128327680.0
1776463373.63,frontend,frontend-b78bf7696-77ldd,cpu_usage,container_cpu_usage,1.8442064043116373
1776463373.63,frontend,frontend-b78bf7696-77ldd,memory_usage,container_memory_working_set_bytes,117854208.0
1776463373.63,frontend,frontend-b78bf7696-p9kqx,cpu_usage,container_cpu_usage,1.6044533583749139
1776463373.63,frontend,frontend-b78bf7696-p9kqx,memory_usage,container_memory_working_set_bytes,121962496.0
1776463373.63,frontend,frontend::service,pod_restart_count,k8s_container_restarts,3.0
1776463373.63,frontend,frontend::service,pod_running_count,k8s_container_ready,3.0
1776463373.63,frontend,otel-demo.frontend-b78bf7696-6bjdg.frontend,dependency_error_ratio,trace_client_error_ratio,0.0
1776463373.63,frontend,otel-demo.frontend-b78bf7696-6bjdg.frontend,error_ratio,trace_server_error_ratio,0.0
1776463373.63,frontend,otel-demo.frontend-b78bf7696-6bjdg.frontend,http_5xx_ratio,http_server_5xx_ratio,0.0
1776463373.63,frontend,otel-demo.frontend-b78bf7696-6bjdg.frontend,request_count,trace_server_count,0.0
1776463373.63,frontend,otel-demo.frontend-b78bf7696-77ldd.frontend,dependency_error_ratio,trace_client_error_ratio,0.0
1776463373.63,frontend,otel-demo.frontend-b78bf7696-77ldd.frontend,error_ratio,trace_server_error_ratio,0.0
1776463373.63,frontend,otel-demo.frontend-b78bf7696-77ldd.frontend,http_5xx_ratio,http_server_5xx_ratio,0.0
1776463373.63,frontend,otel-demo.frontend-b78bf7696-77ldd.frontend,request_count,trace_server_count,0.0
1776463373.63,frontend,otel-demo.frontend-b78bf7696-p9kqx.frontend,dependency_error_ratio,trace_client_error_ratio,0.0
1776463373.63,frontend,otel-demo.frontend-b78bf7696-p9kqx.frontend,error_ratio,trace_server_error_ratio,0.0
1776463373.63,frontend,otel-demo.frontend-b78bf7696-p9kqx.frontend,http_5xx_ratio,http_server_5xx_ratio,0.0
1776463373.63,frontend,otel-demo.frontend-b78bf7696-p9kqx.frontend,request_count,trace_server_count,0.0
1776463373.63,kafka,kafka-66df8bdf76-zjcbb,cpu_usage,container_cpu_usage,0.013145565516483788
1776463373.63,kafka,kafka-66df8bdf76-zjcbb,memory_usage,container_memory_working_set_bytes,667410432.0
1776463373.63,kafka,kafka::service,pod_restart_count,k8s_container_restarts,9.0
1776463373.63,kafka,kafka::service,pod_running_count,k8s_container_ready,1.0
1776463373.63,kafka,kafka::service,queue_lag,queue_size_ratio,0.0
1776463373.63,payment,otel-demo.payment-f9f8d647b-74h8z.payment,dependency_error_ratio,trace_client_error_ratio,0.0
1776463373.63,payment,otel-demo.payment-f9f8d647b-74h8z.payment,error_ratio,trace_server_error_ratio,0.0
1776463373.63,payment,otel-demo.payment-f9f8d647b-74h8z.payment,request_count,trace_server_count,0.0
1776463373.63,payment,otel-demo.payment-f9f8d647b-75hmx.payment,dependency_error_ratio,trace_client_error_ratio,0.0
1776463373.63,payment,otel-demo.payment-f9f8d647b-75hmx.payment,error_ratio,trace_server_error_ratio,0.0
1776463373.63,payment,otel-demo.payment-f9f8d647b-75hmx.payment,request_count,trace_server_count,0.0
1776463373.63,payment,otel-demo.payment-f9f8d647b-tv6l5.payment,dependency_error_ratio,trace_client_error_ratio,0.0
1776463373.63,payment,otel-demo.payment-f9f8d647b-tv6l5.payment,error_ratio,trace_server_error_ratio,0.0
1776463373.63,payment,otel-demo.payment-f9f8d647b-tv6l5.payment,request_count,trace_server_count,0.0
1776463373.63,payment,payment-f9f8d647b-74h8z,cpu_usage,container_cpu_usage,0.01042875399360996
1776463373.63,payment,payment-f9f8d647b-74h8z,memory_usage,container_memory_working_set_bytes,109780992.0
1776463373.63,payment,payment-f9f8d647b-75hmx,cpu_usage,container_cpu_usage,0.014022699711990199
1776463373.63,payment,payment-f9f8d647b-75hmx,memory_usage,container_memory_working_set_bytes,109617152.0
1776463373.63,payment,payment-f9f8d647b-tv6l5,cpu_usage,container_cpu_usage,0.009160503902735068
1776463373.63,payment,payment-f9f8d647b-tv6l5,memory_usage,container_memory_working_set_bytes,101228544.0
1776463373.63,payment,payment::service,pod_restart_count,k8s_container_restarts,39.0
1776463373.63,payment,payment::service,pod_running_count,k8s_container_ready,3.0
1776463373.63,product-catalog,otel-demo.product-catalog-784544475c-7crs7.product-catalog,dependency_error_ratio,trace_client_error_ratio,0.0
1776463373.63,product-catalog,otel-demo.product-catalog-784544475c-7crs7.product-catalog,error_ratio,trace_server_error_ratio,0.0
1776463373.63,product-catalog,otel-demo.product-catalog-784544475c-7crs7.product-catalog,request_count,trace_server_count,0.0
1776463373.63,product-catalog,otel-demo.product-catalog-784544475c-8skc7.product-catalog,dependency_error_ratio,trace_client_error_ratio,0.0
1776463373.63,product-catalog,otel-demo.product-catalog-784544475c-8skc7.product-catalog,error_ratio,trace_server_error_ratio,0.0
1776463373.63,product-catalog,otel-demo.product-catalog-784544475c-8skc7.product-catalog,request_count,trace_server_count,0.0
1776463373.63,product-catalog,otel-demo.product-catalog-784544475c-stwzc.product-catalog,dependency_error_ratio,trace_client_error_ratio,0.0
1776463373.63,product-catalog,otel-demo.product-catalog-784544475c-stwzc.product-catalog,error_ratio,trace_server_error_ratio,0.0
1776463373.63,product-catalog,otel-demo.product-catalog-784544475c-stwzc.product-catalog,request_count,trace_server_count,0.0
1776463373.63,product-catalog,product-catalog-784544475c-7crs7,cpu_usage,container_cpu_usage,0.076315615835777
1776463373.63,product-catalog,product-catalog-784544475c-7crs7,memory_usage,container_memory_working_set_bytes,13615104.0
1776463373.63,product-catalog,product-catalog-784544475c-8skc7,cpu_usage,container_cpu_usage,0.00044846287703016177
1776463373.63,product-catalog,product-catalog-784544475c-8skc7,memory_usage,container_memory_working_set_bytes,43499520.0
1776463373.63,product-catalog,product-catalog-784544475c-stwzc,cpu_usage,container_cpu_usage,0.025499130562114475
1776463373.63,product-catalog,product-catalog-784544475c-stwzc,memory_usage,container_memory_working_set_bytes,16343040.0
1776463373.63,product-catalog,product-catalog::service,pod_restart_count,k8s_container_restarts,39.0
1776463373.63,product-catalog,product-catalog::service,pod_running_count,k8s_container_ready,3.0
1776463373.63,recommendation,otel-demo.recommendation-5b46f7469c-g2rgb.recommendation,dependency_error_ratio,trace_client_error_ratio,0.0
1776463373.63,recommendation,otel-demo.recommendation-5b46f7469c-rjwxq.recommendation,dependency_error_ratio,trace_client_error_ratio,0.0
1776463373.63,recommendation,otel-demo.recommendation-5b46f7469c-rjwxq.recommendation,error_ratio,trace_server_error_ratio,0.0
1776463373.63,recommendation,otel-demo.recommendation-5b46f7469c-rjwxq.recommendation,request_count,trace_server_count,0.0
1776463373.63,recommendation,otel-demo.recommendation-5b46f7469c-t2fm9.recommendation,dependency_error_ratio,trace_client_error_ratio,0.0
1776463373.63,recommendation,otel-demo.recommendation-5b46f7469c-t2fm9.recommendation,error_ratio,trace_server_error_ratio,0.0
1776463373.63,recommendation,otel-demo.recommendation-5b46f7469c-t2fm9.recommendation,request_count,trace_server_count,0.0
1776463373.63,recommendation,recommendation-5b46f7469c-g2rgb,cpu_usage,container_cpu_usage,0.010666440075297467
1776463373.63,recommendation,recommendation-5b46f7469c-g2rgb,memory_usage,container_memory_working_set_bytes,46891008.0
1776463373.63,recommendation,recommendation-5b46f7469c-rjwxq,cpu_usage,container_cpu_usage,0.020839997860694282
1776463373.63,recommendation,recommendation-5b46f7469c-rjwxq,memory_usage,container_memory_working_set_bytes,47869952.0
1776463373.63,recommendation,recommendation-5b46f7469c-t2fm9,cpu_usage,container_cpu_usage,0.031050570099425683
1776463373.63,recommendation,recommendation-5b46f7469c-t2fm9,memory_usage,container_memory_working_set_bytes,52588544.0
1776463373.63,recommendation,recommendation::service,pod_restart_count,k8s_container_restarts,3.0
1776463373.63,recommendation,recommendation::service,pod_running_count,k8s_container_ready,3.0
1776463383.63,ad,3a8b9295-6ae2-4e8a-b9b0-a607d7fec0a4,dependency_error_ratio,trace_client_error_ratio,0.0
1776463383.63,ad,3a8b9295-6ae2-4e8a-b9b0-a607d7fec0a4,error_ratio,trace_server_error_ratio,0.0
1776463383.63,ad,3a8b9295-6ae2-4e8a-b9b0-a607d7fec0a4,request_count,trace_server_count,0.0
1776463383.63,ad,5680c7ee-584c-4353-b6d2-93bc605a0324,dependency_error_ratio,trace_client_error_ratio,0.0
1776463383.63,ad,5680c7ee-584c-4353-b6d2-93bc605a0324,error_ratio,trace_server_error_ratio,0.0
1776463383.63,ad,5680c7ee-584c-4353-b6d2-93bc605a0324,request_count,trace_server_count,0.0
1776463383.63,ad,9f9a3c1c-bd3f-40ea-8764-b59f1ebd2204,dependency_error_ratio,trace_client_error_ratio,0.0
1776463383.63,ad,ad-7fb5b4f859-52ks9,cpu_usage,container_cpu_usage,0.002924701534128339
1776463383.63,ad,ad-7fb5b4f859-52ks9,memory_usage,container_memory_working_set_bytes,260411392.0
1776463383.63,ad,ad-7fb5b4f859-rd4zw,cpu_usage,container_cpu_usage,0.001571667925240501
1776463383.63,ad,ad-7fb5b4f859-rd4zw,memory_usage,container_memory_working_set_bytes,238411776.0
1776463383.63,ad,ad-7fb5b4f859-zsstr,cpu_usage,container_cpu_usage,0.004485589180798646
1776463383.63,ad,ad-7fb5b4f859-zsstr,memory_usage,container_memory_working_set_bytes,261861376.0
1776463383.63,ad,ad::service,pod_restart_count,k8s_container_restarts,3.0
1776463383.63,ad,ad::service,pod_running_count,k8s_container_ready,3.0
1776463383.63,cart,cart-7c7496d7f-th7mc,cpu_usage,container_cpu_usage,0.04346166333195301
1776463383.63,cart,cart-7c7496d7f-th7mc,memory_usage,container_memory_working_set_bytes,62857216.0
1776463383.63,cart,cart::service,pod_restart_count,k8s_container_restarts,1.0
1776463383.63,cart,cart::service,pod_running_count,k8s_container_ready,1.0
1776463383.63,cart,f1f3afac-3031-4c18-925a-048232421d89,dependency_error_ratio,trace_client_error_ratio,0.0
1776463383.63,cart,f1f3afac-3031-4c18-925a-048232421d89,error_ratio,trace_server_error_ratio,0.0
1776463383.63,cart,f1f3afac-3031-4c18-925a-048232421d89,request_count,trace_server_count,0.0
1776463383.63,checkout,4755bdbd-5ad9-49fa-acb7-3a7dcb6a9277,dependency_error_ratio,trace_client_error_ratio,0.0
1776463383.63,checkout,4755bdbd-5ad9-49fa-acb7-3a7dcb6a9277,error_ratio,trace_server_error_ratio,0.0
1776463383.63,checkout,4755bdbd-5ad9-49fa-acb7-3a7dcb6a9277,request_count,trace_server_count,0.0
1776463383.63,checkout,bb49e6b9-109a-41b8-be66-ab2a38272474,dependency_error_ratio,trace_client_error_ratio,0.0
1776463383.63,checkout,bb49e6b9-109a-41b8-be66-ab2a38272474,error_ratio,trace_server_error_ratio,0.0
1776463383.63,checkout,bb49e6b9-109a-41b8-be66-ab2a38272474,request_count,trace_server_count,0.0
1776463383.63,checkout,bc5804df-6f63-4261-8788-8ecfe5481366,dependency_error_ratio,trace_client_error_ratio,0.0
1776463383.63,checkout,bc5804df-6f63-4261-8788-8ecfe5481366,error_ratio,trace_server_error_ratio,0.0
1776463383.63,checkout,bc5804df-6f63-4261-8788-8ecfe5481366,request_count,trace_server_count,0.0
1776463383.63,checkout,checkout-7f4ccfc547-6crwh,cpu_usage,container_cpu_usage,0.07992609430766927
1776463383.63,checkout,checkout-7f4ccfc547-6crwh,memory_usage,container_memory_working_set_bytes,16048128.0
1776463383.63,checkout,checkout-7f4ccfc547-ftx2n,cpu_usage,container_cpu_usage,0.0007162473909699944
1776463383.63,checkout,checkout-7f4ccfc547-ftx2n,memory_usage,container_memory_working_set_bytes,12312576.0
1776463383.63,checkout,checkout-7f4ccfc547-qlfgr,cpu_usage,container_cpu_usage,0.04024473710219395
1776463383.63,checkout,checkout-7f4ccfc547-qlfgr,memory_usage,container_memory_working_set_bytes,14913536.0
1776463383.63,checkout,checkout::service,pod_restart_count,k8s_container_restarts,45.0
1776463383.63,checkout,checkout::service,pod_running_count,k8s_container_ready,3.0
1776463383.63,email,email-5dcf48b665-66zvj,cpu_usage,container_cpu_usage,0.0029831432427425736
1776463383.63,email,email-5dcf48b665-66zvj,memory_usage,container_memory_working_set_bytes,59547648.0
1776463383.63,email,email-5dcf48b665-9xxmx,cpu_usage,container_cpu_usage,0.005703971190565776
1776463383.63,email,email-5dcf48b665-9xxmx,memory_usage,container_memory_working_set_bytes,56127488.0
1776463383.63,email,email-5dcf48b665-n4zf2,cpu_usage,container_cpu_usage,0.009356432696315094
1776463383.63,email,email-5dcf48b665-n4zf2,memory_usage,container_memory_working_set_bytes,54525952.0
1776463383.63,email,email::service,pod_restart_count,k8s_container_restarts,9.0
1776463383.63,email,email::service,pod_running_count,k8s_container_ready,3.0
1776463383.63,email,otel-demo.email-5dcf48b665-66zvj.email,error_ratio,trace_server_error_ratio,0.0
1776463383.63,email,otel-demo.email-5dcf48b665-66zvj.email,request_count,trace_server_count,0.0
1776463383.63,email,otel-demo.email-5dcf48b665-9xxmx.email,error_ratio,trace_server_error_ratio,0.0
1776463383.63,email,otel-demo.email-5dcf48b665-9xxmx.email,request_count,trace_server_count,0.0
1776463383.63,email,otel-demo.email-5dcf48b665-n4zf2.email,error_ratio,trace_server_error_ratio,0.0
1776463383.63,email,otel-demo.email-5dcf48b665-n4zf2.email,request_count,trace_server_count,0.0
1776463383.63,frontend,frontend-b78bf7696-6bjdg,cpu_usage,container_cpu_usage,1.9761364639775076
1776463383.63,frontend,frontend-b78bf7696-6bjdg,memory_usage,container_memory_working_set_bytes,128327680.0
1776463383.63,frontend,frontend-b78bf7696-77ldd,cpu_usage,container_cpu_usage,1.8971888961219925
1776463383.63,frontend,frontend-b78bf7696-77ldd,memory_usage,container_memory_working_set_bytes,117981184.0
1776463383.63,frontend,frontend-b78bf7696-p9kqx,cpu_usage,container_cpu_usage,2.0186155704239095
1776463383.63,frontend,frontend-b78bf7696-p9kqx,memory_usage,container_memory_working_set_bytes,123916288.0
1776463383.63,frontend,frontend::service,pod_restart_count,k8s_container_restarts,3.0
1776463383.63,frontend,frontend::service,pod_running_count,k8s_container_ready,3.0
1776463383.63,frontend,otel-demo.frontend-b78bf7696-6bjdg.frontend,dependency_error_ratio,trace_client_error_ratio,0.0
1776463383.63,frontend,otel-demo.frontend-b78bf7696-6bjdg.frontend,error_ratio,trace_server_error_ratio,0.0
1776463383.63,frontend,otel-demo.frontend-b78bf7696-6bjdg.frontend,http_5xx_ratio,http_server_5xx_ratio,0.0
1776463383.63,frontend,otel-demo.frontend-b78bf7696-6bjdg.frontend,request_count,trace_server_count,0.0
1776463383.63,frontend,otel-demo.frontend-b78bf7696-77ldd.frontend,dependency_error_ratio,trace_client_error_ratio,0.0
1776463383.63,frontend,otel-demo.frontend-b78bf7696-77ldd.frontend,error_ratio,trace_server_error_ratio,0.0
1776463383.63,frontend,otel-demo.frontend-b78bf7696-77ldd.frontend,http_5xx_ratio,http_server_5xx_ratio,0.0
1776463383.63,frontend,otel-demo.frontend-b78bf7696-77ldd.frontend,request_count,trace_server_count,0.0
1776463383.63,frontend,otel-demo.frontend-b78bf7696-p9kqx.frontend,dependency_error_ratio,trace_client_error_ratio,0.0
1776463383.63,frontend,otel-demo.frontend-b78bf7696-p9kqx.frontend,error_ratio,trace_server_error_ratio,0.0
1776463383.63,frontend,otel-demo.frontend-b78bf7696-p9kqx.frontend,http_5xx_ratio,http_server_5xx_ratio,0.0
1776463383.63,frontend,otel-demo.frontend-b78bf7696-p9kqx.frontend,request_count,trace_server_count,0.0
1776463383.63,kafka,kafka-66df8bdf76-zjcbb,cpu_usage,container_cpu_usage,0.016895624965077773
1776463383.63,kafka,kafka-66df8bdf76-zjcbb,memory_usage,container_memory_working_set_bytes,667443200.0
1776463383.63,kafka,kafka::service,pod_restart_count,k8s_container_restarts,9.0
1776463383.63,kafka,kafka::service,pod_running_count,k8s_container_ready,1.0
1776463383.63,kafka,kafka::service,queue_lag,queue_size_ratio,0.0
1776463383.63,payment,otel-demo.payment-f9f8d647b-74h8z.payment,dependency_error_ratio,trace_client_error_ratio,0.0
1776463383.63,payment,otel-demo.payment-f9f8d647b-74h8z.payment,error_ratio,trace_server_error_ratio,0.0
1776463383.63,payment,otel-demo.payment-f9f8d647b-74h8z.payment,request_count,trace_server_count,0.0
1776463383.63,payment,otel-demo.payment-f9f8d647b-75hmx.payment,dependency_error_ratio,trace_client_error_ratio,0.0
1776463383.63,payment,otel-demo.payment-f9f8d647b-75hmx.payment,error_ratio,trace_server_error_ratio,0.0
1776463383.63,payment,otel-demo.payment-f9f8d647b-75hmx.payment,request_count,trace_server_count,0.0
1776463383.63,payment,otel-demo.payment-f9f8d647b-tv6l5.payment,dependency_error_ratio,trace_client_error_ratio,0.0
1776463383.63,payment,otel-demo.payment-f9f8d647b-tv6l5.payment,error_ratio,trace_server_error_ratio,0.0
1776463383.63,payment,otel-demo.payment-f9f8d647b-tv6l5.payment,request_count,trace_server_count,0.0
1776463383.63,payment,payment-f9f8d647b-74h8z,cpu_usage,container_cpu_usage,0.011088507614213225
1776463383.63,payment,payment-f9f8d647b-74h8z,memory_usage,container_memory_working_set_bytes,109780992.0
1776463383.63,payment,payment-f9f8d647b-75hmx,cpu_usage,container_cpu_usage,0.01575482185076133
1776463383.63,payment,payment-f9f8d647b-75hmx,memory_usage,container_memory_working_set_bytes,109613056.0
1776463383.63,payment,payment-f9f8d647b-tv6l5,cpu_usage,container_cpu_usage,0.00865158452116316
1776463383.63,payment,payment-f9f8d647b-tv6l5,memory_usage,container_memory_working_set_bytes,101232640.0
1776463383.63,payment,payment::service,pod_restart_count,k8s_container_restarts,39.0
1776463383.63,payment,payment::service,pod_running_count,k8s_container_ready,3.0
1776463383.63,product-catalog,otel-demo.product-catalog-784544475c-7crs7.product-catalog,dependency_error_ratio,trace_client_error_ratio,0.0
1776463383.63,product-catalog,otel-demo.product-catalog-784544475c-7crs7.product-catalog,error_ratio,trace_server_error_ratio,0.0
1776463383.63,product-catalog,otel-demo.product-catalog-784544475c-7crs7.product-catalog,request_count,trace_server_count,0.0
1776463383.63,product-catalog,otel-demo.product-catalog-784544475c-8skc7.product-catalog,dependency_error_ratio,trace_client_error_ratio,0.0
1776463383.63,product-catalog,otel-demo.product-catalog-784544475c-8skc7.product-catalog,error_ratio,trace_server_error_ratio,0.0
1776463383.63,product-catalog,otel-demo.product-catalog-784544475c-8skc7.product-catalog,request_count,trace_server_count,0.0
1776463383.63,product-catalog,otel-demo.product-catalog-784544475c-stwzc.product-catalog,dependency_error_ratio,trace_client_error_ratio,0.0
1776463383.63,product-catalog,otel-demo.product-catalog-784544475c-stwzc.product-catalog,error_ratio,trace_server_error_ratio,0.0
1776463383.63,product-catalog,otel-demo.product-catalog-784544475c-stwzc.product-catalog,request_count,trace_server_count,0.0
1776463383.63,product-catalog,product-catalog-784544475c-7crs7,cpu_usage,container_cpu_usage,0.07719833164108383
1776463383.63,product-catalog,product-catalog-784544475c-7crs7,memory_usage,container_memory_working_set_bytes,13709312.0
1776463383.63,product-catalog,product-catalog-784544475c-8skc7,cpu_usage,container_cpu_usage,0.00034938995311291517
1776463383.63,product-catalog,product-catalog-784544475c-8skc7,memory_usage,container_memory_working_set_bytes,43499520.0
1776463383.63,product-catalog,product-catalog-784544475c-stwzc,cpu_usage,container_cpu_usage,0.02473120111329718
1776463383.63,product-catalog,product-catalog-784544475c-stwzc,memory_usage,container_memory_working_set_bytes,16343040.0
1776463383.63,product-catalog,product-catalog::service,pod_restart_count,k8s_container_restarts,39.0
1776463383.63,product-catalog,product-catalog::service,pod_running_count,k8s_container_ready,3.0
1776463383.63,recommendation,otel-demo.recommendation-5b46f7469c-g2rgb.recommendation,dependency_error_ratio,trace_client_error_ratio,0.0
1776463383.63,recommendation,otel-demo.recommendation-5b46f7469c-rjwxq.recommendation,dependency_error_ratio,trace_client_error_ratio,0.0
1776463383.63,recommendation,otel-demo.recommendation-5b46f7469c-rjwxq.recommendation,error_ratio,trace_server_error_ratio,0.0
1776463383.63,recommendation,otel-demo.recommendation-5b46f7469c-rjwxq.recommendation,request_count,trace_server_count,0.0
1776463383.63,recommendation,otel-demo.recommendation-5b46f7469c-t2fm9.recommendation,dependency_error_ratio,trace_client_error_ratio,0.0
1776463383.63,recommendation,otel-demo.recommendation-5b46f7469c-t2fm9.recommendation,error_ratio,trace_server_error_ratio,0.0
1776463383.63,recommendation,otel-demo.recommendation-5b46f7469c-t2fm9.recommendation,request_count,trace_server_count,0.0
1776463383.63,recommendation,recommendation-5b46f7469c-g2rgb,cpu_usage,container_cpu_usage,0.0105234900664889
1776463383.63,recommendation,recommendation-5b46f7469c-g2rgb,memory_usage,container_memory_working_set_bytes,46891008.0
1776463383.63,recommendation,recommendation-5b46f7469c-rjwxq,cpu_usage,container_cpu_usage,0.021351274618215062
1776463383.63,recommendation,recommendation-5b46f7469c-rjwxq,memory_usage,container_memory_working_set_bytes,47869952.0
1776463383.63,recommendation,recommendation-5b46f7469c-t2fm9,cpu_usage,container_cpu_usage,0.03372204074360571
1776463383.63,recommendation,recommendation-5b46f7469c-t2fm9,memory_usage,container_memory_working_set_bytes,52588544.0
1776463383.63,recommendation,recommendation::service,pod_restart_count,k8s_container_restarts,3.0
1776463383.63,recommendation,recommendation::service,pod_running_count,k8s_container_ready,3.0
1776463393.63,ad,3a8b9295-6ae2-4e8a-b9b0-a607d7fec0a4,dependency_error_ratio,trace_client_error_ratio,0.0
1776463393.63,ad,3a8b9295-6ae2-4e8a-b9b0-a607d7fec0a4,error_ratio,trace_server_error_ratio,0.0
1776463393.63,ad,3a8b9295-6ae2-4e8a-b9b0-a607d7fec0a4,request_count,trace_server_count,0.0
1776463393.63,ad,5680c7ee-584c-4353-b6d2-93bc605a0324,dependency_error_ratio,trace_client_error_ratio,0.0
1776463393.63,ad,5680c7ee-584c-4353-b6d2-93bc605a0324,error_ratio,trace_server_error_ratio,0.0
1776463393.63,ad,5680c7ee-584c-4353-b6d2-93bc605a0324,request_count,trace_server_count,0.0
1776463393.63,ad,9f9a3c1c-bd3f-40ea-8764-b59f1ebd2204,dependency_error_ratio,trace_client_error_ratio,0.0
1776463393.63,ad,ad-7fb5b4f859-52ks9,cpu_usage,container_cpu_usage,0.003027643064985
1776463393.63,ad,ad-7fb5b4f859-52ks9,memory_usage,container_memory_working_set_bytes,260411392.0
1776463393.63,ad,ad-7fb5b4f859-rd4zw,cpu_usage,container_cpu_usage,0.0016136264771983491
1776463393.63,ad,ad-7fb5b4f859-rd4zw,memory_usage,container_memory_working_set_bytes,238411776.0
1776463393.63,ad,ad-7fb5b4f859-zsstr,cpu_usage,container_cpu_usage,0.004453605461784647
1776463393.63,ad,ad-7fb5b4f859-zsstr,memory_usage,container_memory_working_set_bytes,261861376.0
1776463393.63,ad,ad::service,pod_restart_count,k8s_container_restarts,3.0
1776463393.63,ad,ad::service,pod_running_count,k8s_container_ready,3.0
1776463393.63,cart,cart-7c7496d7f-th7mc,cpu_usage,container_cpu_usage,0.04615158311611977
1776463393.63,cart,cart-7c7496d7f-th7mc,memory_usage,container_memory_working_set_bytes,62947328.0
1776463393.63,cart,cart::service,pod_restart_count,k8s_container_restarts,1.0
1776463393.63,cart,cart::service,pod_running_count,k8s_container_ready,1.0
1776463393.63,cart,f1f3afac-3031-4c18-925a-048232421d89,dependency_error_ratio,trace_client_error_ratio,0.0
1776463393.63,cart,f1f3afac-3031-4c18-925a-048232421d89,error_ratio,trace_server_error_ratio,0.0
1776463393.63,cart,f1f3afac-3031-4c18-925a-048232421d89,request_count,trace_server_count,0.0
1776463393.63,checkout,4755bdbd-5ad9-49fa-acb7-3a7dcb6a9277,dependency_error_ratio,trace_client_error_ratio,0.0
1776463393.63,checkout,4755bdbd-5ad9-49fa-acb7-3a7dcb6a9277,error_ratio,trace_server_error_ratio,0.0
1776463393.63,checkout,4755bdbd-5ad9-49fa-acb7-3a7dcb6a9277,request_count,trace_server_count,0.0
1776463393.63,checkout,bb49e6b9-109a-41b8-be66-ab2a38272474,dependency_error_ratio,trace_client_error_ratio,0.0
1776463393.63,checkout,bb49e6b9-109a-41b8-be66-ab2a38272474,error_ratio,trace_server_error_ratio,0.0
1776463393.63,checkout,bb49e6b9-109a-41b8-be66-ab2a38272474,request_count,trace_server_count,0.0
1776463393.63,checkout,bc5804df-6f63-4261-8788-8ecfe5481366,dependency_error_ratio,trace_client_error_ratio,0.0
1776463393.63,checkout,bc5804df-6f63-4261-8788-8ecfe5481366,error_ratio,trace_server_error_ratio,0.0
1776463393.63,checkout,bc5804df-6f63-4261-8788-8ecfe5481366,request_count,trace_server_count,0.0
1776463393.63,checkout,checkout-7f4ccfc547-6crwh,cpu_usage,container_cpu_usage,0.09324311763510601
1776463393.63,checkout,checkout-7f4ccfc547-6crwh,memory_usage,container_memory_working_set_bytes,15011840.0
1776463393.63,checkout,checkout-7f4ccfc547-ftx2n,cpu_usage,container_cpu_usage,0.0008145458650011131
1776463393.63,checkout,checkout-7f4ccfc547-ftx2n,memory_usage,container_memory_working_set_bytes,12312576.0
1776463393.63,checkout,checkout-7f4ccfc547-qlfgr,cpu_usage,container_cpu_usage,0.03889850088864795
1776463393.63,checkout,checkout-7f4ccfc547-qlfgr,memory_usage,container_memory_working_set_bytes,14876672.0
1776463393.63,checkout,checkout::service,pod_restart_count,k8s_container_restarts,45.0
1776463393.63,checkout,checkout::service,pod_running_count,k8s_container_ready,3.0
1776463393.63,email,email-5dcf48b665-66zvj,cpu_usage,container_cpu_usage,0.002349690641917252
1776463393.63,email,email-5dcf48b665-66zvj,memory_usage,container_memory_working_set_bytes,59547648.0
1776463393.63,email,email-5dcf48b665-9xxmx,cpu_usage,container_cpu_usage,0.006058557399545264
1776463393.63,email,email-5dcf48b665-9xxmx,memory_usage,container_memory_working_set_bytes,56135680.0
1776463393.63,email,email-5dcf48b665-n4zf2,cpu_usage,container_cpu_usage,0.009624678215426022
1776463393.63,email,email-5dcf48b665-n4zf2,memory_usage,container_memory_working_set_bytes,54558720.0
1776463393.63,email,email::service,pod_restart_count,k8s_container_restarts,9.0
1776463393.63,email,email::service,pod_running_count,k8s_container_ready,3.0
1776463393.63,email,otel-demo.email-5dcf48b665-66zvj.email,error_ratio,trace_server_error_ratio,0.0
1776463393.63,email,otel-demo.email-5dcf48b665-66zvj.email,request_count,trace_server_count,0.0
1776463393.63,email,otel-demo.email-5dcf48b665-9xxmx.email,error_ratio,trace_server_error_ratio,0.0
1776463393.63,email,otel-demo.email-5dcf48b665-9xxmx.email,request_count,trace_server_count,0.0
1776463393.63,email,otel-demo.email-5dcf48b665-n4zf2.email,error_ratio,trace_server_error_ratio,0.0
1776463393.63,email,otel-demo.email-5dcf48b665-n4zf2.email,request_count,trace_server_count,0.0
1776463393.63,frontend,frontend-b78bf7696-6bjdg,cpu_usage,container_cpu_usage,1.9748556150744967
1776463393.63,frontend,frontend-b78bf7696-6bjdg,memory_usage,container_memory_working_set_bytes,129146880.0
1776463393.63,frontend,frontend-b78bf7696-77ldd,cpu_usage,container_cpu_usage,1.8853516577662248
1776463393.63,frontend,frontend-b78bf7696-77ldd,memory_usage,container_memory_working_set_bytes,117981184.0
1776463393.63,frontend,frontend-b78bf7696-p9kqx,cpu_usage,container_cpu_usage,1.568183414425831
1776463393.63,frontend,frontend-b78bf7696-p9kqx,memory_usage,container_memory_working_set_bytes,124289024.0
1776463393.63,frontend,frontend::service,pod_restart_count,k8s_container_restarts,3.0
1776463393.63,frontend,frontend::service,pod_running_count,k8s_container_ready,3.0
1776463393.63,frontend,otel-demo.frontend-b78bf7696-6bjdg.frontend,dependency_error_ratio,trace_client_error_ratio,0.0
1776463393.63,frontend,otel-demo.frontend-b78bf7696-6bjdg.frontend,error_ratio,trace_server_error_ratio,0.0
1776463393.63,frontend,otel-demo.frontend-b78bf7696-6bjdg.frontend,http_5xx_ratio,http_server_5xx_ratio,0.0
1776463393.63,frontend,otel-demo.frontend-b78bf7696-6bjdg.frontend,request_count,trace_server_count,0.0
1776463393.63,frontend,otel-demo.frontend-b78bf7696-77ldd.frontend,dependency_error_ratio,trace_client_error_ratio,0.0
1776463393.63,frontend,otel-demo.frontend-b78bf7696-77ldd.frontend,error_ratio,trace_server_error_ratio,0.0
1776463393.63,frontend,otel-demo.frontend-b78bf7696-77ldd.frontend,http_5xx_ratio,http_server_5xx_ratio,0.0
1776463393.63,frontend,otel-demo.frontend-b78bf7696-77ldd.frontend,request_count,trace_server_count,0.0
1776463393.63,frontend,otel-demo.frontend-b78bf7696-p9kqx.frontend,dependency_error_ratio,trace_client_error_ratio,0.0
1776463393.63,frontend,otel-demo.frontend-b78bf7696-p9kqx.frontend,error_ratio,trace_server_error_ratio,0.0
1776463393.63,frontend,otel-demo.frontend-b78bf7696-p9kqx.frontend,http_5xx_ratio,http_server_5xx_ratio,0.0
1776463393.63,frontend,otel-demo.frontend-b78bf7696-p9kqx.frontend,request_count,trace_server_count,0.0
1776463393.63,kafka,kafka-66df8bdf76-zjcbb,cpu_usage,container_cpu_usage,0.01692953587317543
1776463393.63,kafka,kafka-66df8bdf76-zjcbb,memory_usage,container_memory_working_set_bytes,667459584.0
1776463393.63,kafka,kafka::service,pod_restart_count,k8s_container_restarts,9.0
1776463393.63,kafka,kafka::service,pod_running_count,k8s_container_ready,1.0
1776463393.63,kafka,kafka::service,queue_lag,queue_size_ratio,0.0
1776463393.63,payment,otel-demo.payment-f9f8d647b-74h8z.payment,dependency_error_ratio,trace_client_error_ratio,0.0
1776463393.63,payment,otel-demo.payment-f9f8d647b-74h8z.payment,error_ratio,trace_server_error_ratio,0.0
1776463393.63,payment,otel-demo.payment-f9f8d647b-74h8z.payment,request_count,trace_server_count,0.0
1776463393.63,payment,otel-demo.payment-f9f8d647b-75hmx.payment,dependency_error_ratio,trace_client_error_ratio,0.0
1776463393.63,payment,otel-demo.payment-f9f8d647b-75hmx.payment,error_ratio,trace_server_error_ratio,0.0
1776463393.63,payment,otel-demo.payment-f9f8d647b-75hmx.payment,request_count,trace_server_count,0.0
1776463393.63,payment,otel-demo.payment-f9f8d647b-tv6l5.payment,dependency_error_ratio,trace_client_error_ratio,0.0
1776463393.63,payment,otel-demo.payment-f9f8d647b-tv6l5.payment,error_ratio,trace_server_error_ratio,0.0
1776463393.63,payment,otel-demo.payment-f9f8d647b-tv6l5.payment,request_count,trace_server_count,0.0
1776463393.63,payment,payment-f9f8d647b-74h8z,cpu_usage,container_cpu_usage,0.009576124100156196
1776463393.63,payment,payment-f9f8d647b-74h8z,memory_usage,container_memory_working_set_bytes,109780992.0
1776463393.63,payment,payment-f9f8d647b-75hmx,cpu_usage,container_cpu_usage,0.01575482185076133
1776463393.63,payment,payment-f9f8d647b-75hmx,memory_usage,container_memory_working_set_bytes,109613056.0
1776463393.63,payment,payment-f9f8d647b-tv6l5,cpu_usage,container_cpu_usage,0.010273380284985397
1776463393.63,payment,payment-f9f8d647b-tv6l5,memory_usage,container_memory_working_set_bytes,101232640.0
1776463393.63,payment,payment::service,pod_restart_count,k8s_container_restarts,39.0
1776463393.63,payment,payment::service,pod_running_count,k8s_container_ready,3.0
1776463393.63,product-catalog,otel-demo.product-catalog-784544475c-7crs7.product-catalog,dependency_error_ratio,trace_client_error_ratio,0.0
1776463393.63,product-catalog,otel-demo.product-catalog-784544475c-7crs7.product-catalog,error_ratio,trace_server_error_ratio,0.0
1776463393.63,product-catalog,otel-demo.product-catalog-784544475c-7crs7.product-catalog,request_count,trace_server_count,0.0
1776463393.63,product-catalog,otel-demo.product-catalog-784544475c-8skc7.product-catalog,dependency_error_ratio,trace_client_error_ratio,0.0
1776463393.63,product-catalog,otel-demo.product-catalog-784544475c-8skc7.product-catalog,error_ratio,trace_server_error_ratio,0.0
1776463393.63,product-catalog,otel-demo.product-catalog-784544475c-8skc7.product-catalog,request_count,trace_server_count,0.0
1776463393.63,product-catalog,otel-demo.product-catalog-784544475c-stwzc.product-catalog,dependency_error_ratio,trace_client_error_ratio,0.0
1776463393.63,product-catalog,otel-demo.product-catalog-784544475c-stwzc.product-catalog,error_ratio,trace_server_error_ratio,0.0
1776463393.63,product-catalog,otel-demo.product-catalog-784544475c-stwzc.product-catalog,request_count,trace_server_count,0.0
1776463393.63,product-catalog,product-catalog-784544475c-7crs7,cpu_usage,container_cpu_usage,0.07924223092061172
1776463393.63,product-catalog,product-catalog-784544475c-7crs7,memory_usage,container_memory_working_set_bytes,13656064.0
1776463393.63,product-catalog,product-catalog-784544475c-8skc7,cpu_usage,container_cpu_usage,0.00043058671752299767
1776463393.63,product-catalog,product-catalog-784544475c-8skc7,memory_usage,container_memory_working_set_bytes,43728896.0
1776463393.63,product-catalog,product-catalog-784544475c-stwzc,cpu_usage,container_cpu_usage,0.023236534225807393
1776463393.63,product-catalog,product-catalog-784544475c-stwzc,memory_usage,container_memory_working_set_bytes,16306176.0
1776463393.63,product-catalog,product-catalog::service,pod_restart_count,k8s_container_restarts,39.0
1776463393.63,product-catalog,product-catalog::service,pod_running_count,k8s_container_ready,3.0
1776463393.63,recommendation,otel-demo.recommendation-5b46f7469c-g2rgb.recommendation,dependency_error_ratio,trace_client_error_ratio,0.0
1776463393.63,recommendation,otel-demo.recommendation-5b46f7469c-rjwxq.recommendation,dependency_error_ratio,trace_client_error_ratio,0.0
1776463393.63,recommendation,otel-demo.recommendation-5b46f7469c-rjwxq.recommendation,error_ratio,trace_server_error_ratio,0.0
1776463393.63,recommendation,otel-demo.recommendation-5b46f7469c-rjwxq.recommendation,request_count,trace_server_count,0.0
1776463393.63,recommendation,otel-demo.recommendation-5b46f7469c-t2fm9.recommendation,dependency_error_ratio,trace_client_error_ratio,0.0
1776463393.63,recommendation,otel-demo.recommendation-5b46f7469c-t2fm9.recommendation,error_ratio,trace_server_error_ratio,0.0
1776463393.63,recommendation,otel-demo.recommendation-5b46f7469c-t2fm9.recommendation,request_count,trace_server_count,0.0
1776463393.63,recommendation,recommendation-5b46f7469c-g2rgb,cpu_usage,container_cpu_usage,0.0071753795022172304
1776463393.63,recommendation,recommendation-5b46f7469c-g2rgb,memory_usage,container_memory_working_set_bytes,46891008.0
1776463393.63,recommendation,recommendation-5b46f7469c-rjwxq,cpu_usage,container_cpu_usage,0.02043842705786646
1776463393.63,recommendation,recommendation-5b46f7469c-rjwxq,memory_usage,container_memory_working_set_bytes,47935488.0
1776463393.63,recommendation,recommendation-5b46f7469c-t2fm9,cpu_usage,container_cpu_usage,0.03204481275611375
1776463393.63,recommendation,recommendation-5b46f7469c-t2fm9,memory_usage,container_memory_working_set_bytes,52592640.0
1776463393.63,recommendation,recommendation::service,pod_restart_count,k8s_container_restarts,3.0
1776463393.63,recommendation,recommendation::service,pod_running_count,k8s_container_ready,3.0
1776463403.63,ad,3a8b9295-6ae2-4e8a-b9b0-a607d7fec0a4,dependency_error_ratio,trace_client_error_ratio,0.0
1776463403.63,ad,3a8b9295-6ae2-4e8a-b9b0-a607d7fec0a4,error_ratio,trace_server_error_ratio,0.0
1776463403.63,ad,3a8b9295-6ae2-4e8a-b9b0-a607d7fec0a4,request_count,trace_server_count,0.0
1776463403.63,ad,5680c7ee-584c-4353-b6d2-93bc605a0324,dependency_error_ratio,trace_client_error_ratio,0.0
1776463403.63,ad,5680c7ee-584c-4353-b6d2-93bc605a0324,error_ratio,trace_server_error_ratio,0.0
1776463403.63,ad,5680c7ee-584c-4353-b6d2-93bc605a0324,request_count,trace_server_count,0.0
1776463403.63,ad,9f9a3c1c-bd3f-40ea-8764-b59f1ebd2204,dependency_error_ratio,trace_client_error_ratio,0.0
1776463403.63,ad,ad-7fb5b4f859-52ks9,cpu_usage,container_cpu_usage,0.0028761309178451868
1776463403.63,ad,ad-7fb5b4f859-52ks9,memory_usage,container_memory_working_set_bytes,260415488.0
1776463403.63,ad,ad-7fb5b4f859-rd4zw,cpu_usage,container_cpu_usage,0.0015684255980643338
1776463403.63,ad,ad-7fb5b4f859-rd4zw,memory_usage,container_memory_working_set_bytes,238411776.0
1776463403.63,ad,ad-7fb5b4f859-zsstr,cpu_usage,container_cpu_usage,0.00444324882413732
1776463403.63,ad,ad-7fb5b4f859-zsstr,memory_usage,container_memory_working_set_bytes,261861376.0
1776463403.63,ad,ad::service,pod_restart_count,k8s_container_restarts,3.0
1776463403.63,ad,ad::service,pod_running_count,k8s_container_ready,3.0
1776463403.63,cart,cart-7c7496d7f-th7mc,cpu_usage,container_cpu_usage,0.04615158311611977
1776463403.63,cart,cart-7c7496d7f-th7mc,memory_usage,container_memory_working_set_bytes,62947328.0
1776463403.63,cart,cart::service,pod_restart_count,k8s_container_restarts,1.0
1776463403.63,cart,cart::service,pod_running_count,k8s_container_ready,1.0
1776463403.63,cart,f1f3afac-3031-4c18-925a-048232421d89,dependency_error_ratio,trace_client_error_ratio,0.0
1776463403.63,cart,f1f3afac-3031-4c18-925a-048232421d89,error_ratio,trace_server_error_ratio,0.0
1776463403.63,cart,f1f3afac-3031-4c18-925a-048232421d89,request_count,trace_server_count,0.0
1776463403.63,checkout,4755bdbd-5ad9-49fa-acb7-3a7dcb6a9277,dependency_error_ratio,trace_client_error_ratio,0.0
1776463403.63,checkout,4755bdbd-5ad9-49fa-acb7-3a7dcb6a9277,error_ratio,trace_server_error_ratio,0.0
1776463403.63,checkout,4755bdbd-5ad9-49fa-acb7-3a7dcb6a9277,request_count,trace_server_count,0.0
1776463403.63,checkout,bb49e6b9-109a-41b8-be66-ab2a38272474,dependency_error_ratio,trace_client_error_ratio,0.0
1776463403.63,checkout,bb49e6b9-109a-41b8-be66-ab2a38272474,error_ratio,trace_server_error_ratio,0.0
1776463403.63,checkout,bb49e6b9-109a-41b8-be66-ab2a38272474,request_count,trace_server_count,0.0
1776463403.63,checkout,bc5804df-6f63-4261-8788-8ecfe5481366,dependency_error_ratio,trace_client_error_ratio,0.0
1776463403.63,checkout,bc5804df-6f63-4261-8788-8ecfe5481366,error_ratio,trace_server_error_ratio,0.0
1776463403.63,checkout,bc5804df-6f63-4261-8788-8ecfe5481366,request_count,trace_server_count,0.0
1776463403.63,checkout,checkout-7f4ccfc547-6crwh,cpu_usage,container_cpu_usage,0.09231013876413777
1776463403.63,checkout,checkout-7f4ccfc547-6crwh,memory_usage,container_memory_working_set_bytes,16121856.0
1776463403.63,checkout,checkout-7f4ccfc547-ftx2n,cpu_usage,container_cpu_usage,0.0009084365781710884
1776463403.63,checkout,checkout-7f4ccfc547-ftx2n,memory_usage,container_memory_working_set_bytes,12316672.0
1776463403.63,checkout,checkout-7f4ccfc547-qlfgr,cpu_usage,container_cpu_usage,0.040438569583467886
1776463403.63,checkout,checkout-7f4ccfc547-qlfgr,memory_usage,container_memory_working_set_bytes,14876672.0
1776463403.63,checkout,checkout::service,pod_restart_count,k8s_container_restarts,45.0
1776463403.63,checkout,checkout::service,pod_running_count,k8s_container_ready,3.0
1776463403.63,email,email-5dcf48b665-66zvj,cpu_usage,container_cpu_usage,0.0016947811307076884
1776463403.63,email,email-5dcf48b665-66zvj,memory_usage,container_memory_working_set_bytes,59547648.0
1776463403.63,email,email-5dcf48b665-9xxmx,cpu_usage,container_cpu_usage,0.0059762403316107856
1776463403.63,email,email-5dcf48b665-9xxmx,memory_usage,container_memory_working_set_bytes,56225792.0
1776463403.63,email,email-5dcf48b665-n4zf2,cpu_usage,container_cpu_usage,0.00762057202403225
1776463403.63,email,email-5dcf48b665-n4zf2,memory_usage,container_memory_working_set_bytes,54558720.0
1776463403.63,email,email::service,pod_restart_count,k8s_container_restarts,9.0
1776463403.63,email,email::service,pod_running_count,k8s_container_ready,3.0
1776463403.63,email,otel-demo.email-5dcf48b665-66zvj.email,error_ratio,trace_server_error_ratio,0.0
1776463403.63,email,otel-demo.email-5dcf48b665-66zvj.email,request_count,trace_server_count,0.0
1776463403.63,email,otel-demo.email-5dcf48b665-9xxmx.email,error_ratio,trace_server_error_ratio,0.0
1776463403.63,email,otel-demo.email-5dcf48b665-9xxmx.email,request_count,trace_server_count,0.0
1776463403.63,email,otel-demo.email-5dcf48b665-n4zf2.email,error_ratio,trace_server_error_ratio,0.0
1776463403.63,email,otel-demo.email-5dcf48b665-n4zf2.email,request_count,trace_server_count,0.0
1776463403.63,frontend,frontend-b78bf7696-6bjdg,cpu_usage,container_cpu_usage,1.8420566690527702
1776463403.63,frontend,frontend-b78bf7696-6bjdg,memory_usage,container_memory_working_set_bytes,129146880.0
1776463403.63,frontend,frontend-b78bf7696-77ldd,cpu_usage,container_cpu_usage,1.8371886573038734
1776463403.63,frontend,frontend-b78bf7696-77ldd,memory_usage,container_memory_working_set_bytes,122449920.0
1776463403.63,frontend,frontend-b78bf7696-p9kqx,cpu_usage,container_cpu_usage,1.8945578411966426
1776463403.63,frontend,frontend-b78bf7696-p9kqx,memory_usage,container_memory_working_set_bytes,124289024.0
1776463403.63,frontend,frontend::service,pod_restart_count,k8s_container_restarts,3.0
1776463403.63,frontend,frontend::service,pod_running_count,k8s_container_ready,3.0
1776463403.63,frontend,otel-demo.frontend-b78bf7696-6bjdg.frontend,dependency_error_ratio,trace_client_error_ratio,0.0
1776463403.63,frontend,otel-demo.frontend-b78bf7696-6bjdg.frontend,error_ratio,trace_server_error_ratio,0.0
1776463403.63,frontend,otel-demo.frontend-b78bf7696-6bjdg.frontend,http_5xx_ratio,http_server_5xx_ratio,0.0
1776463403.63,frontend,otel-demo.frontend-b78bf7696-6bjdg.frontend,request_count,trace_server_count,0.0
1776463403.63,frontend,otel-demo.frontend-b78bf7696-77ldd.frontend,dependency_error_ratio,trace_client_error_ratio,0.0
1776463403.63,frontend,otel-demo.frontend-b78bf7696-77ldd.frontend,error_ratio,trace_server_error_ratio,0.0
1776463403.63,frontend,otel-demo.frontend-b78bf7696-77ldd.frontend,http_5xx_ratio,http_server_5xx_ratio,0.0
1776463403.63,frontend,otel-demo.frontend-b78bf7696-77ldd.frontend,request_count,trace_server_count,0.0
1776463403.63,frontend,otel-demo.frontend-b78bf7696-p9kqx.frontend,dependency_error_ratio,trace_client_error_ratio,0.0
1776463403.63,frontend,otel-demo.frontend-b78bf7696-p9kqx.frontend,error_ratio,trace_server_error_ratio,0.0
1776463403.63,frontend,otel-demo.frontend-b78bf7696-p9kqx.frontend,http_5xx_ratio,http_server_5xx_ratio,0.0
1776463403.63,frontend,otel-demo.frontend-b78bf7696-p9kqx.frontend,request_count,trace_server_count,0.0
1776463403.63,kafka,kafka-66df8bdf76-zjcbb,cpu_usage,container_cpu_usage,0.01588703853408746
1776463403.63,kafka,kafka-66df8bdf76-zjcbb,memory_usage,container_memory_working_set_bytes,667459584.0
1776463403.63,kafka,kafka::service,pod_restart_count,k8s_container_restarts,9.0
1776463403.63,kafka,kafka::service,pod_running_count,k8s_container_ready,1.0
1776463403.63,kafka,kafka::service,queue_lag,queue_size_ratio,0.0
1776463403.63,payment,otel-demo.payment-f9f8d647b-74h8z.payment,dependency_error_ratio,trace_client_error_ratio,0.0
1776463403.63,payment,otel-demo.payment-f9f8d647b-74h8z.payment,error_ratio,trace_server_error_ratio,0.0
1776463403.63,payment,otel-demo.payment-f9f8d647b-74h8z.payment,request_count,trace_server_count,0.0
1776463403.63,payment,otel-demo.payment-f9f8d647b-75hmx.payment,dependency_error_ratio,trace_client_error_ratio,0.0
1776463403.63,payment,otel-demo.payment-f9f8d647b-75hmx.payment,error_ratio,trace_server_error_ratio,0.0
1776463403.63,payment,otel-demo.payment-f9f8d647b-75hmx.payment,request_count,trace_server_count,0.0
1776463403.63,payment,otel-demo.payment-f9f8d647b-tv6l5.payment,dependency_error_ratio,trace_client_error_ratio,0.0
1776463403.63,payment,otel-demo.payment-f9f8d647b-tv6l5.payment,error_ratio,trace_server_error_ratio,0.0
1776463403.63,payment,otel-demo.payment-f9f8d647b-tv6l5.payment,request_count,trace_server_count,0.0
1776463403.63,payment,payment-f9f8d647b-74h8z,cpu_usage,container_cpu_usage,0.011551286866231874
1776463403.63,payment,payment-f9f8d647b-74h8z,memory_usage,container_memory_working_set_bytes,109780992.0
1776463403.63,payment,payment-f9f8d647b-75hmx,cpu_usage,container_cpu_usage,0.012074360687418954
1776463403.63,payment,payment-f9f8d647b-75hmx,memory_usage,container_memory_working_set_bytes,109613056.0
1776463403.63,payment,payment-f9f8d647b-tv6l5,cpu_usage,container_cpu_usage,0.010122507549100384
1776463403.63,payment,payment-f9f8d647b-tv6l5,memory_usage,container_memory_working_set_bytes,101232640.0
1776463403.63,payment,payment::service,pod_restart_count,k8s_container_restarts,39.0
1776463403.63,payment,payment::service,pod_running_count,k8s_container_ready,3.0
1776463403.63,product-catalog,otel-demo.product-catalog-784544475c-7crs7.product-catalog,dependency_error_ratio,trace_client_error_ratio,0.0
1776463403.63,product-catalog,otel-demo.product-catalog-784544475c-7crs7.product-catalog,error_ratio,trace_server_error_ratio,0.0
1776463403.63,product-catalog,otel-demo.product-catalog-784544475c-7crs7.product-catalog,request_count,trace_server_count,0.0
1776463403.63,product-catalog,otel-demo.product-catalog-784544475c-8skc7.product-catalog,dependency_error_ratio,trace_client_error_ratio,0.0
1776463403.63,product-catalog,otel-demo.product-catalog-784544475c-8skc7.product-catalog,error_ratio,trace_server_error_ratio,0.0
1776463403.63,product-catalog,otel-demo.product-catalog-784544475c-8skc7.product-catalog,request_count,trace_server_count,0.0
1776463403.63,product-catalog,otel-demo.product-catalog-784544475c-stwzc.product-catalog,dependency_error_ratio,trace_client_error_ratio,0.0
1776463403.63,product-catalog,otel-demo.product-catalog-784544475c-stwzc.product-catalog,error_ratio,trace_server_error_ratio,0.0
1776463403.63,product-catalog,otel-demo.product-catalog-784544475c-stwzc.product-catalog,request_count,trace_server_count,0.0
1776463403.63,product-catalog,product-catalog-784544475c-7crs7,cpu_usage,container_cpu_usage,0.08064262044353825
1776463403.63,product-catalog,product-catalog-784544475c-7crs7,memory_usage,container_memory_working_set_bytes,13656064.0
1776463403.63,product-catalog,product-catalog-784544475c-8skc7,cpu_usage,container_cpu_usage,0.00043058671752299767
1776463403.63,product-catalog,product-catalog-784544475c-8skc7,memory_usage,container_memory_working_set_bytes,43728896.0
1776463403.63,product-catalog,product-catalog-784544475c-stwzc,cpu_usage,container_cpu_usage,0.02229981462409887
1776463403.63,product-catalog,product-catalog-784544475c-stwzc,memory_usage,container_memory_working_set_bytes,16400384.0
1776463403.63,product-catalog,product-catalog::service,pod_restart_count,k8s_container_restarts,39.0
1776463403.63,product-catalog,product-catalog::service,pod_running_count,k8s_container_ready,3.0
1776463403.63,recommendation,otel-demo.recommendation-5b46f7469c-g2rgb.recommendation,dependency_error_ratio,trace_client_error_ratio,0.0
1776463403.63,recommendation,otel-demo.recommendation-5b46f7469c-rjwxq.recommendation,dependency_error_ratio,trace_client_error_ratio,0.0
1776463403.63,recommendation,otel-demo.recommendation-5b46f7469c-rjwxq.recommendation,error_ratio,trace_server_error_ratio,0.0
1776463403.63,recommendation,otel-demo.recommendation-5b46f7469c-rjwxq.recommendation,request_count,trace_server_count,0.0
1776463403.63,recommendation,otel-demo.recommendation-5b46f7469c-t2fm9.recommendation,dependency_error_ratio,trace_client_error_ratio,0.0
1776463403.63,recommendation,otel-demo.recommendation-5b46f7469c-t2fm9.recommendation,error_ratio,trace_server_error_ratio,0.0
1776463403.63,recommendation,otel-demo.recommendation-5b46f7469c-t2fm9.recommendation,request_count,trace_server_count,0.0
1776463403.63,recommendation,recommendation-5b46f7469c-g2rgb,cpu_usage,container_cpu_usage,0.008154439533949722
1776463403.63,recommendation,recommendation-5b46f7469c-g2rgb,memory_usage,container_memory_working_set_bytes,46891008.0
1776463403.63,recommendation,recommendation-5b46f7469c-rjwxq,cpu_usage,container_cpu_usage,0.020802773955042167
1776463403.63,recommendation,recommendation-5b46f7469c-rjwxq,memory_usage,container_memory_working_set_bytes,47935488.0
1776463403.63,recommendation,recommendation-5b46f7469c-t2fm9,cpu_usage,container_cpu_usage,0.02799996784358954
1776463403.63,recommendation,recommendation-5b46f7469c-t2fm9,memory_usage,container_memory_working_set_bytes,52592640.0
1776463403.63,recommendation,recommendation::service,pod_restart_count,k8s_container_restarts,3.0
1776463403.63,recommendation,recommendation::service,pod_running_count,k8s_container_ready,3.0
1776463413.63,ad,3a8b9295-6ae2-4e8a-b9b0-a607d7fec0a4,dependency_error_ratio,trace_client_error_ratio,0.0
1776463413.63,ad,3a8b9295-6ae2-4e8a-b9b0-a607d7fec0a4,error_ratio,trace_server_error_ratio,0.0
1776463413.63,ad,3a8b9295-6ae2-4e8a-b9b0-a607d7fec0a4,latency_p95,trace_server_latency_p95,23.99999999999996
1776463413.63,ad,3a8b9295-6ae2-4e8a-b9b0-a607d7fec0a4,request_count,trace_server_count,7.8
1776463413.63,ad,5680c7ee-584c-4353-b6d2-93bc605a0324,dependency_error_ratio,trace_client_error_ratio,0.0
1776463413.63,ad,5680c7ee-584c-4353-b6d2-93bc605a0324,error_ratio,trace_server_error_ratio,0.0
1776463413.63,ad,5680c7ee-584c-4353-b6d2-93bc605a0324,latency_p95,trace_server_latency_p95,32.28571428571426
1776463413.63,ad,5680c7ee-584c-4353-b6d2-93bc605a0324,request_count,trace_server_count,18.6
1776463413.63,ad,9f9a3c1c-bd3f-40ea-8764-b59f1ebd2204,dependency_error_ratio,trace_client_error_ratio,0.0
1776463413.63,ad,ad-7fb5b4f859-52ks9,cpu_usage,container_cpu_usage,0.0028761309178451868
1776463413.63,ad,ad-7fb5b4f859-52ks9,memory_usage,container_memory_working_set_bytes,260415488.0
1776463413.63,ad,ad-7fb5b4f859-rd4zw,cpu_usage,container_cpu_usage,0.0014024434763541661
1776463413.63,ad,ad-7fb5b4f859-rd4zw,memory_usage,container_memory_working_set_bytes,238411776.0
1776463413.63,ad,ad-7fb5b4f859-zsstr,cpu_usage,container_cpu_usage,0.004054882089260228
1776463413.63,ad,ad-7fb5b4f859-zsstr,memory_usage,container_memory_working_set_bytes,261894144.0
1776463413.63,ad,ad::service,pod_restart_count,k8s_container_restarts,3.0
1776463413.63,ad,ad::service,pod_running_count,k8s_container_ready,3.0
1776463413.63,cart,cart-7c7496d7f-th7mc,cpu_usage,container_cpu_usage,0.04548514400637471
1776463413.63,cart,cart-7c7496d7f-th7mc,memory_usage,container_memory_working_set_bytes,62824448.0
1776463413.63,cart,cart::service,pod_restart_count,k8s_container_restarts,1.0
1776463413.63,cart,cart::service,pod_running_count,k8s_container_ready,1.0
1776463413.63,cart,f1f3afac-3031-4c18-925a-048232421d89,dependency_error_ratio,trace_client_error_ratio,0.0
1776463413.63,cart,f1f3afac-3031-4c18-925a-048232421d89,error_ratio,trace_server_error_ratio,0.0
1776463413.63,cart,f1f3afac-3031-4c18-925a-048232421d89,latency_p95,trace_server_latency_p95,32.025316455696206
1776463413.63,cart,f1f3afac-3031-4c18-925a-048232421d89,request_count,trace_server_count,146.0
1776463413.63,checkout,4755bdbd-5ad9-49fa-acb7-3a7dcb6a9277,dependency_error_ratio,trace_client_error_ratio,0.0
1776463413.63,checkout,4755bdbd-5ad9-49fa-acb7-3a7dcb6a9277,error_ratio,trace_server_error_ratio,0.0
1776463413.63,checkout,4755bdbd-5ad9-49fa-acb7-3a7dcb6a9277,latency_p95,trace_server_latency_p95,194.7560975609756
1776463413.63,checkout,4755bdbd-5ad9-49fa-acb7-3a7dcb6a9277,request_count,trace_server_count,10.3
1776463413.63,checkout,bb49e6b9-109a-41b8-be66-ab2a38272474,dependency_error_ratio,trace_client_error_ratio,0.0
1776463413.63,checkout,bb49e6b9-109a-41b8-be66-ab2a38272474,error_ratio,trace_server_error_ratio,0.0
1776463413.63,checkout,bb49e6b9-109a-41b8-be66-ab2a38272474,request_count,trace_server_count,0.0
1776463413.63,checkout,bc5804df-6f63-4261-8788-8ecfe5481366,dependency_error_ratio,trace_client_error_ratio,0.0
1776463413.63,checkout,bc5804df-6f63-4261-8788-8ecfe5481366,error_ratio,trace_server_error_ratio,0.0
1776463413.63,checkout,bc5804df-6f63-4261-8788-8ecfe5481366,latency_p95,trace_server_latency_p95,185.3125
1776463413.63,checkout,bc5804df-6f63-4261-8788-8ecfe5481366,request_count,trace_server_count,4.7
1776463413.63,checkout,checkout-7f4ccfc547-6crwh,cpu_usage,container_cpu_usage,0.09061631909293426
1776463413.63,checkout,checkout-7f4ccfc547-6crwh,memory_usage,container_memory_working_set_bytes,15015936.0
1776463413.63,checkout,checkout-7f4ccfc547-ftx2n,cpu_usage,container_cpu_usage,0.0007185870480463768
1776463413.63,checkout,checkout-7f4ccfc547-ftx2n,memory_usage,container_memory_working_set_bytes,12316672.0
1776463413.63,checkout,checkout-7f4ccfc547-qlfgr,cpu_usage,container_cpu_usage,0.04541614086573812
1776463413.63,checkout,checkout-7f4ccfc547-qlfgr,memory_usage,container_memory_working_set_bytes,14860288.0
1776463413.63,checkout,checkout::service,pod_restart_count,k8s_container_restarts,45.0
1776463413.63,checkout,checkout::service,pod_running_count,k8s_container_ready,3.0
1776463413.63,email,email-5dcf48b665-66zvj,cpu_usage,container_cpu_usage,0.004617615865945384
1776463413.63,email,email-5dcf48b665-66zvj,memory_usage,container_memory_working_set_bytes,59686912.0
1776463413.63,email,email-5dcf48b665-9xxmx,cpu_usage,container_cpu_usage,0.005976240331610786
1776463413.63,email,email-5dcf48b665-9xxmx,memory_usage,container_memory_working_set_bytes,56225792.0
1776463413.63,email,email-5dcf48b665-n4zf2,cpu_usage,container_cpu_usage,0.0062142579841029276
1776463413.63,email,email-5dcf48b665-n4zf2,memory_usage,container_memory_working_set_bytes,54505472.0
1776463413.63,email,email::service,pod_restart_count,k8s_container_restarts,9.0
1776463413.63,email,email::service,pod_running_count,k8s_container_ready,3.0
1776463413.63,email,otel-demo.email-5dcf48b665-66zvj.email,error_ratio,trace_server_error_ratio,0.0
1776463413.63,email,otel-demo.email-5dcf48b665-66zvj.email,latency_p95,trace_server_latency_p95,42.5
1776463413.63,email,otel-demo.email-5dcf48b665-66zvj.email,request_count,trace_server_count,3.0
1776463413.63,email,otel-demo.email-5dcf48b665-9xxmx.email,error_ratio,trace_server_error_ratio,0.0
1776463413.63,email,otel-demo.email-5dcf48b665-9xxmx.email,latency_p95,trace_server_latency_p95,40.599999999999994
1776463413.63,email,otel-demo.email-5dcf48b665-9xxmx.email,request_count,trace_server_count,4.7
1776463413.63,email,otel-demo.email-5dcf48b665-n4zf2.email,error_ratio,trace_server_error_ratio,0.0
1776463413.63,email,otel-demo.email-5dcf48b665-n4zf2.email,latency_p95,trace_server_latency_p95,42.52631578947369
1776463413.63,email,otel-demo.email-5dcf48b665-n4zf2.email,request_count,trace_server_count,7.1
1776463413.63,frontend,frontend-b78bf7696-6bjdg,cpu_usage,container_cpu_usage,1.7746085998832746
1776463413.63,frontend,frontend-b78bf7696-6bjdg,memory_usage,container_memory_working_set_bytes,130703360.0
1776463413.63,frontend,frontend-b78bf7696-77ldd,cpu_usage,container_cpu_usage,1.8745652277890221
1776463413.63,frontend,frontend-b78bf7696-77ldd,memory_usage,container_memory_working_set_bytes,122449920.0
1776463413.63,frontend,frontend-b78bf7696-p9kqx,cpu_usage,container_cpu_usage,1.8904766473614747
1776463413.63,frontend,frontend-b78bf7696-p9kqx,memory_usage,container_memory_working_set_bytes,125792256.0
1776463413.63,frontend,frontend::service,pod_restart_count,k8s_container_restarts,3.0
1776463413.63,frontend,frontend::service,pod_running_count,k8s_container_ready,3.0
1776463413.63,frontend,otel-demo.frontend-b78bf7696-6bjdg.frontend,dependency_error_ratio,trace_client_error_ratio,0.0021398002853067048
1776463413.63,frontend,otel-demo.frontend-b78bf7696-6bjdg.frontend,error_ratio,trace_server_error_ratio,0.001592356687898089
1776463413.63,frontend,otel-demo.frontend-b78bf7696-6bjdg.frontend,http_5xx_ratio,http_server_5xx_ratio,0.0
1776463413.63,frontend,otel-demo.frontend-b78bf7696-6bjdg.frontend,latency_p95,trace_server_latency_p95,190.96153846153823
1776463413.63,frontend,otel-demo.frontend-b78bf7696-6bjdg.frontend,request_count,trace_server_count,188.4
1776463413.63,frontend,otel-demo.frontend-b78bf7696-77ldd.frontend,dependency_error_ratio,trace_client_error_ratio,0.0
1776463413.63,frontend,otel-demo.frontend-b78bf7696-77ldd.frontend,error_ratio,trace_server_error_ratio,0.0
1776463413.63,frontend,otel-demo.frontend-b78bf7696-77ldd.frontend,http_5xx_ratio,http_server_5xx_ratio,0.0
1776463413.63,frontend,otel-demo.frontend-b78bf7696-77ldd.frontend,latency_p95,trace_server_latency_p95,174.49999999999994
1776463413.63,frontend,otel-demo.frontend-b78bf7696-77ldd.frontend,request_count,trace_server_count,207.9
1776463413.63,frontend,otel-demo.frontend-b78bf7696-p9kqx.frontend,dependency_error_ratio,trace_client_error_ratio,0.0007698229407236336
1776463413.63,frontend,otel-demo.frontend-b78bf7696-p9kqx.frontend,error_ratio,trace_server_error_ratio,0.0005431830526887562
1776463413.63,frontend,otel-demo.frontend-b78bf7696-p9kqx.frontend,http_5xx_ratio,http_server_5xx_ratio,0.0
1776463413.63,frontend,otel-demo.frontend-b78bf7696-p9kqx.frontend,latency_p95,trace_server_latency_p95,190.27777777777777
1776463413.63,frontend,otel-demo.frontend-b78bf7696-p9kqx.frontend,request_count,trace_server_count,184.1
1776463413.63,kafka,kafka-66df8bdf76-zjcbb,cpu_usage,container_cpu_usage,0.0128336530885308
1776463413.63,kafka,kafka-66df8bdf76-zjcbb,memory_usage,container_memory_working_set_bytes,667500544.0
1776463413.63,kafka,kafka::service,pod_restart_count,k8s_container_restarts,9.0
1776463413.63,kafka,kafka::service,pod_running_count,k8s_container_ready,1.0
1776463413.63,kafka,kafka::service,queue_lag,queue_size_ratio,0.0
1776463413.63,payment,otel-demo.payment-f9f8d647b-74h8z.payment,dependency_error_ratio,trace_client_error_ratio,0.0
1776463413.63,payment,otel-demo.payment-f9f8d647b-74h8z.payment,error_ratio,trace_server_error_ratio,0.0
1776463413.63,payment,otel-demo.payment-f9f8d647b-74h8z.payment,request_count,trace_server_count,0.0
1776463413.63,payment,otel-demo.payment-f9f8d647b-75hmx.payment,dependency_error_ratio,trace_client_error_ratio,0.0
1776463413.63,payment,otel-demo.payment-f9f8d647b-75hmx.payment,error_ratio,trace_server_error_ratio,0.0
1776463413.63,payment,otel-demo.payment-f9f8d647b-75hmx.payment,request_count,trace_server_count,0.0
1776463413.63,payment,otel-demo.payment-f9f8d647b-tv6l5.payment,dependency_error_ratio,trace_client_error_ratio,0.0
1776463413.63,payment,otel-demo.payment-f9f8d647b-tv6l5.payment,error_ratio,trace_server_error_ratio,0.0
1776463413.63,payment,otel-demo.payment-f9f8d647b-tv6l5.payment,request_count,trace_server_count,0.0
1776463413.63,payment,payment-f9f8d647b-74h8z,cpu_usage,container_cpu_usage,0.011717721634857674
1776463413.63,payment,payment-f9f8d647b-74h8z,memory_usage,container_memory_working_set_bytes,109780992.0
1776463413.63,payment,payment-f9f8d647b-75hmx,cpu_usage,container_cpu_usage,0.01411917625871096
1776463413.63,payment,payment-f9f8d647b-75hmx,memory_usage,container_memory_working_set_bytes,109613056.0
1776463413.63,payment,payment-f9f8d647b-tv6l5,cpu_usage,container_cpu_usage,0.00974146437031363
1776463413.63,payment,payment-f9f8d647b-tv6l5,memory_usage,container_memory_working_set_bytes,101232640.0
1776463413.63,payment,payment::service,pod_restart_count,k8s_container_restarts,39.0
1776463413.63,payment,payment::service,pod_running_count,k8s_container_ready,3.0
1776463413.63,product-catalog,otel-demo.product-catalog-784544475c-7crs7.product-catalog,dependency_error_ratio,trace_client_error_ratio,0.0
1776463413.63,product-catalog,otel-demo.product-catalog-784544475c-7crs7.product-catalog,error_ratio,trace_server_error_ratio,0.0
1776463413.63,product-catalog,otel-demo.product-catalog-784544475c-7crs7.product-catalog,request_count,trace_server_count,0.0
1776463413.63,product-catalog,otel-demo.product-catalog-784544475c-8skc7.product-catalog,dependency_error_ratio,trace_client_error_ratio,0.0
1776463413.63,product-catalog,otel-demo.product-catalog-784544475c-8skc7.product-catalog,error_ratio,trace_server_error_ratio,0.0
1776463413.63,product-catalog,otel-demo.product-catalog-784544475c-8skc7.product-catalog,request_count,trace_server_count,0.0
1776463413.63,product-catalog,otel-demo.product-catalog-784544475c-stwzc.product-catalog,dependency_error_ratio,trace_client_error_ratio,0.0
1776463413.63,product-catalog,otel-demo.product-catalog-784544475c-stwzc.product-catalog,error_ratio,trace_server_error_ratio,0.0
1776463413.63,product-catalog,otel-demo.product-catalog-784544475c-stwzc.product-catalog,request_count,trace_server_count,0.0
1776463413.63,product-catalog,product-catalog-784544475c-7crs7,cpu_usage,container_cpu_usage,0.08300903019866443
1776463413.63,product-catalog,product-catalog-784544475c-7crs7,memory_usage,container_memory_working_set_bytes,14000128.0
1776463413.63,product-catalog,product-catalog-784544475c-8skc7,cpu_usage,container_cpu_usage,0.00041957377808663464
1776463413.63,product-catalog,product-catalog-784544475c-8skc7,memory_usage,container_memory_working_set_bytes,43749376.0
1776463413.63,product-catalog,product-catalog-784544475c-stwzc,cpu_usage,container_cpu_usage,0.016763260212559337
1776463413.63,product-catalog,product-catalog-784544475c-stwzc,memory_usage,container_memory_working_set_bytes,16400384.0
1776463413.63,product-catalog,product-catalog::service,pod_restart_count,k8s_container_restarts,39.0
1776463413.63,product-catalog,product-catalog::service,pod_running_count,k8s_container_ready,3.0
1776463413.63,recommendation,otel-demo.recommendation-5b46f7469c-g2rgb.recommendation,dependency_error_ratio,trace_client_error_ratio,0.0
1776463413.63,recommendation,otel-demo.recommendation-5b46f7469c-rjwxq.recommendation,dependency_error_ratio,trace_client_error_ratio,0.0
1776463413.63,recommendation,otel-demo.recommendation-5b46f7469c-rjwxq.recommendation,error_ratio,trace_server_error_ratio,0.0
1776463413.63,recommendation,otel-demo.recommendation-5b46f7469c-rjwxq.recommendation,latency_p95,trace_server_latency_p95,9.899999999999997
1776463413.63,recommendation,otel-demo.recommendation-5b46f7469c-rjwxq.recommendation,request_count,trace_server_count,6.3
1776463413.63,recommendation,otel-demo.recommendation-5b46f7469c-t2fm9.recommendation,dependency_error_ratio,trace_client_error_ratio,0.0
1776463413.63,recommendation,otel-demo.recommendation-5b46f7469c-t2fm9.recommendation,error_ratio,trace_server_error_ratio,0.0
1776463413.63,recommendation,otel-demo.recommendation-5b46f7469c-t2fm9.recommendation,latency_p95,trace_server_latency_p95,41.29032258064516
1776463413.63,recommendation,otel-demo.recommendation-5b46f7469c-t2fm9.recommendation,request_count,trace_server_count,15.5
1776463413.63,recommendation,recommendation-5b46f7469c-g2rgb,cpu_usage,container_cpu_usage,0.008368697253337465
1776463413.63,recommendation,recommendation-5b46f7469c-g2rgb,memory_usage,container_memory_working_set_bytes,46891008.0
1776463413.63,recommendation,recommendation-5b46f7469c-rjwxq,cpu_usage,container_cpu_usage,0.016730401740233297
1776463413.63,recommendation,recommendation-5b46f7469c-rjwxq,memory_usage,container_memory_working_set_bytes,47869952.0
1776463413.63,recommendation,recommendation-5b46f7469c-t2fm9,cpu_usage,container_cpu_usage,0.030022833865878
1776463413.63,recommendation,recommendation-5b46f7469c-t2fm9,memory_usage,container_memory_working_set_bytes,52621312.0
1776463413.63,recommendation,recommendation::service,pod_restart_count,k8s_container_restarts,3.0
1776463413.63,recommendation,recommendation::service,pod_running_count,k8s_container_ready,3.0
